0.1405592402047091 0.04996751906871033 -1.7844652394487341 168904000428373
-0.8560706742424828 0.6624227457237186 -0.7798549064027374 168904020570079
-0.9869073206439862 1.262347864547725 1.4190482037840604 168904040711890
1.095508323172311 1.2312161822631795 1.6588591684959981 168904060853230
0.946682537444099 1.1817014614355443 -1.7096598445132116E-4 168904080994937
0.3341282565177792 1.242773278523435 -0.4294580618500612 168904101136485
-0.25821009009827667 1.4886033884437477 0.13297163645745114 168904121277931
-0.25352852129737125 1.999915913879999 1.0273856099472107 168904141419792
-0.8881133443816471 2.4641661295415 1.7275237223327684 168904161561551
-1.8031542497240678 2.7616893489456995 1.751049739584965 168904181701589
-1.4381288685292541 2.688440834625311 1.4124852994804717 168904201843347
-0.5498195010734035 2.243001202856499 1.6515580638031278 168904221986095
-0.017492319608722884 2.073441489628948 0.6928651033862518 168904242146290
-0.46047823068697813 1.9899787776406583 -1.0382982493222488 168904262269246
-1.6112048501745826 1.3406036275812774 -1.4671620369577991 168904282410795
-2.548912610608416 0.21194823409627084 -0.6932852936287395 168904302552345
-1.2509220806742327 -1.106820807254234 0.017503112753258776 168904322694206
0.6625802065543636 -1.9674878958033872 -0.37061665042239333 168904342835652
1.4950055714934911 -2.1379673674239594 -1.9871793554941646 168904362977255
1.3829673478197928 -2.0531595384704175 -2.8377659453328317 168904383118855
0.9420062024745843 -2.066148236245084 -2.1955911742350156 168904403260353
0.4643471494796678 -2.2447398780585672 -0.5231965722005125 168904423402319
0.5149103367712344 -2.355691804790604 0.9052708672395902 168904443543661
0.7011250467607377 -2.0987624282074826 0.9389139594166722 168904463685469
0.7309073616273403 -1.676800469909736 -0.48104656684166236 168904483826759
0.7630706158643723 -1.3791234813965394 -0.6160872534733299 168904503968464
0.2736278794102478 -1.3985258358984813 -0.06861443168491399 168904524110378
-0.06185941522180172 -1.2620213523125354 0.7252109937145688 168904544251616
0.007531510791308538 -0.7990824138812789 0.229167818409155 168904564392071
0.7542673961330468 -0.3612019662612731 -0.42651681949142617 168904584534663
0.3455037606564373 -0.27685219800901884 -0.9074732212181409 168904604675586
0.34838787180639974 -0.22149396543846578 -0.4296162722870127 168904624954845
