0.5470458824753974 -0.22390499350365722 -1.8484709994247273 168900596496667
0.2514672723865681 0.22690627863457458 -1.6128222096960318 168900616638269
-0.01641651412199563 0.3856265854076595 0.9828257283369246 168900636779766
-0.09857022301634655 0.9176565417636269 1.6130550162632897 168900656921317
-0.15699338544432706 1.7330510146609015 -0.2969949518331183 168900677063022
-0.21780662241796178 2.270229874228721 -0.8376936177164946 168900697205301
-0.13331512215311947 2.336435364226727 1.2248402230143043 168900717346798
-1.0762565899099958 2.4628738773188825 3.1886002057551934 168900737488139
-1.7947332992717469 2.8508533010738564 2.2244153208541544 168900757629845
-1.0800249206673977 3.0301211174215847 -0.35551413003542676 168900777771498
-0.1673646630964183 2.635266327531017 -1.2167111087158418 168900797912892
0.4452830742103653 1.9235450932748144 -0.7811447658789237 168900818054962
0.3099862249932923 1.2100030668073511 -0.10256473848438885 168900838196146
-0.6176482270366161 0.32808546125838056 0.2583046545249892 168900858338217
-1.4073387964730433 -0.6810863184932963 0.09276432908874144 168900878479559
-0.6221967207721848 -1.5154134883883863 -0.44735836094775694 168900898621056
1.1909999476010023 -1.8973405563357097 -1.2138803411019556 168900918763595
1.6404830635495515 -1.7839002770998178 -2.2691267338190646 168900938904936
0.3423058844333915 -1.599935163086105 -2.134649531586502 168900959046902
-0.8825517768282869 -1.7170208843751347 -0.25035878542545165 168900979188399
-0.5407948394313795 -1.8856284262501077 0.8169126786908887 168900999330158
0.5902523120486465 -1.9463933660000858 0.0011619788902108574 168901019471707
1.1293551699514173 -1.8867899857688197 -1.2685406317315813 168901039613361
1.3429616750236337 -1.8179280823650563 -1.427637681166515 168901059755013
1.115397172050157 -1.8233976416732949 -0.6676106332144621 168901079895001
0.8925740852963757 -1.7307518047448855 0.0757137395221803 168901100036655
0.8035368072996005 -1.3880560336396588 0.16534394083649423 168901120178152
0.6020823755271805 -0.877827639411727 -0.17559838248705462 168901140321161
0.2273324043279944 -0.24009170137313163 -0.18283710442714374 168901160462501
