.0123686471273188 -0.13166100052693608 -1.0868041435469036 168921986878055
-0.2668751018293951 -0.9648624918277999 0.6884180132874773 168922007020697
-0.9796988119322663 -1.6937161653372392 1.0215596059424819 168922027161987
-1.1392522136083132 -2.102665803363541 -0.6188485066522644 168922047303900
-0.051379798230400286 -2.4858802012845835 -2.0984601529780615 168922067445190
0.7373263371969299 -2.843867735246418 -1.8456992747261993 168922087585751
0.9123342142887938 -2.906832469447135 -1.2317352010309595 168922107727352
0.9533414925247852 -2.6436544521202077 -0.8003906022310177 168922127869995
0.5851219244885781 -2.244818581227417 -1.1967700013160643 168922148011909
0.5915228325596125 -1.7850882634194338 -1.6244570166778516 168922168153719
0.7112309613601899 -1.469476860735547 -1.6549489141235314 168922188294747
0.732253812056902 -1.227424750307188 -0.5344449711425752 168922208436713
0.11252424105177161 -0.8638978080582502 1.03350359339844 168922228578263
-0.5131666423148327 -0.21943855894660036 1.172115374718752 168922248721323
-0.4214219857268662 0.5834945629989692 -0.15918270022499836 168922268861467
-0.30718153389399294 1.1695544394616757 -0.7336449883049988 168922289002964
0.3416937377285557 1.4678457000068406 0.16474416560600091 168922309143316
1.0128081151828447 1.7685026342242223 1.0714315629535507 168922329284864
-0.1894971601974743 2.074067244098128 0.9902385120815906 168922349426779
-1.0382676500329795 2.344873912466003 1.3724276260715227 168922369568171
-0.6350574794013837 2.399861532316553 2.3209645617947183 168922389709669
0.07319180944764314 2.3784219406969918 1.1007779970920248 168922409852677
0.08943723662061465 2.492190677557595 0.002302085173619961 168922429994227
-0.09362355054725824 2.2420923857960755 0.732127312670146 168922450135620
-1.3167323365315569 1.5938081859806097 1.5147912056048667 168922470277325
-1.1241866504752456 0.8477516269094885 1.4393842340151437 168922490419031
0.21741093352605367 0.024771125746340772 1.152532777837115 168922510560528

