-0.9801254359817388 -0.1481436123434321 0.2689969642197698 168924101745855
-1.803192145660391 -1.0123625461247467 0.995702942469566 168924121887507
-1.145092779028313 -1.8232811501810477 0.5702928227256527 168924142029474
0.08126464396484945 -2.257880291238587 -0.9774693551007281 168924162170710
0.4504975550156296 -2.4404106783033708 -1.7901664020493326 168924182312208
0.24314950885625364 -2.605941823892696 -1.5913860513269658 168924202455268
0.19303034927250273 -2.6980957442704074 -0.9038583527803228 168924222596713
0.5465995723867523 -2.5871020836975767 -0.5535066040992582 168924242737065
0.910399775096902 -2.1827553974268117 -0.7872754981231564 168924262878614
0.8396113239837715 -1.613989962472699 -1.1808946172485253 168924283020372
0.25848105137451727 -1.2182427512281588 -1.0572156937988204 168924303162130
-0.4498679909316361 -0.9568329705137772 -0.05962753550780642 168924323303783
-0.049396345870309055 -0.6953491889110222 0.6364898661250049 168924343445385
0.8749482553350028 -0.28315923394131826 0.3997802718062542 168924363587039
0.7811475691117522 0.2313095269094454 -0.11582031380499669 168924383728954
0.21766707872690183 0.6194470355900563 -0.18776123151274748 168924403870138
-0.15698205967472845 0.7916635855032945 -0.23607324302269794 168924424011791
-0.3198117219585327 1.108184384027635 -0.38133906316815835 168924444153966
-0.44054176037932624 1.702831686909608 -0.019499961472026595 168924464295099
-0.1160076270534609 2.285629607340187 0.6265509097286288 168924484436283
0.6749063007009812 2.604797631184649 0.9919755910641532 168924504577834
0.043782462435784986 2.7255373236977185 0.7517958048825726 168924524719540
-1.219978912863872 2.652109546458176 0.48418810874980833 168924544861036
-0.5795597904473477 2.305855117635291 0.9431366198123468 168924565007326
0.7172847848296218 1.7330996214519843 1.2456958192873775 168924585145542
-0.13785430104255258 1.0788014745053385 1.4059926905861522 168924605285894
-1.3087331478652922 0.49382731241677114 0.9051164180939217 168924625427494
-1.852259955792234 0.05194661555841584 0.6146937204126375 168924645569305

