2.089779707063399 -0.03279359727102893 0.9132392583916928 168917777283744
2.538669468775719 -0.3791767723480728 -1.2942743159428955 168917797425816
2.1368071570518254 -0.4496915155347079 -2.6269233590043166 168917817566948
1.7066991436102106 -0.5943235249277663 -1.3882452301722032 168917837708497
0.050686463325668465 -0.6691844058797134 0.0890864330497374 168917857850202
-2.0809229973082153 -0.7942830715787697 0.015531841752290054 168917877991753
-2.5575240423778225 -1.098231633044266 -0.36185431175441796 168917898133354
-1.4339342729647582 -1.5839441931541636 -0.5242002462785345 168917918274903
-0.03450093399680654 -1.9971846513983298 -0.6492308024915776 168917938416402
0.7006463231150548 -2.159954752368664 -1.099975462305762 168917958558106
0.6067206717732938 -2.112717219863681 -1.8399779284383597 168917978699761
0.21156061944988513 -2.005542428234694 -1.743771893531938 168917998841309
0.04821578071615806 -1.8939481027440053 -0.43403118670055035 168918018983016
0.4698714526979264 -1.5243747907889542 1.3063150897020597 168918039124512
0.6758971621583412 -0.9613089146624141 1.6994099819178978 168918059266375
-0.10779301246082706 -0.10851246376118162 -0.5238704519656817 168918079407768
-0.9075112654374116 0.37632479461605506 -1.2171554436037955 168918099549474
0.08330495249382075 0.48062526538034334 0.9295715435544637 168918119691023
1.4152523604325566 1.0067170091792743 2.804094246562321 168918139832624
0.6566159508460454 1.9193750721871687 0.7591323308436069 168918159974226
-0.6900148565106636 2.3669331632184853 -1.5218933540751145 168918180115723
-0.835703291458531 1.9071573704185383 -0.8334448590413418 168918200257378
0.5320110973019252 1.3682063650848306 1.0605756557356767 168918220398876
1.4916367098727903 1.5755343303491145 1.1652207784947914 168918240540581
0.43046757102323224 1.743789280685542 -0.13526722486041698 168918260682234
-0.8233871736501642 1.6438473425171836 -0.5340438580133335 168918280823731
-1.3795715553263814 0.9073386162012476 1.1200061245268333 168918300965542
0.776152326051395 0.5187541937422484 3.677022966027717 168918321106987
1.0643056499036159 0.8720956401500484 2.1534958142284237 168918341248433
-1.1634846792958573 1.245003172276288 -0.1643981728360111 168918361390242
-2.686354149686686 0.7804751940710304 0.35067140313744094 168918381531792
-1.5794788275618488 -0.0754367392744264 1.5911938607912028 168918401673498
