0.472887526256196 -0.2764035288325122 -0.4440006689803804 168919469178275
-1.182777794442457 -0.9471848347847605 -0.5313724101843045 168919489319982
-1.3136660832102156 -1.747872379546557 0.11124240388380624 168919509461480
-0.7106496634431725 -2.373065970043495 -0.2898024636117049 168919529603029
-0.2715470745045381 -2.821987932284797 -1.3698424591706138 168919549744682
0.6038194693026195 -3.131357435671587 -1.501879826711491 168919569886179
1.3138783293483458 -3.18081837041227 -1.7772851113691928 168919590027886
1.2305948509786768 -2.8677015713298166 -1.8094501594078545 168919610169487
0.7415437518766914 -2.468575319563853 -0.8553237994012837 168919630310932
0.4788429116576032 -1.9476385759635821 -0.262664801239777 168919650452846
0.05571837229483256 -1.328276876395865 0.45681151838317846 168919670594240
-0.246038095132884 -0.5903070479916916 0.10229003501904277 168919690736050
-0.3684003003250571 0.059321744419146505 -0.40372705401601583 168919710877494
-0.4062802988537957 0.4467371806915672 -0.11057929946281275 168919731019149
-0.8289671101767866 0.6164351547095039 0.32468353308599984 168919751160802
-0.4128074772039294 1.0016442175176028 1.0326472170938 168919771302351
0.30171202604935643 1.6177460380765822 0.66442343773754 168919791444109
0.7749999919332353 2.6872632367112663 -0.28330499980996793 168919811585398
1.2818530208903383 4.039019573744014 -0.4102499568792244 168919831727001
0.05869774874352074 4.92651595196396 0.41127757355912054 168919851869018
-1.4908347697551836 4.84051696078992 1.8168882697847963 168919872183797
-0.10431332361664691 3.434620599881935 1.996137568952837 168919892151856
0.47460598173168256 1.966959175218049 0.09980312156851978 168919912293614
0.09911837913534605 1.1737748597056896 -0.358255647276434 168919932435060
0.9122292736207769 0.3597474268270524 0.47300241577260316 168919952576765
