0.2640187690101379 -0.013280488567522397 0.8229002321617513 52176459041421
-0.1475374261981397 -0.7523724377290186 -0.6199512986455988 52176479183127
-0.9114869722085119 -1.1085874033082135 -1.0406753943852292 52176499324311
-0.6121241480793098 -1.7275681648340715 -0.02840213191443297 52176519466330
-0.21371054893219776 -2.4926746490547576 0.20139938821845327 52176539607619
0.17630939288549197 -2.983605051275056 -0.9186534386439877 52176559749377
0.6506544479021437 -3.206976814457544 -1.7564071259151903 52176579890666
0.914163695040465 -3.3081229554722853 -1.1387072437009023 52176600032424
0.9362870107198722 -2.9369646729715777 -0.7019325918357218 52176620172723
0.7678284367008978 -2.3214467383772615 -0.6068585734685774 52176640314272
0.9900684134232185 -1.7087809258580595 -1.059351604868612 52176660456083
0.25852201589482493 -1.1152425141239473 -1.2123494479573897 52176680597527
-0.40009156697164006 -0.8383121753616578 0.4070003244465882 52176700739234
-0.536357433264812 -0.7200760098205761 1.5541525056510208 52176720880731
0.08817479557565044 -0.4220446945752112 0.30524827405206656 52176741022436
0.5718581958355204 -0.044447279097668435 -1.0508819471645967 52176761164351
0.6542150722934164 0.19140750875311507 -0.6523388585129274 52176781305952
0.18424852267848313 0.6029184874712419 0.2939492256896581 52176801447137
0.09632459939278637 1.7457136962269937 0.4924713922704764 52176821588738
1.4331265740454793 2.884363925731595 -0.23915276899611881 52176841730340
-0.031465049357366714 3.8264730741790256 -0.21115864097814496 52176861872047
-2.9543102230796436 4.895919670280721 1.097174161436234 52176882013752
-2.061043393307465 4.449719134662077 4.595366282273988 52176902155198
-0.2900212380834719 3.248764565542162 3.4580313070691906 52176922298049
-0.05121865062302744 2.6966801094649817 -2.0449763215321477 52176942440067
-0.873750799404672 2.2874466266344857 -5.394696877538219 52176962581095
0.4031966261012623 0.9902722427138393 -1.4784528145305749 52176982722854

