
0.6881897493762242 -0.11754096165130434 0.39546759957005806 168917213318535
0.6437524830947294 -0.16367388260229276 -0.11400922112520329 168917233460242
0.6154658536632835 -0.2154361763943342 -0.7389368690876625 168917253601792
0.3652852805868769 -0.47950226142796737 -1.12028767886388 168917273743549
-0.07541093568674845 -0.8529865747673746 -0.695131510278604 168917293885047
-0.3373184946431488 -1.0910928730951497 0.042149186308366726 168917314026804
-0.266766416808269 -0.9985334781636208 -0.10114393220330653 168917334168250
-0.23324955922786517 -0.7311632083121467 -0.6039620207626453 168917354311101
-0.3326933973822921 -0.670953515868467 -0.2969147337976161 168917374451505
-0.3855150694683337 -0.7473341017572732 0.4048144043681572 168917394593054
-0.423304633699667 -0.7616490196870682 0.7881093359945259 168917414734552
-0.38365103117848354 -0.5261649188746542 0.5031437187956207 168917434876206
-0.18388615697403687 -0.23959648588097338 -0.2689327788697533 168917455017807
0.07497359395202052 -0.1477684972985287 -0.46299778559580274 168917475159461
0.30798912906786635 -0.1470844267450735 -0.08829373628914228 168917495301010
0.29625702591054304 -0.15137115467730933 0.29401344846868604 168917515442768
0.2975402886971845 -0.09800122061684746 0.3537410322124488 168917535584213
0.6101025434577476 0.09784414069402203 -0.05394565079254088 168917555725815
0.7991660191411981 0.34839250005521816 -0.6257004659465326 168917575867730
0.3875627957817085 0.5719146836379245 -0.7877429899447261 168917596009226
-0.2717002516558832 0.6737182703478402 -0.16683989976828095 168917616150828
-0.3817156700747066 0.7568945381532721 1.0666989786228753 168917636292586
0.20359963190898478 1.3704692438038677 1.2678367219608004 168917656434083
0.10874152193343778 2.6240243208243434 0.1753655689748903 168917676575840
-1.89413471214075 3.6958381090032244 -0.9248442635700878 168917696717235
-3.25970474236885 3.6073662879838295 -0.24253654366857003 168917716858992
-2.16749279780133 2.3152265264808136 1.389125061940144 168917737000646
0.09298330082143602 0.9093711625909009 1.9067468268958656 168917757142196
2.089779707063399 -0.03279359727102893 0.9132392583916928 168917777283744
2.538669468775719 -0.3791767723480728 -1.2942743159428955 168917797425816
2.1368071570518254 -0.4496915155347079 -2.6269233590043166 168917817566948
1.7066991436102106 -0.5943235249277663 -1.3882452301722032 168917837708497
0.050686463325668465 -0.6691844058797134 0.0890864330497374 168917857850202
-2.0809229973082153 -0.7942830715787697 0.015531841752290054 168917877991753
-2.5575240423778225 -1.098231633044266 -0.36185431175441796 168917898133354
-1.4339342729647582 -1.5839441931541636 -0.5242002462785345 168917918274903
-0.03450093399680654 -1.9971846513983298 -0.6492308024915776 168917938416402
0.7006463231150548 -2.159954752368664 -1.099975462305762 168917958558106
0.6067206717732938 -2.112717219863681 -1.8399779284383597 168917978699761
0.21156061944988513 -2.005542428234694 -1.743771893531938 168917998841309
0.04821578071615806 -1.8939481027440053 -0.43403118670055035 168918018983016
0.4698714526979264 -1.5243747907889542 1.3063150897020597 168918039124512
0.6758971621583412 -0.9613089146624141 1.6994099819178978 168918059266375
-0.10779301246082706 -0.10851246376118162 -0.5238704519656817 168918079407768
-0.9075112654374116 0.37632479461605506 -1.2171554436037955 168918099549474
0.08330495249382075 0.48062526538034334 0.9295715435544637 168918119691023
1.4152523604325566 1.0067170091792743 2.804094246562321 168918139832624
0.6566159508460454 1.9193750721871687 0.7591323308436069 168918159974226
-0.6900148565106636 2.3669331632184853 -1.5218933540751145 168918180115723
-0.835703291458531 1.9071573704185383 -0.8334448590413418 168918200257378
0.5320110973019252 1.3682063650848306 1.0605756557356767 168918220398876
1.4916367098727903 1.5755343303491145 1.1652207784947914 168918240540581
0.43046757102323224 1.743789280685542 -0.13526722486041698 168918260682234
-0.8233871736501642 1.6438473425171836 -0.5340438580133335 168918280823731
-1.3795715553263814 0.9073386162012476 1.1200061245268333 168918300965542
0.776152326051395 0.5187541937422484 3.677022966027717 168918321106987
1.0643056499036159 0.8720956401500484 2.1534958142284237 168918341248433
-1.1634846792958573 1.245003172276288 -0.1643981728360111 168918361390242
-2.686354149686686 0.7804751940710304 0.35067140313744094 168918381531792
-1.5794788275618488 -0.0754367392744264 1.5911938607912028 168918401673498
-0.7113613823619791 -0.9570534929820411 0.38037696363296236 168918421814942
-0.12890355901458328 -1.8178156459481318 -1.0053419837811304 168918441956649
-0.049595015180416535 -2.6152266378522544 -1.3296397979624044 168918462098145
-0.05953685198808323 -2.935320958719302 -1.5230013891511738 168918482240008
0.8359398543470336 -3.002040946662941 -1.3941091191334392 168918502381452
1.753859305352627 -2.8645600034241028 -1.1162760648380015 168918522523107
1.8826284599071017 -2.504343315239282 -0.7542879417141513 168918542664657
1.2642448577694314 -2.001216351410176 -0.43547381040257105 168918562806309
0.2095160034030451 -1.2632167334718911 -0.22383070847830688 168918582947756
-1.027479970715064 -0.6092672344337631 0.26314734727985467 168918603089461
-1.3251211836033012 -0.34676437348451117 0.8813186590738837 168918623230906
-0.4421770250076409 -0.19798034644385876 0.193482661634107 168918643372664
0.3491758604626374 -0.049143554498837005 -0.7502675816302145 168918663514161
0.2207957664951099 0.07838535171343075 -0.7275211942104216 168918683655659
0.10891200382108779 0.34688796887074425 0.3549337282254128 168918703797521
0.2853595835256202 0.885054320409095 0.6983512794553304 168918723939435
0.4756021199454963 1.5549428703897767 0.0484271173142643 168918744079890
0.23931958658139707 2.0826505853743216 -0.2381015678673386 168918764221440
-0.028038959641132344 2.4647044526744573 0.24906952695612916 168918784363354
-0.3321601716191559 2.903489636358316 0.32851587547115324 168918804505685
0.06361756582967537 3.426502646586652 0.04557637225192246 168918824646869
-0.4534028223362597 3.3990634453943223 -0.3229016951672121 168918844787847
-1.3437159102127578 2.9589114008467075 0.1562294251162304 168918864929449
0.1253080335485437 2.1120998238023656 1.3334796338429844 168918885071102
1.2177146885575851 1.289338062166891 0.8237050937931376 168918905213173
0.6323626688148181 0.8449592192647621 -0.45669754605923973 168918925354721
0.4934267561456045 0.11007382072430971 0.015415888933858035 168918945496271
-0.025754200552266404 -0.6954980723268029 0.44333857052208625 168918965637560
-0.9851785557543131 -1.385902852392693 0.018477008761419 168918985779994
-1.4602986063222005 -2.350921988945405 -0.04597278752211498 168919005921335
-0.7870377131827606 -3.2165041927188245 -0.05938565189269207 168919026063145
0.6913903372662915 -3.4710915377688085 -0.9711291269829037 168919046204487
1.2775263323130333 -3.198443054433797 -2.602586895336323 168919066346141
1.2729854213191767 -2.767763232609539 -3.183534360019059 168919086487794
0.9492110909615913 -2.398610000150131 -2.124537448952747 168919106629343
0.24169309151927304 -2.041178039182605 -0.005843338068447723 168919126770945
-0.32068361272208157 -1.435078661814834 1.433496716263992 168919146912703
-0.32648097220891525 -0.5853309958581168 0.9542680761361936 168919167054149
-0.1772248168296322 0.3271697736260064 -0.20734969924729513 168919187195750
-0.13761725580745576 0.8815600376508055 0.34779211560216394 168919207337455
-0.16424419527096468 1.2176381668393947 1.4996570323254812 168919227478849
-0.7497913523105217 1.5039078967527661 0.900848672735385 168919247620867
-0.43788239825466735 1.7253431142772122 0.08996604756330795 168919267762208
0.8165764056150162 1.9031504679842701 0.5874757677381464 168919287903653
1.0687640541795131 2.0767562142311657 1.023667137628017 168919308044786
0.2660586066248604 2.3760656159161826 1.4240484561961637 168919328187064
-0.5051951068876117 2.4077616724204454 1.542766596988181 168919348328666
-0.9876277651975894 2.1451912715301074 0.9907440393092948 168919368470321
-0.4662740871580715 1.686453310192837 0.691508805666186 168919388612286
0.05243239042979286 1.2009692887792696 0.9154506968766989 168919408753628
-0.10072986890616575 0.7634243568046664 0.8479245223451093 168919428895177
-0.21505655137493251 0.32896458309998344 0.21491188350108725 168919449036570
-0.472887526256196 -0.2764035288325122 -0.4440006689803804 168919469178275
-1.182777794442457 -0.9471848347847605 -0.5313724101843045 168919489319982
-1.3136660832102156 -1.747872379546557 0.11124240388380624 168919509461480
-0.7106496634431725 -2.373065970043495 -0.2898024636117049 168919529603029
-0.2715470745045381 -2.821987932284797 -1.3698424591706138 168919549744682
0.6038194693026195 -3.131357435671587 -1.501879826711491 168919569886179
1.3138783293483458 -3.18081837041227 -1.7772851113691928 168919590027886
1.2305948509786768 -2.8677015713298166 -1.8094501594078545 168919610169487
0.7415437518766914 -2.468575319563853 -0.8553237994012837 168919630310932
0.4788429116576032 -1.9476385759635821 -0.262664801239777 168919650452846
0.05571837229483256 -1.328276876395865 0.45681151838317846 168919670594240
-0.246038095132884 -0.5903070479916916 0.10229003501904277 168919690736050
-0.3684003003250571 0.059321744419146505 -0.40372705401601583 168919710877494
-0.4062802988537957 0.4467371806915672 -0.11057929946281275 168919731019149
-0.8289671101767866 0.6164351547095039 0.32468353308599984 168919751160802
-0.4128074772039294 1.0016442175176028 1.0326472170938 168919771302351
0.30171202604935643 1.6177460380765822 0.66442343773754 168919791444109
0.7749999919332353 2.6872632367112663 -0.28330499980996793 168919811585398
1.2818530208903383 4.039019573744014 -0.4102499568792244 168919831727001
0.05869774874352074 4.92651595196396 0.41127757355912054 168919851869018
-1.4908347697551836 4.84051696078992 1.8168882697847963 168919872183797
-0.10431332361664691 3.434620599881935 1.996137568952837 168919892151856
0.47460598173168256 1.966959175218049 0.09980312156851978 168919912293614
0.09911837913534605 1.1737748597056896 -0.358255647276434 168919932435060
0.9122292736207769 0.3597474268270524 0.47300241577260316 168919952576765
0.047385957959121594 -0.35143545697585843 0.3818199013680825 168919972718262
-1.4362367414452026 -1.1216146741744382 -0.09888978203053389 168919992859812
-1.4782008189374123 -2.1751237705895505 0.2336323150005728 168920013001623
-0.14023887780617983 -3.0016590750653904 -0.26547451909329167 168920033143068
0.6674231555675563 -3.3062955217710623 -1.6605851816808834 168920053285346
0.6690825674227951 -3.059867960385601 -2.4368177547197067 168920073426270
0.366467225813236 -2.6462952472147308 -2.210941020182016 168920093567768
0.34068354627558883 -2.4436841469905346 -1.2307157067706127 168920113709681
0.6189945909267212 -2.1927524933736775 -0.12624737010399023 168920133850971
0.3645560243038769 -1.6928982837614424 0.035879545323057815 168920153992885
-0.30089668446314843 -1.0286960684154032 -0.12061276999155379 168920174134331
-0.44988482803926866 -0.45381622973232183 0.128192401194257 168920194275725
-8.624522751647934E-4 0.07397094199539289 0.5562404443929057 168920214417430
0.37267429599236823 0.577194331721314 1.0883883516080746 168920234559240
0.15004373366889467 1.064099215377051 0.7434645875364596 168920254700581
0.32853108068511583 1.6476172629266408 0.2605553614354177 168920274842339
1.4762159778293427 2.361953673622562 0.5114350118045841 168920294983731
1.4091099892947243 3.207104442804299 0.3096729117874173 168920315125646
-0.8194771452829706 3.6919042573684404 0.30640532161743383 168920335267092
-2.5614777123201264 3.361177214488503 1.8700021869814472 168920355409265
-2.1916382245436012 2.4949720450283035 3.1934748941164077 168920375552325
-0.924794954634881 1.5977110344601435 1.965302376230626 168920395692573
0.4269853253545952 1.108881718193114 -0.5594475521404991 168920415834070
1.0901966587211762 0.8091390659607409 -2.1750116549936496 168920435975932
-0.04720302458555903 0.22354416292484203 -1.2285713357136698 168920456117221
-1.2688171071684473 -0.625009884503875 0.9246746697103143 168920476259136
-1.501162084172258 -1.6171465794780993 1.9466855365495013 168920496400945
-0.8757709759315562 -2.537821267488729 0.7038083901771013 168920516542547
0.14163175441100506 -3.2009113108659832 -1.1449611003583189 168920536684044
1.126720930872554 -3.5843374471302862 -2.1594503255991553 168920556825385
1.6608371939167932 -3.5089982780167297 -2.7209928776668244 168920576967195
1.4617019816959347 -3.3555872942883838 -1.8962401029147096 168920597107182
0.5782483041067477 -3.0743746205869575 0.9225342848557323 168920617248731
0.4979990339103981 -2.317861512875816 1.2951075060095858 168920637390697
0.4292463950970685 -1.0456832532694031 -1.1192118467548313 168920657532040
0.19248158873390475 0.04304324113447677 -2.203194184435115 168920677673588
-0.8212588696378762 0.2880478741575816 -0.1961857186418422 168920697815191
-1.5714358066478011 0.19221808448231492 1.8666964446177763 168920717958145
-1.022541711724491 0.0960840378983514 2.116404030694221 168920738099539
0.515145341557907 0.4059321717249311 0.12971990424287672 168920758241192
1.0878364880900757 0.9177144873799445 -1.6993490766056987 168920778382690
1.3270318857845607 1.7710368242789558 -1.871942640190809 168920798524396
1.3368208211276487 3.1632161781731645 -0.5300004012151472 168920818665945
0.2731065592458689 4.094659856601032 1.5577379602778822 168920838807495
-2.166500104165805 4.2228592329370755 2.976378356503556 168920858949096
-2.2803314309888942 3.4976965660371615 2.259911278952845 168920879090698
-0.24443116041611535 2.4811406512672285 0.8570257028497759 168920899231205
0.2581538021358578 2.060937911638783 0.09152876540482069 168920919372756
0.12346640108368634 1.1407181027485258 -0.28865442908239336 168920939514461
-0.3110169181955511 0.46883668923006994 -0.21687325029716442 168920959656062
-0.674460507212691 -0.44440086345969476 0.7694457356997684 168920979799435
-0.33794487061390277 -1.2135162962365058 0.4999682096535647 168920999939838
-0.20120306445987213 -1.7487671385517043 -0.9000742604021483 168921020080815
0.2964472164008525 -2.529616738185114 -2.0102205411342187 168921040222469
0.674853085620682 -2.903417511641841 -2.2811744797823748 168921060364018
0.7949239724027957 -2.9647994390009735 -1.85993714241965 168921080507182
0.30931564276598644 -2.9099987308882795 -0.9552470772169701 168921100648315
0.2645057368690391 -2.681331504241875 -0.5664315484923261 168921120788875
0.8076861324639812 -2.2597136408934997 -0.740364477075111 168921140930476
0.911981425502435 -1.7301830220897996 -1.1183413863475888 168921161072078
0.609126156026948 -1.1144808903280898 -0.7795730114218211 168921181213627
-0.20981821580344162 -0.5470168411687215 -0.10468868257495689 168921201355282
-0.9591875804552532 -0.08850458621622792 0.8510024719087845 168921221497090
-0.7821694003017026 0.23254105758951749 1.8363805908082778 168921241638432
0.4467254172586381 0.8535255218528643 0.9985234179591223 168921261780034
0.9413525017756605 1.6743121167010413 -0.45923790625770233 168921281923042
0.07686129829552846 2.2961269394545827 -0.666914250787412 168921302064487
-0.5637184808948272 2.6641964734386665 1.1182508259325705 168921322206141
0.25427423872163823 2.958468995157183 2.0669395279335565 168921342347586
0.7043593323835606 3.405495899250747 0.8667718371905955 168921362489813
-0.4064832372181515 3.6685861725255986 0.3520356338149764 168921382630789
-1.2402988944620212 3.283306438020478 1.2332642492394812 168921402773067
-1.678518412444617 2.3173067715101325 2.521145090797835 168921422914200
-1.7035202963619436 1.078027546114356 2.419247615607018 168921443055803
-0.42160529958955495 -0.15272688888976482 1.1798561002981147 168921463199070
0.807613221265856 -1.1086072923618122 -0.4767816236677582 168921483338797
0.8291472176376848 -1.8438682557644483 -1.6368330137779568 168921503480763
0.2941649420788979 -2.499349975705309 -1.4716246141473652 168921523943719
0.07194084038186821 -3.092167968845498 -0.3844285975678918 168921543764122
0.28664202777424475 -3.455045410232648 0.20344345007068654 168921564242599
0.5519576651881459 -3.489011914123619 -0.36851965400595077 168921584046752
0.6369518743380169 -3.239695859423895 -1.2875037114860106 168921604188979
0.13276706587666354 -2.9035242656641156 -1.7018657621575586 168921624329748
-0.3033566597986692 -2.566874588312543 -1.2780331370697968 168921644470932
0.08393820731731472 -2.189156408931284 -0.5299460409058376 168921664612065
0.7141476361663517 -1.7156805958950274 -0.017938766318420063 168921684753667
0.9238693784643314 -0.8665386173410221 -0.47072308336723623 168921704896674
-0.01622676285353486 0.14221832487718267 -1.408731787006289 168921725038068
-0.9225273087203278 0.9087087419329958 -0.5453448046050313 168921745178419
-0.7412445032262625 1.3487565443276468 1.014407750065975 168921765319969
-0.42176757523725983 1.6366590440558682 1.2489773719277801 168921785461675
-0.20892284925230786 2.0451670789946945 0.24284644832347402 168921805603225
0.5017826190356538 2.7735726280395063 -0.8553078022787208 168921825744929
1.7337991421035233 3.5575543914941044 -1.0377130386979767 168921845886427
1.0362702707140685 4.3551255444452845 0.14955369013536868 168921866028392
-0.8468016545224952 4.481463716806228 1.898744514608295 168921886171245
-2.109521401742996 3.4620264421949827 3.3149672913741366 168921906312585
-1.8975658518631469 2.0539839467247365 2.5804406299743095 168921926454135
-0.22700043539676762 1.1769395987860385 0.6428681289794476 168921946595685
1.1938513118388359 0.5185292180913308 -0.9253539343164423 168921966737703
1.0123686471273188 -0.13166100052693608 -1.0868041435469036 168921986878055
-0.2668751018293951 -0.9648624918277999 0.6884180132874773 168922007020697
-0.9796988119322663 -1.6937161653372392 1.0215596059424819 168922027161987
-1.1392522136083132 -2.102665803363541 -0.6188485066522644 168922047303900
-0.051379798230400286 -2.4858802012845835 -2.0984601529780615 168922067445190
0.7373263371969299 -2.843867735246418 -1.8456992747261993 168922087585751
0.9123342142887938 -2.906832469447135 -1.2317352010309595 168922107727352
0.9533414925247852 -2.6436544521202077 -0.8003906022310177 168922127869995
0.5851219244885781 -2.244818581227417 -1.1967700013160643 168922148011909
0.5915228325596125 -1.7850882634194338 -1.6244570166778516 168922168153719
0.7112309613601899 -1.469476860735547 -1.6549489141235314 168922188294747
0.732253812056902 -1.227424750307188 -0.5344449711425752 168922208436713
0.11252424105177161 -0.8638978080582502 1.03350359339844 168922228578263
-0.5131666423148327 -0.21943855894660036 1.172115374718752 168922248721323
-0.4214219857268662 0.5834945629989692 -0.15918270022499836 168922268861467
-0.30718153389399294 1.1695544394616757 -0.7336449883049988 168922289002964
0.3416937377285557 1.4678457000068406 0.16474416560600091 168922309143316
1.0128081151828447 1.7685026342242223 1.0714315629535507 168922329284864
-0.1894971601974743 2.074067244098128 0.9902385120815906 168922349426779
-1.0382676500329795 2.344873912466003 1.3724276260715227 168922369568171
-0.6350574794013837 2.399861532316553 2.3209645617947183 168922389709669
0.07319180944764314 2.3784219406969918 1.1007779970920248 168922409852677
0.08943723662061465 2.492190677557595 0.002302085173619961 168922429994227
-0.09362355054725824 2.2420923857960755 0.732127312670146 168922450135620
-1.3167323365315569 1.5938081859806097 1.5147912056048667 168922470277325
-1.1241866504752456 0.8477516269094885 1.4393842340151437 168922490419031
0.21741093352605367 0.024771125746340772 1.152532777837115 168922510560528
0.42567435228959294 -0.6868237244029274 0.08490464023844169 168922530702234
-0.2400513384808256 -1.2798789013973426 -0.9203087096842468 168922550843731
-0.6018189028159107 -2.111036910180374 -0.9000409130598972 168922570985385
-0.20517338397147844 -2.80461321955055 -0.7410654452916678 168922591127091
0.40594185922906734 -3.0983902826716907 -1.1239802859208345 168922611268432
0.6293921592582541 -3.121473456606102 -1.949806787330418 168922631410034
0.9190166570941034 -2.876109429347382 -2.5873844923643343 168922651551791
1.1258627397377827 -2.4686243598841564 -2.364792847797718 168922671693498
0.41240894179022614 -2.0371919683760753 -0.9624397469881741 168922691834994
-0.47417440906781905 -1.5804615825133608 1.0691229094407106 168922711976440
-0.5061827889730053 -0.8990250277294392 1.7853764525525686 168922732118198
0.034201718040345774 -0.08767705343355203 0.6117606346983049 168922752259799
0.04464653068227653 0.45002437287815855 -0.4795734258351061 168922772401297
-0.4416265254541787 0.5667089514275263 0.12683930620691508 168922792543054
-0.8599784664570931 0.500889133798271 1.5276066988717822 168922812684605
0.20596253933432562 0.765274295319867 1.642153718472426 168922832826310
2.350963879123711 1.6248781276621438 -0.27618181037830913 168922852967859
2.6852754978302187 2.699438634942215 -1.7554303115838974 168922873109304
0.44465594513917495 3.4676197556100234 -0.862889171142118 168922893251271
-1.55430942357616 3.674620706831769 1.9566124912113056 168922913392561
-1.0815334763609281 3.3542595537466653 3.555683059375295 168922933534265
-0.4903122303074925 2.9388397719035826 1.894790588125236 168922953675867
-1.1096448037772442 2.4543310948666175 -0.543335009968561 168922973817208
-1.0369345930217955 1.726331086830795 -0.8361450587560988 168922993957873
-0.2836004087924364 0.871653248370885 0.010234343620120878 168923014099526
-0.6587650926589492 0.11545004010295834 0.1809413811460967 168923034241544
-1.4181253553771596 -0.6957869405738837 -0.07230011773937273 168923054383876
-0.8317537022704777 -1.760792150115357 -0.40356763325399836 168923074526622
0.4225609053711179 -2.576431571654787 -1.2878443409781988 168923094667130
1.1586175719531444 -2.824438714355079 -2.538783773563809 168923114807377
1.1817768700625155 -2.831303901171564 -2.709103190726047 168923134950073
0.8091666132375126 -2.8155924373435006 -1.327609701018338 168923155091778
0.4553777241837602 -2.709041332687301 -0.08005651081467047 168923175233484
0.4631425113782581 -2.384615878649841 0.16469014291076367 168923195375398
0.6126282669151065 -1.9697044216698734 -0.4494490575463891 168923215516583
0.5454004650945853 -1.5429144162421489 -0.7233409843183612 168923235658185
0.4515669541069183 -1.1904472556499694 -0.36336517026718895 168923255799838
0.2296007312542847 -0.7907489178012259 0.36829223878624884 168923275941492
0.44051652250342777 -0.3507387826784809 0.8731982441539992 168923296083302
0.4256676125339922 0.36877420823221474 -0.030591795301800673 168923316224747
-0.13179257012905626 1.201415850960772 -0.5888411120226906 168923336366660
-1.108180638134495 1.712145864362368 0.5289759385068475 168923356508263
-1.2501431433200962 1.8677147383648949 2.3520259656492284 168923376649864
-0.09003150684357708 2.244293861004415 2.1072433311131324 168923396791675
1.5303185445251384 2.8751592098972836 -0.23699586245324422 168923416935516
0.3786615739013607 3.1269828366678265 -1.2988374126188456 168923437074669
-1.6304081432226614 3.024926113084261 1.0982103433424237 168923457216479
-1.5587332528593794 2.40415719906116 3.617716223892689 168923477356674
-0.4944719538500033 1.6524761498739284 3.4587725884891514 168923497497755
-0.8565394771425026 1.1940390253678927 0.7688979536038212 168923517641283
-0.531068984057752 0.4137517281068135 -0.6127014613356927 168923537782104
0.5961164924412985 -0.6072066253270485 -0.14362796594355398 168923557923758
0.4145518853592889 -1.1978624682303902 -0.26257082978609336 168923578065932
0.14303066844368106 -2.0009657558343115 -0.32151906617262505 168923598207013
0.24268381209869494 -2.530545553886199 -0.73769620996935 168923618347416
0.8292056434289559 -2.7874491384214597 -1.3467975929754803 168923638489071
1.0680886358369146 -2.7566194669871678 -1.9144864142241342 168923658631869
0.7565461039820317 -2.455918132183484 -1.4048069048168075 168923678773367
0.10412604334187536 -2.1155645838717874 -0.16127228166594598 168923698915438
-0.3738646926702498 -1.62122363975368 -0.3506608917390066 168923719056570
-0.3711132385111999 -1.153997954771694 -1.1792591821412053 168923739198224
-0.07987398924645994 -0.8459400630361058 -1.1877066621192145 168923759340137
0.050859109384082 -0.7589664058976346 0.07396797108587827 168923779481427
-0.5292712085864846 -0.6901199020618582 0.9965278924937027 168923799623185
-0.6669228262441877 -0.5726525622744871 0.860955224151212 168923819764631
-0.29373113208910007 -0.42623728419458917 0.10560988244596947 168923839906127
0.4255009341724698 -0.3081529132931715 -0.5567108245119745 168923860047990
0.916999868431726 0.22404651702171208 -0.24369629632832956 168923880189435
0.5459656174016307 1.2839857487736195 -0.008958501906413563 168923900331140
0.2778125329838046 2.567935669331396 -0.8735730515251308 168923920473055
1.227560084980794 3.659658594058868 -1.2890439880951048 168923940614135
-0.09290310389036494 4.0784592971220945 0.6343043603051663 168923960756882
-0.925286838581042 3.8627430236351756 3.370956671837883 168923980896974
-0.6637768341460836 3.011105063439391 3.924365435126557 168924001038263
-0.598953596223117 2.2483860038765133 1.1868312152887452 168924021179501
-0.8863161972909936 1.70245636169496 -0.7802469418315039 168924041321414
0.34536598747970504 1.1055197768559673 -0.9548982370589534 168924061462651
0.6218738446712639 0.4806072277347724 -0.3991969099596626 168924081604460
-0.9801254359817388 -0.1481436123434321 0.2689969642197698 168924101745855
-1.803192145660391 -1.0123625461247467 0.995702942469566 168924121887507
-1.145092779028313 -1.8232811501810477 0.5702928227256527 168924142029474
0.08126464396484945 -2.257880291238587 -0.9774693551007281 168924162170710
0.4504975550156296 -2.4404106783033708 -1.7901664020493326 168924182312208
0.24314950885625364 -2.605941823892696 -1.5913860513269658 168924202455268
0.19303034927250273 -2.6980957442704074 -0.9038583527803228 168924222596713
0.5465995723867523 -2.5871020836975767 -0.5535066040992582 168924242737065
0.910399775096902 -2.1827553974268117 -0.7872754981231564 168924262878614
0.8396113239837715 -1.613989962472699 -1.1808946172485253 168924283020372
0.25848105137451727 -1.2182427512281588 -1.0572156937988204 168924303162130
-0.4498679909316361 -0.9568329705137772 -0.05962753550780642 168924323303783
-0.049396345870309055 -0.6953491889110222 0.6364898661250049 168924343445385
0.8749482553350028 -0.28315923394131826 0.3997802718062542 168924363587039
0.7811475691117522 0.2313095269094454 -0.11582031380499669 168924383728954
0.21766707872690183 0.6194470355900563 -0.18776123151274748 168924403870138
-0.15698205967472845 0.7916635855032945 -0.23607324302269794 168924424011791
-0.3198117219585327 1.108184384027635 -0.38133906316815835 168924444153966
-0.44054176037932624 1.702831686909608 -0.019499961472026595 168924464295099
-0.1160076270534609 2.285629607340187 0.6265509097286288 168924484436283
0.6749063007009812 2.604797631184649 0.9919755910641532 168924504577834
0.043782462435784986 2.7255373236977185 0.7517958048825726 168924524719540
-1.219978912863872 2.652109546458176 0.48418810874980833 168924544861036
-0.5795597904473477 2.305855117635291 0.9431366198123468 168924565007326
0.7172847848296218 1.7330996214519843 1.2456958192873775 168924585145542
-0.13785430104255258 1.0788014745053385 1.4059926905861522 168924605285894
-1.3087331478652922 0.49382731241677114 0.9051164180939217 168924625427494
-1.852259955792234 0.05194661555841584 0.6146937204126375 168924645569305
-1.2814295466650374 -0.4315628247407659 0.5115425739863602 168924665710698
-0.09666463342577991 -1.125352798855113 -0.015021311904662049 168924685852352
0.412487629196876 -2.07887110627159 -0.06126021358622946 168924705994005
0.5710301424200006 -2.732274131111021 -0.28100279977523357 168924726135450
0.3283695240922504 -2.981473601763817 -0.762961419507687 168924746277156
0.03259308021130036 -2.826157885317304 -0.6067680613873998 168924766443654
0.2842897962002904 -2.417493691066344 -0.29979433192241967 168924786560360
0.6810329111789823 -2.0589461247280747 -1.3048012858504356 168924806701960
0.5920065047244361 -1.8673351224387105 -1.5141657357115985 168924826843458
0.7365812779982988 -1.6093710276384687 -0.15088336981927863 168924846986571
0.3521312333361388 -1.2980314900795253 -0.19260610991792282 168924867127026
-0.1938443297373389 -0.7308202115948701 -0.8485551027780884 168924887268263
0.369961157303879 -0.19934122786964625 -0.6945545314412207 168924907411218
0.9875460742806033 0.12769742786053317 0.03788664828452326 168924927553081
0.7613015078619827 0.23013645791342618 0.3415764084713686 168924947694265
-0.4804485398041638 0.3990871936744904 0.2076117127145949 168924967835919
-1.107930609187081 0.8288400674395922 0.6796269678279261 168924987977729
0.328096430619085 1.593845979732924 0.884534093793591 168925008119070
2.016114839807768 2.576663697848839 0.697348954722373 168925028260932
2.2086438249712144 3.637576075466571 -0.4070378284096017 168925048402326
-0.28241355330427836 3.9762351767795074 -1.0848709853839313 168925068543980
-2.3621002762371726 3.490765973454856 0.15667596559910502 168925088685789
-1.5675610803647384 2.7952983256388855 2.893504834979284 168925108827443
-0.2194297236667908 2.0189779183236087 2.9774625593896773 168925128969043
-1.0304754195584327 1.3619230573151384 0.5459470982929919 168925149110333
-1.0537626598654963 1.0786497739771104 0.4666282841031437 168925169252040
-0.2295335653923969 0.38921376449418865 0.4366693265012649 168925189393640
-0.2714198210639174 -0.4683164884046498 -0.8616996950489879 168925209535086
-0.473507927163634 -1.226874870411221 -1.5076336818204403 168925229676843
-0.4553322206371573 -1.8969295838289764 -1.494217297018852 168925249818445
-0.131624174947226 -2.297853725656932 -1.3404544040213318 168925269962598
0.21735691004221902 -2.5337175508380447 -0.7800783669670657 168925290101753
0.3890100397525251 -2.2527919117641844 -0.5744289045111524 168925310243146
0.3068135005520203 -1.8023433926925971 -1.490744295483922 168925330383862
0.2732706246603662 -1.6281051829040774 -1.7274709246683877 168925350526714
0.7777595661345431 -1.7774963533545112 -0.7530216616097103 168925370668211
0.9240997427513846 -1.825170910808609 0.11776089336848172 168925390809656
0.7291723723261077 -1.4518359473968871 0.3451730701635354 168925410949903
0.7260869212983863 -0.8852968829175092 0.26345535066207826 168925431092755
0.272080474538709 -0.4304298891465077 0.1449805891234126 168925451234356
-0.4320304445877827 -0.010029946473456341 -0.5181097669825199 168925471376114
-0.5721990627014761 0.39933688266498457 -0.7095317588985157 168925491517612
0.2657148709325692 0.43024831472573766 0.6007583819436875 168925511658171
1.1219713108085554 0.5123627142805898 1.37457643211745 168925531799513
1.1777894509905944 1.1466699565807223 -0.05191356133728986 168925551949287
0.2776197443862255 1.9185810824520786 -1.106716395944832 168925572090941
-0.7551625052722697 2.3237930886179132 0.20836467621288435 168925592232543
-1.0382974846865658 2.4469617169880813 2.5446824636265575 168925612374093
-0.9725447260305027 2.3336802134342154 2.369913451369996 168925632515799
