0.42448821018527405 -0.20317475343828484 -0.5397293908874341 52174908138204
-0.5994963459142808 -0.7598908769693775 0.27346551072755254 52174928279755
-0.7683910220439245 -1.5683985414192527 0.903611275769542 52174948421512
-0.41495695826013956 -2.3004707862604015 0.5580452706156338 52174968562802
0.04530494120438844 -2.837190593852071 -0.29860772881999287 52174988704558
0.10697149202601075 -2.9850234711754062 -1.0334662611809944 52175008846213
0.0123594201833086 -2.755950905846575 -1.6865508409760457 52175028987502
0.45700667677164697 -2.5862914863960107 -1.5838720204370866 52175049129155
1.1751268257923175 -2.5469262555230587 0.02294144615033067 52175069271694
0.8755995075088541 -2.182694813012197 0.028216438170264535 52175089412515
0.11074571928833321 -1.4601939363472578 -1.1374488221200383 52175109553960
0.06850380199316652 -1.0199007545465566 -1.2630596436335306 52175129695770
0.8427180806570332 -0.8767482403559956 -0.3424057227193246 52175149837424
0.4577193864006266 -0.3148141196285472 0.4443981757307903 52175169978921
-0.5882434361919987 0.6764812238284117 0.4084238140221323 52175190120575
-0.5300551981723489 1.143968182187729 0.5466120980927058 52175210260665
-0.00465939291287909 1.4924084324689337 0.30203577222416467 52175230402267
0.3158037356696968 2.0693784061313973 0.28022725059183173 52175250543870
-0.009539628651742627 2.8155246975613686 0.8131466442234654 52175270685939
-1.181081409952644 3.475759601799094 1.2786056942850224 52175290827020
-1.7667401279621153 3.6268357087830267 1.309725375740518 52175310968986
-1.4067270633071924 3.210965637338921 1.8154316677799145 52175331110380
-0.6261751076770041 2.493613818464887 1.6848038303176818 52175351253178
-0.5082765119228534 1.9692684961781595 0.7636267556603955 52175371394780
-0.545940057194533 1.4346433125675269 -0.09141793140918386 52175391535080
0.4798251026818736 0.3007419938040208 0.03063762752890309 52175411676629

