0.7139269515957889 -0.06224108397447736 2.2537958365575013 52173860775081
1.2523061120578811 -0.9698856406170826 1.433822802058501 52173880916109
0.7743912763650549 -1.666985172649916 0.2340699603968006 52173901057814
-0.055938639064206264 -2.198761477963682 -0.3963377816825595 52173921199259
-0.0266845050013651 -2.710840237058447 -0.09279044018979787 52173941341121
0.18454839209265805 -3.049470529490508 0.07431501112941197 52173961482671
0.2278022878928765 -3.137794197029905 -0.5890587332839705 52173981624116
0.3853424162518011 -3.004852056842674 -1.1657660295959267 52174001765770
0.2321386790951907 -2.61396465328664 -1.6581011049267413 52174021907371
0.6224419003074027 -2.3166233827855613 -1.444217700347643 52174042049129
1.1412884811834223 -2.1909573976346994 -1.0611114649656146 52174062190939
0.6537534411967378 -1.5831858399827592 -0.5093017696287417 52174082332176
0.024162420926140182 -0.8722249415174579 0.3606860257032567 52174102474037
0.08847056174091217 0.02427815225478369 0.12836815650010536 52174122615379
0.11060799236147978 0.617042150710077 -0.8886384826124157 52174142757138
-0.8073632154858161 1.232903740099311 0.3154930225038174 52174162898738
-1.429948189576153 1.5493478944231986 3.019435433628054 52174183039143
-0.8298594305671725 2.2700813428823086 2.9415127023711936 52174203180640
0.7390909711712619 2.769556285243347 -0.326282025603045 52174223322190
0.8504646714682595 3.2033525477259275 -2.007363511107436 52174243463843
-0.4160760167316424 3.1694569405244923 0.026494445020301294 52174263605340
-1.266173801666564 2.9388980719508435 2.6963542474224913 52174283746942
-1.5635860139895015 2.9156814458419262 2.3630404291879934 52174303888492
-1.6968404908791013 2.3113659574547913 -0.2651706839933552 52174324030145
-1.007252666140781 1.3648520433075824 -1.6830960198509342 52174344171746
0.9581505038061251 -0.11170723254143411 -0.8188889252557474 52174364313504

