-0.10009629765906602 0.056902694988725244 -0.27943097776592296 168995463434965
-0.2987904170335032 0.3054220583347309 -0.18825425486898828 168995483576254
-0.32850987268930254 0.48003100604278437 -0.16191932186394054 168995503718272
0.08780245341105797 0.31974257827172714 -0.2913518637411521 168995523859873
0.26376002913509655 0.1331500196486317 -0.13122602224292157 168995544001475
0.44755587487057724 -0.05694433974984392 0.31480677986191274 168995564133771
0.4558108131777119 -0.07238652648737443 0.5121847793582806 168995584274903
0.041723845854669595 2.4507568510045985E-4 0.32840016723662435 168995604416922
-0.45480451706626424 0.04492262304808037 0.19057657910179948 168995624558418
-0.4566414652155113 0.177368762500965 0.41657259140643976 168995644700125
-0.17562811357865904 0.3288945217195227 0.5456237957814016 168995664841569
0.12720991148082295 0.7659476486256178 0.2266479624063713 168995684983015
1.3163797455909085 1.0459612439004946 0.08136719805009696 168995705124877
1.638675085535227 1.2026503427766464 -1.1107119056224226 168995725265958
-0.28504381829056835 0.7922594343775664 -1.9724440362166882 168995745407924
-2.233918843694955 -0.24923688609169758 -0.40275991647335063 168995765549213
-2.351783512455964 -1.225671247154608 1.6378384535400694 168995785691753
-1.0405942904335213 -1.6276195172549368 1.6326218370508054 168995805831322
0.9075636301531831 -1.5130819419289505 0.13499151260939435 168995825972976
1.8453868416225467 -0.7768962176056604 -1.3346825711624848 168995846115932
1.6992831061105373 0.04582921732172274 -1.9491669553674877 168995866257429
1.03506125051343 0.5450862254198778 -1.4857617869502402 168995886399188
-0.329092112870506 0.6777804061171526 -0.6776475154976922 168995906540737
-1.4924362879526547 0.3823610436437228 0.32421499541434606 168995926682391
-1.7489172920808738 0.06949967475872931 0.6372406486752267 168995946824304
-0.8511724078834488 -0.07701744769301655 0.30860843690893125 168995966965646
-0.027007262244258978 -0.20052997377941395 0.3685176089021449 168995987107194
0.29740053786084264 -0.2350455610547808 0.5222921144654658 168996007248953
0.7288750201324241 -0.33965998400007535 0.4993644532911228 168996027390502
0.4834296059496892 -0.234838338762561 -0.5169757225233518 168996047532208
0.5977300128847514 -0.1261641280412995 -0.7339419061436816 168996067673549
0.8469340103078011 -0.047098294620539605 -0.7003371186649456 168996087814890
0.753572598871241 0.006327711959817961 -0.5496617847757066 168996107956492
