0.20307679498325482 0.09826266743996293 0.343025200984461 168990146052933
0.4589824320803537 0.17328786832696963 -0.041033940774931166 168990166194171
0.051390047226782976 0.26167716966157606 -0.555764164338695 168990186335875
-0.2706067122185738 0.22967864979176156 -0.44566113615845593 168990206477374
-0.22498146352485904 0.1488430174896589 0.07160829810448521 168990226619443
0.11669451668011277 0.18010957024172747 0.4283315603585882 168990246760732
0.36957631646909017 0.3084919530683816 0.4700089982868707 168990266902491
0.23134220551902218 0.3687418046422053 0.2391053431607466 168990287043884
-0.2919526027722821 0.28237137340126495 0.46052255577859746 168990307185590
-0.8327075900303256 0.17953479403351125 1.373471755560378 168990327327035
-0.40987945093051037 0.3231810578830583 1.7531353146045525 168990347468949
1.0001115759743417 0.7117064674001963 0.2754696774648919 168990367610238
1.6999549834357235 1.1217333379826577 -1.9052590236530866 168990387751788
0.7531158422173287 1.0560658696048755 -2.4485114181412193 168990407893441
-0.9233496113823871 0.27884927771514967 -0.16223931029422545 168990428034991
-1.9831254898871598 -0.6253336637653799 2.51135845410837 168990448176644
-1.7181532239409778 -1.238340661481054 2.482438814067946 168990468318142
-0.7618150596215321 -1.4853746776223424 0.36539441062935696 168990488459692
0.39364853824027435 -1.4493471053791236 -1.3500672839965144 168990508601396
1.5400042798109694 -1.0795948718032982 -1.1471070498534615 168990528742999
1.7515957090050258 -0.5405435732238875 -0.2845191359765191 168990548885068
0.9559518601727707 -0.024060835141609616 -0.11344294549996548 168990569026202
-0.10800462514303355 0.18502379282421266 -0.5433544540562223 168990589168116
-0.5418114149581768 0.03272362410312013 -0.513870574963728 168990609309405
-0.3323382921227913 -0.15696319056125319 0.05631076659151746 168990629451110
-0.09509426651073305 -0.28532397041775326 0.881718535148214 168990649592816
-0.3212292218023365 -0.22416982086545367 1.1854529531185714 168990669734262
-0.46788425634811937 -0.050490641848613294 0.4920513273386069 168990689875915
-0.2839265457034954 0.04516656855235901 -0.10436919203536466 168990710017725
