-0.11897473265654623 0.05910688765438721 -0.10882494347204164 168990730159014
0.142747459968513 0.14226842027976083 0.21284238897236651 168990750300771
-0.1460071101501894 0.13976688466130938 0.1595805518028932 168990770442687
-0.44696926233890144 0.15551467960404786 0.37606532034856466 168990790583870
-0.030414765339870975 0.24606701712073864 0.44698262737260164 168990810726046
0.3686613517906032 0.3185699222903402 -0.1606634098206685 168990830866969
0.3750194134637326 0.4193212698635218 -0.34471725129403463 168990851008728
-0.32829257469776385 0.4532792815158171 -0.16743639869147753 168990871150641
-0.5670896261644611 0.398182507243904 0.261631935734318 168990891291775
-0.1721653532753189 0.32220811517012393 0.27572400561870447 168990911432751
0.0632809009734947 0.45625282026109915 0.4081768607449634 168990931575029
1.0819601699975459 0.9097410257401286 0.9211826018772209 168990951716944
0.9111247766230368 0.7539280744983525 -0.24618380131072337 168990971858337
-1.5841372880765707 0.5611502720986827 -1.1873156933923283 168990991999053
-2.0767336585862566 -0.45712226278980417 0.5419199062236375 168991012140602
-1.1375832159315054 -0.9462398024193437 1.46031815154141 168991032282464
-0.6586139360264545 -1.2785250450604746 0.6673756149831283 168991052424692
-0.14081937147741375 -1.0835133954233793 -1.2892806603572473 168991072566188
1.0371858114118186 -0.5135636460262045 -2.361173063442048 168991092708103
1.536291617879455 0.04875601677278674 -2.2994364976286388 168991112849287
0.584331145866064 0.36224700091822903 -1.482041873884161 168991132990264
-0.5301547122133989 0.37945824526583394 -0.3476330108260788 168991153131865
-1.0163600978957192 0.19021210402516608 0.642084021026637 168991173273571
-1.0741720626915754 -0.019790765998617843 0.9653884082275597 168991193415068
-0.4053459509345103 -0.09307870654889427 0.5960778164257978 168991213556671
0.4929473603461414 -0.13846443008286435 -0.13241509060936174 168991233869157
0.6426489039019132 -0.17952154406629184 -0.3265131271749895 168991253839821
0.5602739082777806 -0.2642104969717831 0.10224164669750846 168991273981475
0.49448377505972463 -0.21940062413992578 0.21422739938925695 168991294123337
0.4488096762977798 -0.11864794071819063 -0.13740714298859436 168991314264730
0.5988060418194738 0.02225694039419679 -0.6210463198596254 168991334406852
0.6346966889243291 0.06159217340910672 -0.6063707472939504 168991354548454
0.5856137964519634 0.07239385591478609 -0.21930069939766028 168991374690108
0.3658054902865706 0.07025639332557887 0.00983776079437182 168991394831658
