0.41397414069484295 0.04959095315215123 -0.5266678491224193 168991938655368
0.21668956646212423 0.33841543830297205 -1.0064294941416856 168991958796710
-0.1000736397990507 0.35059074907987764 -0.31500687656334847 168991978938362
-0.043511060276740565 0.27500384926390176 0.4817957682805716 168991999080121
0.21520335880985764 0.23822817706737176 0.41613729821820744 168992019221566
0.5168038003291362 0.34993312759139705 0.047192065137065864 168992039363220
0.3705231183883091 0.49073751769811835 -0.30105250023409713 168992059505238
-0.10563228653935264 0.5187863032209954 0.06240507012522212 168992079646735
-0.3169643253252321 0.43132542929554596 0.7200290365689277 168992099788285
-0.4143258547914357 0.3123821207801871 0.9034036003488923 168992119930147
-0.47480785180189855 0.291934505217899 0.6287287396541137 168992140071592
-0.255432218941519 0.32097436198681883 0.35078572609829095 168992160211943
1.1145140881280349 0.8253830052144551 0.29072379572238294 168992180353545
1.294113711908678 0.9149084549528137 -0.8150405923283435 168992200495199
-0.6307612765668076 0.9036552795872517 -1.5580017121439247 168992220636748
-2.438068493909696 0.06691836429480169 -0.21148926034013993 168992240778454
-2.809439170127757 -0.8174614023141586 1.654795408134138 168992260921253
-1.5557666681334559 -1.4855731257575773 1.863692283538561 168992281062647
0.0511019975244853 -1.5110903365435622 -0.3897346497316514 168992301204248
1.5984743714570886 -0.9157814489223508 -2.5552325440040713 168992321346006
1.891206254978171 -0.26537662398163064 -2.7672939453595076 168992341488390
0.9433971328887869 0.20498385706469513 -1.445536816443856 168992361629261
-0.1378970397827206 0.2161965583080061 -0.24842164065508476 168992381771124
-0.6697536669824267 0.06039621149015595 0.4829277265384322 168992401911162
-0.8054196328046914 -0.04177092143287453 0.5745257749807458 168992422052712
-0.41557594061875314 -0.12255247933379998 0.2402114402970965 168992442194678
0.45423358344249776 -0.29827391706079 0.0584777459876773 168992462336071
0.9582599136289982 -0.38946141880488305 -0.06249514695985825 168992482477673
0.9724795129344486 -0.36802665457515715 0.08170554258836327 168992502619170
0.7126027509725588 -0.232849058035125 0.33677556688319044 168992522761033
0.3525651109342971 0.006359913728148925 0.10584623475655253 168992542902269
