-0.014858965650294209 0.045374484649590485 -0.25956474864314716 168993147151671
0.12583255404226468 0.15639236115717203 -0.06492718953951782 168993167293220
0.08314895339006179 0.19193517798823834 0.10125649055588593 168993187435133
0.21388244396204947 0.2606770486405896 0.30140314166345883 168993207575590
0.14101562313838945 0.3670499396937217 0.33647163442451733 168993227716827
-0.0981005874267884 0.5623167095674777 0.20500494425836413 168993247858584
-0.4107070324414308 0.6200315903102318 0.1606104007191913 168993267999977
-0.5006847665781446 0.5379442175606854 0.17858597682535304 168993288143090
-0.3526474226375158 0.44723769826729765 0.34668958224153235 168993308283285
-0.28502321154751264 0.2867330297075892 0.596882915793226 168993328424886
0.6821865088869898 0.802567576109821 0.5293618013845811 168993348566801
1.553403015703342 1.2112435140128568 -0.5347625120173349 168993368708297
0.48855981490642364 1.4524909049602854 -1.755446728363868 168993388849848
-1.9113249996373614 0.753191454436978 -1.0507929295660943 168993408991449
-2.9601513083036393 -0.563328184106668 1.6264677071283744 168993429407529
-2.1685482927366615 -1.6260531722853333 3.13936996648395 168993449275537
-0.7694455677830794 -2.119726815172017 1.5062103286559099 168993469417243
1.0126784090547862 -1.882170612293864 -1.5855224597315223 168993489558845
2.4943956569313293 -0.8991568999913415 -3.3677954091914684 168993509700602
2.8975062716388136 -0.09580257077432286 -2.4854594718844245 168993529842048
1.6608394899673007 0.4614560879117917 -1.1501473626637897 168993549983649
-0.2373562400574094 0.40753156954818337 -0.3141486518497818 168993570125355
-1.7260910467334276 0.17120347829479599 0.5664789300826747 168993590266800
-1.6779675639492422 0.15054920841708608 0.7770234760973898 168993610408663
-0.36803323084689366 0.16809561673366957 0.1605958316591618 168993630550109
0.474958180947485 -0.014034248800564697 -0.48835683076642056 168993650691865
0.7339582439767378 -0.20022886388420247 -0.2705438630506365 168993670833259
0.5326499936188904 -0.31633543485736126 0.4251176439344908 168993690975225
0.4130462644263624 -0.217228504135889 0.4937562245225928 168993711116462
0.24658691388484 0.0470545990350395 -0.19741445397567592 168993731258428
