-0.05059230935285375 -0.012685972853306637 0.6220883515160756 168989541803845
-0.30449972638853295 0.28325942484235433 -0.4426369359746394 168989561945811
-0.3126061287670764 0.35924914143638453 -1.0728595487797117 168989582087360
0.003381893861338914 0.29740907877410727 -0.4317495530862694 168989602229274
-0.06318803959842889 0.07833253645678617 0.5071516270622345 168989622370824
-0.35623890824124316 -0.05078611927207177 0.8776573368060374 168989642512373
-0.3366512828429946 -0.008622059480156707 0.4731341702260803 168989662654287
-0.4679660458056456 0.10560235241587534 -0.0672934450691356 168989682795889
-0.3331252780507665 0.39045112021395134 0.0947858494134417 168989702937179
0.7787756564656367 0.5917432203899118 0.7194444021870035 168989723078831
0.9964091970475095 0.7686460411556801 0.4545350139371025 168989743220433
0.10070401779425764 0.8348875360495445 -0.10291251619406783 168989763361410
-1.280130145139594 0.32788317337088557 -0.3228939777990041 168989783502856
-2.064118764549175 -0.4188946331782919 0.031198977917046733 168989803644561
-1.43936874210809 -1.0562338706051335 0.4814777370211374 168989823786110
-0.5593563218114719 -1.3023113152341068 -0.08992767366433974 168989843928494
0.2745608409883227 -1.0495028607810344 -1.233502197525222 168989864069990
0.7673049227906581 -0.5812160581560768 -1.5051855470826776 168989884211748
0.8959728444825266 -0.12272431136861073 -1.1695781251661421 168989904353401
0.46625337324227134 0.1571306094988607 -0.7480526368516638 168989924495108
-0.18240501624993288 0.19593153838033928 -0.2646652540125811 168989944636814
-0.4614757708124464 0.10618370726677107 0.17542599991493524 168989964778259
-0.521487745556207 0.04915595018841579 0.3626796671194481 168989984919860
-0.4678615831637156 -0.03027973203676737 0.1545358235393084 168990005061358
0.1672146397190275 -0.1292897035981646 -0.029899173199803286 168990025202907
0.847028547712722 -0.254408325378531 -0.08478359637234245 168990045344716
0.9643782092639277 -0.19269902358407442 -0.15232394741037392 168990065486110
0.49207141506739216 -0.06123929699225883 -0.4419397243345491 168990085628129
-0.21880624685233618 0.023347429593693292 -0.42211867399888936 168990105769365
-0.39457624748186904 0.05935177179995499 0.09554480689463851 168990125911071
0.20307679498325482 0.09826266743996293 0.343025200984461 168990146052933
0.4589824320803537 0.17328786832696963 -0.041033940774931166 168990166194171
0.051390047226782976 0.26167716966157606 -0.555764164338695 168990186335875
-0.2706067122185738 0.22967864979176156 -0.44566113615845593 168990206477374
-0.22498146352485904 0.1488430174896589 0.07160829810448521 168990226619443
0.11669451668011277 0.18010957024172747 0.4283315603585882 168990246760732
0.36957631646909017 0.3084919530683816 0.4700089982868707 168990266902491
0.23134220551902218 0.3687418046422053 0.2391053431607466 168990287043884
-0.2919526027722821 0.28237137340126495 0.46052255577859746 168990307185590
-0.8327075900303256 0.17953479403351125 1.373471755560378 168990327327035
-0.40987945093051037 0.3231810578830583 1.7531353146045525 168990347468949
1.0001115759743417 0.7117064674001963 0.2754696774648919 168990367610238
1.6999549834357235 1.1217333379826577 -1.9052590236530866 168990387751788
0.7531158422173287 1.0560658696048755 -2.4485114181412193 168990407893441
-0.9233496113823871 0.27884927771514967 -0.16223931029422545 168990428034991
-1.9831254898871598 -0.6253336637653799 2.51135845410837 168990448176644
-1.7181532239409778 -1.238340661481054 2.482438814067946 168990468318142
-0.7618150596215321 -1.4853746776223424 0.36539441062935696 168990488459692
0.39364853824027435 -1.4493471053791236 -1.3500672839965144 168990508601396
1.5400042798109694 -1.0795948718032982 -1.1471070498534615 168990528742999
1.7515957090050258 -0.5405435732238875 -0.2845191359765191 168990548885068
0.9559518601727707 -0.024060835141609616 -0.11344294549996548 168990569026202
-0.10800462514303355 0.18502379282421266 -0.5433544540562223 168990589168116
-0.5418114149581768 0.03272362410312013 -0.513870574963728 168990609309405
-0.3323382921227913 -0.15696319056125319 0.05631076659151746 168990629451110
-0.09509426651073305 -0.28532397041775326 0.881718535148214 168990649592816
-0.3212292218023365 -0.22416982086545367 1.1854529531185714 168990669734262
-0.46788425634811937 -0.050490641848613294 0.4920513273386069 168990689875915
-0.2839265457034954 0.04516656855235901 -0.10436919203536466 168990710017725
-0.11897473265654623 0.05910688765438721 -0.10882494347204164 168990730159014
0.142747459968513 0.14226842027976083 0.21284238897236651 168990750300771
-0.1460071101501894 0.13976688466130938 0.1595805518028932 168990770442687
-0.44696926233890144 0.15551467960404786 0.37606532034856466 168990790583870
-0.030414765339870975 0.24606701712073864 0.44698262737260164 168990810726046
0.3686613517906032 0.3185699222903402 -0.1606634098206685 168990830866969
0.3750194134637326 0.4193212698635218 -0.34471725129403463 168990851008728
-0.32829257469776385 0.4532792815158171 -0.16743639869147753 168990871150641
-0.5670896261644611 0.398182507243904 0.261631935734318 168990891291775
-0.1721653532753189 0.32220811517012393 0.27572400561870447 168990911432751
0.0632809009734947 0.45625282026109915 0.4081768607449634 168990931575029
1.0819601699975459 0.9097410257401286 0.9211826018772209 168990951716944
0.9111247766230368 0.7539280744983525 -0.24618380131072337 168990971858337
-1.5841372880765707 0.5611502720986827 -1.1873156933923283 168990991999053
-2.0767336585862566 -0.45712226278980417 0.5419199062236375 168991012140602
-1.1375832159315054 -0.9462398024193437 1.46031815154141 168991032282464
-0.6586139360264545 -1.2785250450604746 0.6673756149831283 168991052424692
-0.14081937147741375 -1.0835133954233793 -1.2892806603572473 168991072566188
1.0371858114118186 -0.5135636460262045 -2.361173063442048 168991092708103
1.536291617879455 0.04875601677278674 -2.2994364976286388 168991112849287
0.584331145866064 0.36224700091822903 -1.482041873884161 168991132990264
-0.5301547122133989 0.37945824526583394 -0.3476330108260788 168991153131865
-1.0163600978957192 0.19021210402516608 0.642084021026637 168991173273571
-1.0741720626915754 -0.019790765998617843 0.9653884082275597 168991193415068
-0.4053459509345103 -0.09307870654889427 0.5960778164257978 168991213556671
0.4929473603461414 -0.13846443008286435 -0.13241509060936174 168991233869157
0.6426489039019132 -0.17952154406629184 -0.3265131271749895 168991253839821
0.5602739082777806 -0.2642104969717831 0.10224164669750846 168991273981475
0.49448377505972463 -0.21940062413992578 0.21422739938925695 168991294123337
0.4488096762977798 -0.11864794071819063 -0.13740714298859436 168991314264730
0.5988060418194738 0.02225694039419679 -0.6210463198596254 168991334406852
0.6346966889243291 0.06159217340910672 -0.6063707472939504 168991354548454
0.5856137964519634 0.07239385591478609 -0.21930069939766028 168991374690108
0.3658054902865706 0.07025639332557887 0.00983776079437182 168991394831658
0.18918980238550653 0.1053750365354631 0.10561190785424746 168991414975863
0.22150565050215532 0.24334543938462083 0.04695290518964779 168991435114913
0.26896477430797416 0.4031480311951974 0.07653937493296836 168991455256670
0.3749618585088794 0.5027674483936586 0.21433208588387487 168991475398063
0.03417358836960349 0.5583540954336783 0.45702475073835 168991495539197
-0.5613696253980671 0.5529088622844434 0.89550261309068 168991515680693
-0.7740957003184539 0.4405936913900561 0.9633381256287938 168991535822764
0.0838118186514869 0.44877622264329453 0.9357217700342852 168991555964366
1.3298668377336895 0.6787719546771349 0.6369929433711783 168991576106331
1.1002338022182017 1.0248657082729586 -0.5783084773343075 168991596247985
-0.6144418644754387 0.9157665900558669 -1.2444949263986962 168991616389535
-2.189258569705351 -0.02638330998655647 0.25590552372479314 168991636531293
-2.009158320608031 -1.1785651440829952 2.2450686572610845 168991656672685
-0.7192651330489248 -1.9279351230788961 2.322641839871368 168991676814288
0.5346709013733602 -1.8850482937756166 0.18470038595959437 168991696955994
1.5615135765674384 -1.1831484983017422 -1.990984808419825 168991717097386
1.7745160370352009 -0.4369240720788934 -2.15277319829836 168991737239613
0.8405723022844107 -0.02710273422561471 -0.460438773482438 168991757380797
-0.4127594433287214 -0.04489996081799141 1.3934531804327999 168991777522244
-1.4958325546629774 -0.22337114052939278 1.91278500528374 168991797664053
-1.5614853796678818 -0.16448792804851387 0.7463290784457417 168991817805499
-0.5400208232655554 -0.03676612368881038 -0.7391061708371565 168991837947204
0.16670160310630555 -0.1072327231697976 -1.1813117921384753 168991858088753
0.2925653840475444 -0.2926709441608377 -0.5170953321482803 168991878230772
0.1991646119255357 -0.3989316772036702 0.25420703506262576 168991898372008
0.27158754891542847 -0.29912581051293685 0.2586878936751007 168991918513403
0.41397414069484295 0.04959095315215123 -0.5266678491224193 168991938655368
0.21668956646212423 0.33841543830297205 -1.0064294941416856 168991958796710
-0.1000736397990507 0.35059074907987764 -0.31500687656334847 168991978938362
-0.043511060276740565 0.27500384926390176 0.4817957682805716 168991999080121
0.21520335880985764 0.23822817706737176 0.41613729821820744 168992019221566
0.5168038003291362 0.34993312759139705 0.047192065137065864 168992039363220
0.3705231183883091 0.49073751769811835 -0.30105250023409713 168992059505238
-0.10563228653935264 0.5187863032209954 0.06240507012522212 168992079646735
-0.3169643253252321 0.43132542929554596 0.7200290365689277 168992099788285
-0.4143258547914357 0.3123821207801871 0.9034036003488923 168992119930147
-0.47480785180189855 0.291934505217899 0.6287287396541137 168992140071592
-0.255432218941519 0.32097436198681883 0.35078572609829095 168992160211943
1.1145140881280349 0.8253830052144551 0.29072379572238294 168992180353545
1.294113711908678 0.9149084549528137 -0.8150405923283435 168992200495199
-0.6307612765668076 0.9036552795872517 -1.5580017121439247 168992220636748
-2.438068493909696 0.06691836429480169 -0.21148926034013993 168992240778454
-2.809439170127757 -0.8174614023141586 1.654795408134138 168992260921253
-1.5557666681334559 -1.4855731257575773 1.863692283538561 168992281062647
0.0511019975244853 -1.5110903365435622 -0.3897346497316514 168992301204248
1.5984743714570886 -0.9157814489223508 -2.5552325440040713 168992321346006
1.891206254978171 -0.26537662398163064 -2.7672939453595076 168992341488390
0.9433971328887869 0.20498385706469513 -1.445536816443856 168992361629261
-0.1378970397827206 0.2161965583080061 -0.24842164065508476 168992381771124
-0.6697536669824267 0.06039621149015595 0.4829277265384322 168992401911162
-0.8054196328046914 -0.04177092143287453 0.5745257749807458 168992422052712
-0.41557594061875314 -0.12255247933379998 0.2402114402970965 168992442194678
0.45423358344249776 -0.29827391706079 0.0584777459876773 168992462336071
0.9582599136289982 -0.38946141880488305 -0.06249514695985825 168992482477673
0.9724795129344486 -0.36802665457515715 0.08170554258836327 168992502619170
0.7126027509725588 -0.232849058035125 0.33677556688319044 168992522761033
0.3525651109342971 0.006359913728148925 0.10584623475655253 168992542902269
0.1823206434349378 0.3000464270762695 -0.364236586413508 168992563043924
-0.07822795790829984 0.4238750322860163 -0.3634595816308064 168992583185680
-0.1725310967953897 0.4314950453600641 -0.08058700124214502 168992603327438
-0.11577145946756184 0.41907298941305093 0.18826477400628394 168992623468727
0.04848390664470048 0.41831503215544075 0.3006118192050271 168992643610382
0.07961964484701034 0.475484545255604 0.21854121317652164 168992663751932
-0.05327205755989173 0.4672040424544832 0.14886861507246718 168992683893792
-0.027053681204163293 0.37814555818233586 0.3240631537767238 168992704036437
0.03599865659916923 0.30351742310836904 0.5779883159901291 168992724178663
-0.09998525440816475 0.34786764942419524 0.4733403598233532 168992744319952
0.3886397261609682 0.49450505703935654 0.33882853785868283 168992764461448
1.5776476207725247 0.6674668386002356 0.5475765021619461 168992784603415
0.8824916317742698 0.7759290372864385 -0.03591340764544304 168992804744651
-1.5610110891118343 0.5109898118604015 0.07800755513364566 168992824886357
-2.7925832853519674 -0.4676485801991781 1.6812659073881666 168992845026658
-1.761092995469074 -1.3512184735343435 2.7128105774730336 168992865169249
0.13173839659349085 -1.5977106186712255 1.2993500244784268 168992885310798
1.2614576118060428 -1.2102119519682297 -1.0290990819797585 168992905452452
1.2930772222573343 -0.5453668271995831 -2.082861785115057 168992925594002
0.5119031840558674 -0.10470166488466681 -1.3301444085607956 168992945735707
-0.276012120724056 -0.12807285534523416 0.1773151372138635 168992965877204
-0.5395230754854947 -0.2805710772449377 0.8506289652398409 168992986018858
-0.45268779632589573 -0.3116394789834498 0.32513207844187253 168993006160459
-0.1548260183107164 -0.2537549425617591 -0.5819475599027522 168993026302218
0.13428127519517696 -0.20164897358065836 -0.8598329502659516 168993046443610
0.28284005921864175 -0.22355062417702598 -0.5833985867752616 168993066585212
0.2198389419061635 -0.2534742884041208 -0.15590343973270926 168993086726917
0.05741412227493092 -0.21475452837954556 -0.08714950959866741 168993106868415
-0.05408090921130526 -0.11665225551613645 -0.21990271314768384 168993127009860
-0.014858965650294209 0.045374484649590485 -0.25956474864314716 168993147151671
0.12583255404226468 0.15639236115717203 -0.06492718953951782 168993167293220
0.08314895339006179 0.19193517798823834 0.10125649055588593 168993187435133
0.21388244396204947 0.2606770486405896 0.30140314166345883 168993207575590
0.14101562313838945 0.3670499396937217 0.33647163442451733 168993227716827
-0.0981005874267884 0.5623167095674777 0.20500494425836413 168993247858584
-0.4107070324414308 0.6200315903102318 0.1606104007191913 168993267999977
-0.5006847665781446 0.5379442175606854 0.17858597682535304 168993288143090
-0.3526474226375158 0.44723769826729765 0.34668958224153235 168993308283285
-0.28502321154751264 0.2867330297075892 0.596882915793226 168993328424886
0.6821865088869898 0.802567576109821 0.5293618013845811 168993348566801
1.553403015703342 1.2112435140128568 -0.5347625120173349 168993368708297
0.48855981490642364 1.4524909049602854 -1.755446728363868 168993388849848
-1.9113249996373614 0.753191454436978 -1.0507929295660943 168993408991449
-2.9601513083036393 -0.563328184106668 1.6264677071283744 168993429407529
-2.1685482927366615 -1.6260531722853333 3.13936996648395 168993449275537
-0.7694455677830794 -2.119726815172017 1.5062103286559099 168993469417243
1.0126784090547862 -1.882170612293864 -1.5855224597315223 168993489558845
2.4943956569313293 -0.8991568999913415 -3.3677954091914684 168993509700602
2.8975062716388136 -0.09580257077432286 -2.4854594718844245 168993529842048
1.6608394899673007 0.4614560879117917 -1.1501473626637897 168993549983649
-0.2373562400574094 0.40753156954818337 -0.3141486518497818 168993570125355
-1.7260910467334276 0.17120347829479599 0.5664789300826747 168993590266800
-1.6779675639492422 0.15054920841708608 0.7770234760973898 168993610408663
-0.36803323084689366 0.16809561673366957 0.1605958316591618 168993630550109
0.474958180947485 -0.014034248800564697 -0.48835683076642056 168993650691865
0.7339582439767378 -0.20022886388420247 -0.2705438630506365 168993670833259
0.5326499936188904 -0.31633543485736126 0.4251176439344908 168993690975225
0.4130462644263624 -0.217228504135889 0.4937562245225928 168993711116462
0.24658691388484 0.0470545990350395 -0.19741445397567592 168993731258428
0.1586586912641219 0.25097375735303196 -0.6830048053680409 168993751399821
0.28569160144879757 0.30193867385117557 -0.2989673208569328 168993771541214
0.24930523428403806 0.2622052359559408 -0.07675930590429636 168993791683493
0.09157065227098027 0.326707548139753 -0.025006077535937088 168993811824471
-0.10682160318321565 0.3377820541368024 0.4883935754712503 168993831966019
0.1270915455784274 0.3901108972156919 0.5626264814707502 168993852107830
0.2686532169314919 0.44497445996005425 0.06865587267660023 168993872249379
0.20234933135769362 0.3962261499992934 -0.02724082920246973 168993892391085
-0.07977092553884502 0.3136728145306851 0.3266936647630243 168993912532425
-0.6343123458998261 0.22020094693704806 0.8473534669666698 168993932674183
-0.25635124390736075 0.33919786692463916 1.149708945448336 168993952815942
1.3008882431553614 0.7524984302584627 0.4843911797961691 168993972957282
1.6641969226492894 1.0711393692067706 -1.1429802202255646 168993993098988
-0.25274890719306864 0.8873924523966661 -1.6734540003992018 168994013240902
-2.1155536179419547 -0.37049375292641606 0.4226381668681385 168994033382035
-1.899217796697314 -1.5257895335911336 2.697754088182011 168994053523844
-0.25166183501410133 -1.8875017440604065 1.8362550283581092 168994073665290
0.998975707769969 -1.3370277624358256 -0.9121727351260125 168994093806943
1.6359237302784753 -0.44992006151116115 -2.32157168419456 168994113948649
1.0755968943790302 0.09270066954107037 -1.6780947496993983 168994134090096
0.0036781990969740885 0.14298377782035665 0.10499734477173117 168994154232269
-0.8595574407224209 -0.04550067305621397 1.166456371911135 168994174373558
-1.3187250541404367 -0.11284096813247046 0.8944688084664079 168994194514899
-0.9556392229998494 -0.04284845809972637 -0.07099721885187371 168994214656657
-0.3076144057436294 -0.0369276922610311 -0.43819425945649915 168994234797998
-0.08903586053240353 -0.1662486967775756 5.432252473007715E-4 168994254938610
0.0025628154803269965 -0.3128207347658094 0.4430615333228407 168994275080109
0.0942133383217616 -0.2530764120313975 0.3482236407207724 168994295221761
0.19304645190740932 -0.051264840562618375 -0.3313209897671321 168994315526332
0.2790343294946773 0.12671273692490637 -0.823381987126206 168994335505121
0.17811027609574204 0.10425104891492509 -0.41079299204471464 168994355646879
0.04694378728284376 0.08738033131944078 0.1794954891767282 168994375788219
0.224688818888775 0.22035592521180192 0.22118428196638273 168994395929821
0.3728418754235199 0.4271026112631908 -0.12698323848939364 168994416217256
-0.09502483950493401 0.5220775968230527 -0.2195431337602649 168994436213129
-0.3877874497289473 0.44667819073969284 0.13322779767928816 168994456355824
-0.08626755743940784 0.24234011118550391 0.40206563658093053 168994476497165
0.12771446967347355 0.09591066316715313 0.39163541942099434 168994496637777
0.3393053648012787 0.25958985865872286 0.21919212459929538 168994516779379
1.301742143403523 0.6689878048957283 0.5924191293669363 168994536921137
1.2763424451915686 0.959445615010333 0.1428195808372994 168994557062477
-0.5138015321279952 0.8422757302895167 -0.8108664056426607 168994577205485
-2.1427062647648962 0.1777878693878634 -0.3309074799828786 168994597346932
-2.361149875093167 -0.7063903099584596 1.1931597582011975 168994617488584
-1.5729286891370338 -1.3211425214042674 1.7914662831234578 168994637630135
-0.49459783412212666 -1.5083666538421632 0.5044865030612664 168994657771631
0.984778275671049 -1.1227821902612316 -1.4046261295822369 168994677913546
1.9406424447555892 -0.43376042017773564 -1.9741647708532897 168994698054886
1.7176140534607214 0.14478853885781184 -1.6934797659013818 168994718196905
-0.19537897207517285 0.4056257529612495 -1.0979234611586055 168994738338141
-1.8360883339101384 0.3961192547127492 -0.11723037048938445 168994758479847
-1.800035217909361 0.1835946225202001 0.9022484184522424 168994778621450
-0.6717420415149888 -0.070397251202591 1.0477630902305437 168994798762894
0.297164472256759 -0.3009467072120735 0.017458519059434963 168994818903402
0.950573374680407 -0.39975394780090845 -0.5374369933462022 168994839045211
1.0251925864630755 -0.4570223965219764 -0.4940365087394618 168994859186605
1.0832277996392106 -0.30253197971758006 -0.03886934371031936 168994879328207
0.6869069467426185 -0.14513837674281405 0.1882648765942445 168994899469860
0.5262345417690948 0.09366713063699805 0.05683748721289561 168994919611462
0.36728890294652583 0.3519722787283488 -0.3207043266359335 168994939754365
0.3181353215759708 0.48304266673267904 -0.2950034027149968 168994959895759
-0.20038676227047336 0.4809531763548929 0.18737374267175255 168994980037204
-0.2314275738788787 0.48997494342766323 0.5955044628874022 168995000177868
-0.34717819191560295 0.43121335317963094 0.970873785153672 168995020319418
-0.5106282957199824 0.40718992082495475 1.1548972703104377 168995040461019
-0.6412541014197362 0.38728758119121487 0.8878338318733503 168995060602621
-0.242934921760789 0.3673129751092219 0.43158054206118024 168995080744223
0.7173586055601189 0.7856472550873779 -0.1707023632260558 168995100885772
1.984030927416845 0.9101462220386516 -0.14981872651834482 168995121027425
1.080486460683476 1.1198772315371706 -1.1979433601209255 168995141170277
-1.8010771400469692 0.32010832819848645 -0.5128834966904905 168995161311722
-2.727995501100075 -1.0710861890037098 2.0857015034288575 168995181453324
-1.3108631977550602 -2.049825494171719 2.684515792586836 168995201595081
0.41430993007720174 -1.9133223093998755 0.9716971067257187 168995221736423
1.6973781198430116 -1.2532774764261507 -1.510252177900675 168995241878181
1.6345016169681594 -0.3759618248909202 -2.39512801185179 168995262020043
0.7596398677932776 0.16574665336851346 -1.5285291672939318 168995282161384
-0.29913625029662794 0.15010220550731113 0.4059120177273545 168995302470798
-1.0761986486748025 0.03668332690584819 1.373899536056884 168995322443441
-1.274972590814842 -0.0367055845690718 0.8300766600955072 168995342584938
-0.6526074671831235 -0.0783146629677578 -0.09488642582984452 168995362726749
0.031087854378501145 -0.07473669131170624 -0.4793637305076257 168995382868245
0.3728072952215511 -0.0948479467993657 -0.2691599297186005 168995403009847
0.3365881213334907 -0.13633978322074292 0.10394695856886971 168995423151814
0.12228563378554247 -0.06040239298284433 -0.06523110501990415 168995443293050
-0.10009629765906602 0.056902694988725244 -0.27943097776592296 168995463434965
-0.2987904170335032 0.3054220583347309 -0.18825425486898828 168995483576254
-0.32850987268930254 0.48003100604278437 -0.16191932186394054 168995503718272
0.08780245341105797 0.31974257827172714 -0.2913518637411521 168995523859873
0.26376002913509655 0.1331500196486317 -0.13122602224292157 168995544001475
0.44755587487057724 -0.05694433974984392 0.31480677986191274 168995564133771
0.4558108131777119 -0.07238652648737443 0.5121847793582806 168995584274903
0.041723845854669595 2.4507568510045985E-4 0.32840016723662435 168995604416922
-0.45480451706626424 0.04492262304808037 0.19057657910179948 168995624558418
-0.4566414652155113 0.177368762500965 0.41657259140643976 168995644700125
-0.17562811357865904 0.3288945217195227 0.5456237957814016 168995664841569
0.12720991148082295 0.7659476486256178 0.2266479624063713 168995684983015
1.3163797455909085 1.0459612439004946 0.08136719805009696 168995705124877
1.638675085535227 1.2026503427766464 -1.1107119056224226 168995725265958
-0.28504381829056835 0.7922594343775664 -1.9724440362166882 168995745407924
-2.233918843694955 -0.24923688609169758 -0.40275991647335063 168995765549213
-2.351783512455964 -1.225671247154608 1.6378384535400694 168995785691753
-1.0405942904335213 -1.6276195172549368 1.6326218370508054 168995805831322
0.9075636301531831 -1.5130819419289505 0.13499151260939435 168995825972976
1.8453868416225467 -0.7768962176056604 -1.3346825711624848 168995846115932
1.6992831061105373 0.04582921732172274 -1.9491669553674877 168995866257429
1.03506125051343 0.5450862254198778 -1.4857617869502402 168995886399188
-0.329092112870506 0.6777804061171526 -0.6776475154976922 168995906540737
-1.4924362879526547 0.3823610436437228 0.32421499541434606 168995926682391
-1.7489172920808738 0.06949967475872931 0.6372406486752267 168995946824304
-0.8511724078834488 -0.07701744769301655 0.30860843690893125 168995966965646
-0.027007262244258978 -0.20052997377941395 0.3685176089021449 168995987107194
0.29740053786084264 -0.2350455610547808 0.5222921144654658 168996007248953
0.7288750201324241 -0.33965998400007535 0.4993644532911228 168996027390502
0.4834296059496892 -0.234838338762561 -0.5169757225233518 168996047532208
0.5977300128847514 -0.1261641280412995 -0.7339419061436816 168996067673549
0.8469340103078011 -0.047098294620539605 -0.7003371186649456 168996087814890
0.753572598871241 0.006327711959817961 -0.5496617847757066 168996107956492
0.604481614253243 -0.022000818713395986 -0.6128617520393154 168996128098093
0.46610482265259434 0.0320819622167825 -0.18323373756895234 168996148239904
-0.12267278250292457 0.1770937924296767 -0.03208503693016196 168996168381192
-0.5711362728773399 0.28577903784999137 0.38105804467462034 168996188523106
-0.8462400729893718 0.33210223418624274 1.1170168458959466 168996208664396
-0.8824241872977474 0.46607241234899455 1.2539406251542573 168996228806049
-0.754877338119448 0.5894106642541956 0.7514679298109059 168996248947755
0.14764842247319176 0.8627638829658562 0.4208764922862249 168996269089512
1.9409458864160536 0.9887584696539342 0.8357368383602299 168996289229813
1.500388545070343 0.9145175179106477 -0.5490863105618162 168996309371361
-1.0792790076937258 0.5647561041722682 -0.794969732043203 168996329513276
-2.5058182256862307 -0.4394060541621858 1.4765852495216878 168996349656127
-1.8114050688302346 -1.214964784735999 3.1639342152423504 168996369797624
-0.44067678943918764 -1.2752188981012988 2.09206045813138 168996389938862
0.2775611075111497 -1.0309173059810401 0.15353117900510416 168996410080567
0.9188262297589196 -0.812075153378581 -1.016371834139667 168996430222065
1.3358544408383857 -0.5027973297341148 -1.4804314516867336 168996450363718
1.0531195878269586 -0.14487702394354152 -1.3187689894743873 168996470505841
0.20585016244906695 0.07320970897016643 -1.04858208611076 168996490647234
-0.6733447723844965 0.032334857019883145 -0.459397895451108 168996510788940
-0.7504311890013473 -0.13472781750909313 0.12628051176411326 168996530930021
-0.35560618166982794 -0.3086855743197745 0.7221303664425407 168996551071674
0.023290933570387473 -0.2699709203933196 0.8308659142477826 168996571213589
0.08357415310630989 -0.09195329881465497 0.10109409858572604 168996591354929
-0.10868999392120227 0.013412458604525668 -0.5342492328501693 168996611496687
-0.02299935841821199 -0.054760755772630176 -0.48596872221763565 168996631638185
0.18330949764043059 -0.1401709093056045 -0.2617852316803586 168996651783588
0.24477992233109447 -0.10503223525698324 -0.1150190056567868 168996671920606
0.2859728636461254 0.030695891481913762 -0.24295514593167944 168996692061843
0.29169332997940023 0.21464460381053208 -0.4186683159640934 168996712203446
0.011638355389770094 0.325682968204676 -0.44858211370877443 168996732345151
-0.31181968678193384 0.28770701909498975 -0.07966647221701972 168996752487950
-0.324419128331797 0.17352499027599144 0.4393307870701344 168996772628249
-0.17612465813418776 0.12522135940829315 0.6295285944998579 168996792769800
-0.10264289056985021 0.11150521252663381 0.6788548091936359 168996812911921
0.04718256254412001 0.0746411817400574 0.6659354098549088 168996833053054
0.1354999562852961 0.08744732039204628 0.18193045679017672 168996853195854
0.1458755509657368 0.08456967271988702 -0.4234619822241088 168996873337247
0.10879028452258943 0.015031226457159264 -0.3114868709355374 168996893477963
0.22915869246182163 0.0567027155407267 0.20345942903282 168996913619356
0.3038469735007072 0.417859731026331 -0.5702646833362439 168996933761063
0.5939320709880658 0.7845441324773148 -1.2236311802627453 168996953902611
0.49059975835295266 0.7277207552006022 -0.5360704715539462 168996974044266
-0.937549490192638 0.3360706471292314 -0.36617327177440684 168996994185971
-1.6756133226228607 -0.18203459557786594 -0.31724281663827547 168997014327521
