-0.05517059302263072 -0.041886347133756274 0.7379985914801779 169017236500445
-0.6164020994181045 0.14105146916799427 0.09739350209039266 169017256642203
-0.6628848631282336 0.3683831675218947 -0.41483422176518614 169017276783648
0.03946750012241318 0.5436323152675158 -0.10486542428714873 169017296924677
0.32664235947293063 0.5409361256515126 0.1769597113515311 169017317067163
-0.11269734289040567 0.7901707755212097 -0.10406211373127494 169017337208610
-0.7980069954060744 0.8955033196357185 -0.13742449567252013 169017357350471
-1.10455549866861 0.5146082221148252 0.20747983705573425 169017377491916
-0.10970641065363784 0.3690230034731101 0.5614428540195875 169017397633465
1.3734287191333399 0.5441563910597385 0.16354637305942 169017417775172
1.756543268275422 1.1050394683165408 -0.895774229677464 169017437916616
-0.40587378381716244 1.0929671215282326 -1.306780516554471 169017458058478
-1.7760295934599801 0.11637809175383573 0.200803614100173 169017478199820
-1.956443791955484 -1.082202702378181 1.7668440631551383 169017498341577
-1.5802917523143876 -1.7813017126837938 1.3969713442741112 169017518483179
-0.2953857456015099 -1.6485765263970347 -0.804395580830711 169017538624624
1.0018505832062923 -0.7218153226801274 -2.175498886539569 169017558766383
1.2531162087525338 0.11937391373089845 -2.115985046731655 169017578908088
0.7388821271582771 0.6232212989534691 -1.3818627444165745 169017599049585
-0.05303492327337844 0.561394421975276 -0.7533783791270097 169017619191083
-0.9466759854937026 0.30069024461147187 0.2031444646671423 169017639332892
-1.119083952457462 -0.11612505040457322 0.6983920365774641 169017659474286
-0.06669050180971992 -0.2834029700111582 0.6575539612932213 169017679615940
0.993510391520974 -0.4359264775714262 0.3033747120033272 169017699758271
1.2943078249355295 -0.6196518265883917 0.0582515274151616 169017719899142
1.0754364943234238 -0.490399195645713 -0.1745413561928708 169017740041005
0.46906501577123905 -0.2947363487040704 -0.21878347557929678 169017760182449
0.043782286054491415 0.04735301088049404 -0.019716721869687426 169017780323792

