-1.1166137695312501 6.7731201171875 3.0966552734375004 168797249934172
-1.2464770507812502 5.436562500000001 1.9828173828125002 168797270075513
-0.9453383789062502 4.3402167968750005 1.5508535156250003 168797290216854
-0.6307091796875002 3.3385430664062508 1.4747526367187502 168797310358561
-0.31701851562500005 2.661496074218751 1.4471605078125003 168797330500161
-0.40467682421874995 2.232028890625001 0.7601942265625006 168797350641764
-0.20562622500000005 1.870315495312501 0.01196397500000046 168797370783365
0.38505956687499987 1.4741942907812513 -0.2761221793749997 168797390924967
0.5558992159999999 1.053000452156251 -0.09846122006249969 168797411066568
-0.015949572512500065 0.704436494537501 0.7050322934812501 168797431208169
-0.4868441306662501 0.4753533948487503 1.2788085496287502 168797451349719
-0.45309835140800003 0.42911084087899987 1.1188964490780005 168797471491268
-0.6518341498764002 0.5930445320782001 0.22570797957490019 168797491634329
-0.5357617534948702 0.6030000787875602 -0.21490480774632958 168797511774523
-0.25595315279589625 0.3987696919362982 0.18946531395918642 168797531916125
-0.013942209736717004 0.22917200354903855 0.2970800636673494 168797552057727
0.15220072439812626 0.2281129934642312 0.051702136871379256 168797572199485
0.2191482748310012 0.36424088305263425 0.011808486840853671 168797592340983
0.1545056315835509 0.45231799941085704 -0.03838035896481706 168797612482480
0.03833839198559086 0.5236341846849353 -0.38494012701560365 168797632624186
0.24740655343222273 0.38648547274794787 -0.3712089375499832 168797652765786
0.7198612779020284 0.1429530266358583 -0.07849791175873655 168797672907441
0.5964700770091227 0.18023156193368628 -0.31138231378198933 168797693048990
-0.09601729776770185 0.4112262651719494 -0.6497894447755912 168797713190643
-0.5034007522766615 0.26379546526255915 -0.15745362613297287 168797733332193
-0.23367763307132927 -0.012254643414951971 0.4161513569061217 168797753473847
0.2631677568241866 -0.15865625379446158 0.2017321206811471 168797773615397
0.5171992445218494 -0.16814814756681962 -0.5388584440800823 168797793757049
0.19802453233622952 0.04640189210279466 -0.6670608763578159 168797813898600
-0.19913652647476643 0.2564330371197361 -0.37650758780500304 168797834040252
-0.26587660399231305 0.3889110781332885 -0.2931250155565026 168797854181802
-0.2224058730376004 0.2713095265691301 -0.3096220827577021 168797874323405
-0.13377186639883032 0.08059742594280372 -0.26016104511241167 168797894464953
-0.22648770796281426 0.038293858722992624 -0.33250627749617934 168797914606608
-0.4025646780890013 0.036665360415893744 -0.4498062915281933 168797934748157
-0.15780613700245105 -0.045179430417285005 0.28618768162119546 168797954889758
-0.03305643303946093 -0.1582504779275773 0.7909496570157066 168797975031359
0.06328874028718134 -0.16004764796706183 0.2265585537375654 168797995172961
0.2057213242609952 -0.11363382149864876 -0.4213532546661978 168798015314615
0.11952090706504626 -0.060206373605169006 -0.20997078732670849 168798035456217
0.10782375690203705 -0.1640830676341345 0.5466107724823832 168798055597766
-0.05388992025962036 -0.17278256738855724 0.6677451609546567 168798075739367
-0.24931310808269647 0.26926906327665456 -0.3871539688925245 168798095881073
-0.29456767396615713 0.693003141246324 -1.9464053040202698 168798116022570
-0.2374363657354257 0.41693913409080885 -0.8974562744662158 168798136164172
-0.027595576963340473 0.1714053111788978 0.5609778515207777 168798156305773
0.5278991243668276 -0.18769264558813248 1.0504424374666224 168798176447376
0.2703417604309619 -0.2581863430330067 -0.5137964406517019 168798196588977
0.3266615919385196 -0.08351440645765607 -0.8089009220526115 168798216730578
0.22563591417581574 -0.15136963063487485 -0.20287024936083942 168798236872233
0.055301211809402506 0.008835936117099763 0.4564660075425788 168798257013104
-0.2907810032087279 -0.0313345714188209 0.5025507357215631 168798277154654
-0.2481399392857324 0.08452706942744292 0.09487506123350053 168798297296985
0.04156373216516407 -0.026372485083046016 -0.22676108382569948 168798317438534
0.3153188568258811 -0.1530437888476861 -0.3120973436230594 168798337580188
0.3689054760857049 -0.17295993342189853 0.05411851182030247 168798357721789
0.18183092383731392 -0.10416384517501776 0.3974329930499918 168798377863443
-0.05421787811764878 -0.02246681832751385 0.12052207803374326 168798398004941
-0.029787876712868977 0.009956232837989631 -0.21959796257300512 168798418146907
0.15341579237970482 0.027325337832891705 0.19568393462909572 168798438288144
0.062051481560013944 0.01557364917256443 0.20411794848452658 168798458431100
0.060163646185511066 -0.022587467380699167 -0.045970777931128914 168798478570721
0.08428814351090885 -0.06510366531080969 0.2894562878113467 168798498712323
0.05038949918372704 -0.15534220959239775 0.6062720614990775 168798518853873
0.05580232200323154 -0.2062195684551682 0.2913653054492622 168798538995422
0.40433424041508526 -0.1781836625766342 0.03591206857815976 168798559137076
0.6580499118633183 -0.09312066053005807 0.08934977205002781 168798579278626
0.7395991091781546 0.15445854970095318 0.09965364576502234 168798599420227
0.5691084865612737 0.4326000428857615 0.21451295567451778 168798619562558
0.04768180878026901 0.5046737843086095 0.3411904426646144 168798639703846
-0.11537017797578475 0.41616578525938763 0.3289460064754417 168798659845188
0.015357666213122179 0.17990528445750975 0.22034674658660336 168798679986633
0.19028906265799778 -0.004977139621491489 0.10399956523803233 168798700128287
0.1152561524701482 -0.06438210232219355 -0.013895074372074045 168798720269888
0.06539828135111858 -0.09228937326400377 -0.033711274341409414 168798740411543
-0.16833567179410514 -0.20265229939245266 0.07049191802687238 168798760553248
-0.18603572493528409 -0.26601588248271213 0.226901346921498 168798780694589
-0.10816695885447725 -0.2911086044236697 0.07998299159969857 168798800837180
-0.20418493427108175 -0.20070914916393612 -0.24092083328274105 168798820978522
-0.054156052885615424 -0.1665853857373989 -0.2623045377199431 168798841119498
0.0038187123790076605 -0.08342699999616876 -0.2627489036134545 168798861261099
-0.12536299884679392 0.09645420078431499 -0.26101699398451395 168798881402649
-0.4284520201711852 0.352553985627452 0.14038074074988893 168798901544980
-0.46887245598069816 0.5161618408457116 0.9155150418186615 168798921686634
-0.32369415619080855 0.6334616992390689 0.9635155490799292 168798941828182
-0.32494653589014677 0.8639348867350058 0.25499212676394345 168798961969733
-0.30176631074336746 0.9769267179817547 0.1382710451611544 168798982111386
-0.3453559196884439 0.9396956712604041 0.5622037501914234 168799002252987
-0.33639215762575514 0.9087999940395726 0.5222971798406388 168799022394642
-0.38814448781935407 0.878004350700408 -0.16596352565873884 168799042536190
-0.16588668400548334 0.7753649063415775 -0.6575755080269912 168799062677844
0.47086731295186346 0.6387611633545127 -0.4924788634528432 168799082819446
0.5831147487989907 0.4741314892773598 -0.2699108251372744 168799102961152
-0.5621825173670576 0.1555747226718882 -0.41381684370356986 168799123102597
-2.0033470881123963 -0.4081085812374887 -0.10933716636910562 168799143244875
-1.877348080646167 -1.0761816892087417 0.4863583919047154 168799163386061
-0.3004258277981835 -1.5488848044919923 0.13823222133627233 168799183527610
0.9710484979177032 -1.5957606756248435 -1.1425392229309823 168799203669160
0.8623612592716627 -1.4414644975311237 -1.986736456469786 168799223811125
0.05970101913608028 -1.4106545081811497 -1.8262055714258287 168799243952414
-0.16108928234738595 -1.3978595440449197 -1.0947901407344132 168799264093860
0.13884097646584115 -1.2291396860171862 -0.5992574055562805 168799284235514
-0.04263815632732704 -0.9499377253762482 0.11395345055497552 168799304377168
-0.030192068030611807 -0.8078261568634986 0.45396793622523024 168799324518769
0.1819254471380105 -0.6285729372095483 -0.2848114908635657 168799344660319
0.23946125614790836 -0.5102680177363892 -0.7410205794096028 168799364801919
0.33784586038707687 -0.480272519657861 -0.4390933189964321 168799384943521
0.5325081336221615 -0.40351733213253915 0.050092532302854265 168799405085122
0.5010065068977294 -0.17556044773728186 0.2168440453735334 168799425226725
0.4415888969244337 0.3156795714976752 -0.16756480276367336 168799445368429
-0.05754431214795308 0.8611129931356398 -0.2810367054921885 168799465510084
-0.21891142628086246 1.2453357070085112 0.24880344810624933 168799485651790
0.23668726522531003 1.3791298937318093 0.49601541473499955 168799505793078
0.5965519606177481 1.585164266547947 -0.16930094946200036 168799525935097
0.41902623646294845 1.834830631988357 -0.20520394316335033 168799546076334
0.23022831338910876 1.9903132360594356 0.5532074509380698 168799566217936
-0.08283395085121303 1.9253438505662999 1.0911255310629557 168799586359745
-0.5912549536497205 1.7831705882655413 2.1097778662566147 168799606501243
-0.6583311113572765 1.745152193268682 2.998393582067792 168799626642793
0.48937514997667875 1.433682789771197 1.854745139091734 168799646784602
0.862471799668843 1.1531596107232076 0.3875070487733874 168799666925943
-0.3117071305774255 0.49790610654731715 -0.4678019781687901 168799687067388
-1.8469365052431905 -0.6521756030433963 1.053871210433718 168799707209198
-1.4514627784133025 -1.6975705605597167 2.5451599566282246 168799727350748
0.4632438397693579 -2.4249265656352748 1.5542676137400804 168799747492714
0.9251971225967364 -2.375475920476969 -1.3877504597891859 168799767633898
0.6299770340148891 -2.088356810600324 -2.472358570956349 168799787775865
0.012856138930661398 -2.072101464105259 -2.2173888098900796 168799807917155
0.08928881739452899 -2.3072050970654576 -0.8679906377558138 168799828058859
0.25998085860312314 -2.354394448746116 -0.08881389692340136 168799848200306
0.2644177923512485 -1.9337474925906433 -0.12958383238247118 168799868342114
0.1464097221622489 -1.3956185995412653 -1.0683643315309772 168799888483613
-0.2745958550827008 -1.0285676335392626 -0.9346231058497816 168799908625265
-0.20627336375366068 -0.9906031302689104 -0.19055737139857554 168799928766763
0.08299156290332155 -0.8959859221838782 0.4273148450686399 168799948908417
0.34152752766640715 -0.5861124682158527 -0.06560662003883833 168799969050070
0.4796917486956257 -0.23932454488518218 -0.5415722100935705 168799989191517
0.42642918020650056 0.1617874344043546 -0.5691952680748567 168800009333118
0.07766678166520047 0.6632678381484833 -0.035605237897385233 168800029475084
-0.15736120357408967 1.2125844853625374 0.4542062393695918 168800049616424
-0.16889433395302167 1.6840568461025303 0.5870466321206735 168800069757974
0.04589039221258273 1.6521893245382744 1.536885840852789 168800089899732
0.10754971611381614 1.8769516549431193 2.1972943172134816 168800110041126
-0.763740500546447 2.724632613016997 1.040879887364535 168800130182831
-1.9156676934059078 3.297626012288598 0.10363896848537779 168800150324381
-1.7033471430059763 3.1425441692058786 0.7547495536945523 168800170466086
-0.7708564253422812 2.4184786947397026 1.4489412445181422 168800190607687
-0.16451228871132484 1.8350270964167628 0.764023601083264 168800210749342
-0.6546322919065597 1.4261393529146602 -0.311339712883389 168800230890838
-1.6769529038377478 0.6696834549879789 -0.13697460233796122 168800251032493
-1.824338201976448 -0.40438995475961725 0.5535917048483814 168800271173938
-0.6946023975186586 -1.4069226083389434 0.4786033443474551 168800291315487
1.5734684726100734 -1.9184824226086548 -0.9764557034282859 168800311457194
2.189243528088059 -1.9123616216806738 -2.8102050900863786 168800331598690
1.4329377912204468 -1.8122623442195405 -3.370185556444103 168800351739667
0.2897462290701074 -1.940080871469382 -2.153899909999032 168800371881216
0.03229747153733609 -2.1644792479567556 -0.6593259826867257 168800392022766
0.6699908092611189 -2.286759179615405 -0.11867172364938083 168800412164367
0.7660097372526451 -2.133179316348574 -0.6278719492320048 168800432306282
0.4447657976146162 -1.8556523397976097 -1.093947950010604 168800452447572
0.4520772865291929 -1.5975956023068374 -0.6082150006334832 168800472590005
0.6434733526608543 -1.3527957201267196 0.25389430808696334 168800492731555
0.5994832719724332 -0.912339115163876 0.36411398162582076 168800512873156
0.04295331679669667 -0.2186408233811008 -0.09298615844934344 168800533014602
-0.6568116629688927 0.38139837645136954 -0.18185962988447457 168800553156463
-0.32624278740636425 0.7678872558485956 0.2694781164049205 168800573298118
0.08263369976240842 1.2357209374913767 0.38331930953018656 168800593439460
-0.017706516752573176 1.853774503899352 0.09814714684289938 168800613581321
0.31664533347294155 2.3484004624944816 0.30245570575556946 168800633722819
0.2789022042783533 2.6746432215580853 0.7073332169482058 168800653864627
-0.4882185686085674 2.893559792090219 1.1436986048085647 168800674006178
-0.828221339261854 2.664762384453425 1.9755301729093517 168800694147623
-0.32616349719073323 2.01291342318774 2.304642888327481 168800715137923
0.4118231084974133 1.5130773205814414 1.448352982536985 168800734431294
0.9901274321104307 0.9480595127151528 0.5156770149358381 168800754572480
0.5173705003758446 0.43393589142212363 -0.14378163023882973 168800774714030
-0.8729444200118244 0.0933645334501989 -0.6506820424723139 168800794858912
-2.1612827821032097 -0.4586457755835909 0.7155261433658993 168800814997389
-1.4734842334950677 -1.2867530462481227 2.5675625162552196 168800835139042
-0.265371859452304 -1.7778033159047482 1.7851169075354258 168800855280852
0.3340404030631565 -1.6228163831925482 -0.6253122356904095 168800875422193
0.38806972479427504 -1.3686754698352885 -2.201519319802328 168800895563586
0.20067794780417003 -1.5120546336807301 -1.7740450456856127 168800915705188
0.36033483871208594 -1.9306886288195848 -0.5307228529547401 168800935846738
0.6049670897196688 -2.164814574930668 -0.024553868301292248 168800955988496
0.8763564842757352 -2.062869726350784 -0.36154983292228415 168800976130252
0.6623400702330884 -1.6470731248306265 -1.5225650616503272 168800996271699
0.29416648978022075 -1.3556223670520016 -1.527427049320262 168801016413195
0.27488397307417656 -1.257679045985351 -0.27103831914370957 168801036554849
0.04831294017809129 -1.2005157953820316 0.26271036031003225 168801056696451
0.31761763729872294 -0.8152954488056254 -0.4233766336269742 168801076838104
0.7539720395264784 -0.35973147623199964 -0.6716236701828291 168801096979602
0.23866347146493272 0.1251420651081503 -0.3680240338025129 168801117121359
-0.5757318204843038 0.7990638473990206 0.09834200342673993 168801137262961
-0.6439838938874431 1.4062432654192163 0.5636833683663918 168801157404511
-0.6753921932349545 1.8203925615541223 0.6988470853181137 168801177546790
-0.32542117646296354 2.117092857837048 0.779084992473241 168801197688183
-0.424680202889121 2.582944305800888 0.7037245369473428 168801217832024
-1.523032736530047 2.968296362609461 0.6869786529953741 168801237971335
-1.9930233571927873 3.1649813283688193 1.2308939575525493 168801258113248
-0.49179417403547987 2.884267777538806 1.3813094043232894 168801278253496
0.341257043584116 2.441801429062295 0.012078773458631176 168801298399420
-0.151408427632707 1.8038683893435845 -0.4830737976393449 168801318537636
-1.461654085856166 0.8287148286623669 -0.006991264673976261 168801338679341
-1.378576198372433 -0.3803875120701061 0.6177834531045692 168801358820943
-0.5446456266666964 -1.4149179198123338 0.6220099656086555 168801378962388
0.6113293971041429 -1.9094489842873674 -0.8114740587630758 168801399104147
1.4708140059645647 -2.1057818436798943 -2.1040864735729605 168801419245696
1.9031892907091517 -2.2304750843189147 -2.8714283585458684 168801439387401
1.2641041669423214 -2.129948915111383 -2.5024405383991946 168801459528847
0.8473795249601073 -2.154276514901607 -1.1286125869693557 168801479670448
0.625669733249336 -2.0039632041087856 -0.08494573363798463 168801499812154
0.1059923295682188 -1.6844815984432788 -0.10125736816038788 168801519953599
0.15498429334207509 -1.1303123295358732 -0.6489624374970604 168801540095253
0.6124151690486601 -0.9373675394099488 -0.31337161015389836 168801560236907
0.5577177797701782 -0.7702553596529587 0.043394508751881444 168801580378404
0.11680410662864249 -0.5858820220973673 0.003367950751504978 168801600520058
0.33784025795916395 -0.5067549340841442 -0.22139011205504588 168801620661607
0.7039880266798311 -0.4342369550798155 -0.5353518357377867 168801640803313
0.6466621010313649 -0.13285098984510224 -0.7272926990589794 168801660944914
0.579243743325092 0.3997494815614182 -0.6987531045596835 168801681086412
0.32086569778507357 1.1074582766553842 -0.27622660474149685 168801701228117
0.014614921509308876 1.6013352736680568 0.6257838529255526 168801721369719
-0.1288476135738028 2.028944195496946 0.6544967112466922 168801741511165
-0.2956562158590422 2.659983969678807 -0.1938586856901463 168801761652922
-0.2056045625309837 2.965890007774295 0.631375453791633 168801781794367
-0.690411384399787 2.8432198187194366 2.7944680388145566 168801801934979
-1.6567968809573297 2.6621368901317997 3.498135466207896 168801822077675
-1.3904155321096137 2.445847207417941 1.9423316151538166 168801842219328
-0.3092684608439409 2.025232453434352 -0.0011884188144466457 168801862360878
0.19057351257484734 1.3846879158724814 -0.4870835475515576 168801882502585
-0.5213571079088721 0.41346322332298513 0.3184996658650041 168801902644081
-1.505489006639598 -0.8534701439978623 1.4822289319107531 168801922785735
-0.8975918889054286 -1.843396232385789 1.3954389072473523 168801942927232
0.4813039302819071 -2.3058815366898813 -0.04474506560836833 168801963068990
0.9906461715692756 -2.3661651902894043 -1.5279347243616948 168801983210487
0.8146360778804205 -2.3002685780127745 -1.6337247326143558 168802003352141
0.5528563232418364 -2.4251513858477196 -0.7259373056227347 168802023493690
0.39515371093721896 -2.5268886868031757 -0.22323031324818743 168802043635344
0.4797582226560251 -2.4816061642862906 -0.5989089576298001 168802063776946
0.59543987890607 -2.2951726267415324 -1.26419796688509 168802083918495
0.792697117968606 -2.0321952302994752 -1.467742650851822 168802104060201
1.1010278115623848 -1.7611077467395804 -0.9754636519314577 168802124201698
0.7406122883124079 -1.4107294591104145 -0.2624876207639162 168802144343404
-0.3117460091938238 -0.8832222391633318 -0.12296617082988304 168802164483807
-0.763874346417559 -0.2741803303931656 0.11188096958609361 168802184625409
-0.4395174458840474 0.21731345052921736 0.7032132717626247 168802204767011
0.19660381673026195 0.7310040807358744 0.7512424924100998 168802224908561
0.09890902994670969 1.4382456474011995 -0.03806850607192036 168802245050527
-0.5798937721363824 2.1567732757334594 -0.2013044142325362 168802265191764
-0.1071889434903559 2.375076823711768 0.616410081895221 168802285333417
0.37794513427021514 2.435803646469415 0.8300299209849271 168802305475019
0.008630521478671938 2.544382663269282 0.7354961047566917 168802325616568
-0.7307054460983127 2.6344685329591755 0.9802792080241032 168802345758170
-1.8111878920349003 2.6830631076173415 1.3435983664192825 168802365900084
-1.9053834190966703 2.429726853281373 1.5635017400104259 168802386041425
-0.38471933293358607 1.7628976935626 0.9597247318520905 168802406182974
0.6456180883406311 1.2807283111000807 -0.06028417936207742 168802426324680
0.30772982223500467 0.6199317699738138 -0.6898899411459118 168802446466073
-1.2162795211182464 -0.2900897402709486 -0.5134720115104798 168802466609134
-1.8167980309570972 -1.1955727687792592 -0.4793811248333837 168802486750526
0.25917143851557256 -1.7913703243984074 -0.8746548022104568 168802506892440
1.7810187914374578 -1.9781524118624763 -1.9235031386433654 168802527033886
1.661875580024966 -1.7831566951149824 -3.0307214562271927 168802547175487
-0.11490871566752725 -1.5089594381232363 -2.626652360294254 168802567317349
-0.7611530467527716 -1.544081612998589 -0.23981065776665345 168802587458743
-0.2009634530272173 -1.5638785716488712 1.3190767667554273 168802607600292
0.27867015554697616 -1.4583050057565963 0.3889161985605918 168802627741737
0.6935782142813309 -1.3507504499177774 -1.1332395997452767 168802647883704
0.6814494854875646 -1.3829685239967215 -1.2841429493274714 168802668025045
0.7301449399525517 -1.3890164207598774 -0.44381826571197713 168802688166802
0.7178317722745413 -1.167121339732902 0.5625723405554184 168802708307103
0.32094510531963305 -0.7564143569425719 0.8772795521318346 168802728448547
0.02483469753695644 -0.417045548054058 -0.5162427645445322 168802748592025
0.11853719162331533 -0.054376184536995886 -1.372515696010626 168802768732896
0.9384943040799023 0.1691943648704033 -0.12774888493350067 168802788874758
0.8997334315451719 0.5687539293963226 0.8471661264281996 168802809016151
0.2419058858611376 1.485349823204558 1.0550522370800597 168802829157805
0.0660100602514101 2.498973217938646 0.2303821216952977 168802849299303
0.05126996226362812 3.1570887306009165 -0.3332235995187618 168802869441217
0.08742710262340248 3.1835445196369836 0.41314524147874065 168802889582558
-0.5651779468075282 2.6840060258658376 2.1434312322454927 168802909724159
-1.7582947011960226 2.713940660536421 2.874925649858894 168802929866230
-1.170527362519318 2.4748878799916376 1.5982681566058652 168802950007310
0.5997353365470455 1.6921417493058115 0.6829724354409423 168802970149017
0.49552313251888647 1.0331689658508996 0.1296787296027535 168802990290669
-1.2033251463286407 0.0901460125244693 0.5386306789947026 168803010432115
-2.0738417576879127 -1.0589989126366746 1.3946130392895122 168803030573821
-0.8597692069315803 -2.2204779387030893 1.27982617361911 168803050715735
1.2195698883609856 -2.8631255150249704 -0.15537490094846174 168803070857024
1.6033048364700386 -2.8479955292074752 -1.5623736512275195 168803090998625
0.7481467988635311 -2.5411405639909805 -1.4992885694195155 168803111140331
-0.20708558825292522 -2.315065771505285 -0.21002655866061248 168803131281932
-0.3853828260710903 -2.0923480273604778 0.08373656557150966 168803151423534
0.17888856336187775 -1.9724990273571326 -0.46179492723029236 168803171565345
0.5706132920957523 -1.825826370323206 -0.9566307660029838 168803191706581
0.6587489344578521 -1.7115766236023155 -0.8392914292086369 168803211848287
0.4812105733475318 -1.5112901074756024 -0.6912573621169096 168803231989940
0.3235304703967754 -1.2351673398867327 -0.4918730771935276 168803252131334
0.18559439584867032 -0.8292471531593861 -0.5644579344110721 168803272273091
0.010145438553936126 -0.2578191092462596 -0.7913856834663577 168803292414589
-0.036720074938101144 0.28848348213424213 -0.420242335835586 168803312556346
-0.08069441932548083 0.7452277036761439 0.2825073032065313 168803332697896
-0.43812731280413475 1.3360014988784146 0.7828173660027251 168803352839342
-0.6902479439933078 2.0871727811339813 0.8120815295209303 168803372980943
-0.3284678864446462 2.749010685844685 0.653840028304244 168803393122753
0.10879551506303309 3.0627583533632485 0.9194343273308956 168803413264250
-0.6417599746683236 3.062425920971849 1.3141241220209663 168803433405904
-2.088346944578409 3.0285784320899793 1.8275810358980227 168803453547349
-2.048167790037727 2.950157667546984 1.508219613874668 168803473690097
-0.4417324742176816 2.5680118762250874 -0.1048500901502658 168803493829511
0.5212722237508549 2.0207791298863196 -1.5747125916514628 168803513972363
-0.45223270928056625 1.290378186721556 -1.8096968311336705 168803534113808
-1.9278139994557026 0.036916807189744105 -0.11041615631318624 168803554255826
-2.004067605814562 -1.245710694873205 1.5154756686994508 168803574397115
-0.2961373854328997 -2.0440050793360633 0.499343425584561 168803594538612
1.4465495643099304 -2.2193715439375996 -2.1042239900011013 168803614680266
1.8100838897291949 -2.01044596561883 -3.9511160084071313 168803634821763
1.060615939908356 -1.907795249057564 -3.2983805996944553 168803654963573
0.2006289823954348 -1.9548128594023009 -1.0720540891305643 168803675105176
0.019634045291347935 -1.9375563422093407 0.48514237322679854 168803695246672
0.6042204198268286 -1.8771446831424718 0.6440098946751889 168803715387180
1.3234886405489625 -1.7373846918264775 -0.12408651785359903 168803735528730
1.3155291936891702 -1.5463164448674318 -0.5354020267828792 168803755671633
0.9113344877638361 -1.4275194644876947 -0.33980843783255343 168803775813130
0.1266139769298189 -1.1489247512776561 -0.05581891823479279 168803795953482
-0.030105302831144876 -0.8283683166471256 0.7048565841621657 168803816095189
0.5110475936725842 -0.5596673095677005 0.2593930798297326 168803836238144
0.7658937390005673 -0.20088326171666004 -0.624333680667464 168803856379485
0.5226759287004539 0.13754778515792232 -0.36794838984647127 168803877057701
0.0766856648353631 0.5742350054700882 0.4129166787478229 168803896662688
-0.15570469078795957 1.281031070782321 0.06550180002950823 168803916804342
0.3893156419008825 1.8106280792821074 -0.2476718021638935 168803936945787
0.606923704926956 2.337223166550686 -0.012407461262364805 168803957087597
0.052091698316564794 2.6815461113655488 1.1615828200526082 168803977227949
-1.0460707819717483 2.6746436273736887 2.2683043419795865 168803997369603
-1.2438268404211488 2.6154839448677016 1.8846507978024194 168804017512610
-0.07755658952441902 2.4182904762066624 0.8231747398044353 168804037652649
0.4331939861929648 2.234376033309081 0.15866186215604827 168804057794302
0.5239843881731219 1.8092171352410151 -0.020763381368911205 168804077935957
-0.26989940352400255 1.2017682394428117 1.2041412480298712 168804098077402
-1.4116958900067023 0.31412455249174975 2.321918955455147 168804118220774
-2.1747424541928617 -0.4939029947253495 1.2713535237391174 168804138362167
-0.8963247250730393 -1.4933035481240289 0.8558157291475439 168804158503924
0.4500300636915684 -2.111927994749223 -0.5344880416819651 168804178643912
1.002736453297005 -2.382938391893129 -1.9471216833455722 168804198785461
1.1353068384188538 -2.6531646783582534 -2.341059163082708 168804218927271
0.9860408808913332 -2.445737309092852 -2.9018756507786665 168804239068664
0.6994528219005667 -2.402085452743032 -2.3177651690604333 168804259210267
0.6390544450204534 -2.430213284069426 -0.3247931899358467 168804279353221
0.0504769544538628 -2.228191623349291 1.2978558777388227 168804299494719
-0.5056755653431599 -1.6052705838356829 1.5217441748473082 168804319636581
-0.5470941632120279 -0.8731935178497965 0.5874392851903467 168804339777870
-0.3437788461946223 -0.454292118967337 -0.7101755249727226 168804359919525
0.09997692304430217 -0.46736435923636943 -0.1029914941969281 168804380060083
0.1850962845291917 -0.5193992998890957 1.0669598319862077 168804400203092
0.40327722293585344 -0.2580853578800273 0.34972265074521625 168804420344328
0.4284079111611827 0.16500388166472835 -1.0462106489350766 168804440485930
0.49665699299144617 0.5740197068942825 -0.5592219371168112 168804460627845
-0.052137296231843155 1.033776312390426 0.5450052628065509 168804480768040
-0.5212020244854745 1.5290474170998412 0.9435237414952407 168804500909954
-0.5015807602133797 1.9961627383673726 0.9932223135086926 168804521052805
-0.5311596277019539 2.283343764912649 0.4561379094007041 168804541193938
-0.6780404951303132 2.4568874142738686 0.7870782962705638 168804561335799
-0.6264289781355004 2.435346357200345 1.1855708401414509 168804581477037
-0.9568682801646506 2.393479722479025 1.0339669260194109 168804601617544
-0.9200966749129709 2.344105067045721 0.8679572322217788 168804621759094
0.01447197647587295 2.025589229417827 0.042681215464923206 168804641900644
0.38235394836819836 1.5745119108780123 -1.4246685041905613 168804662042245
-0.2048102006804413 1.1119898997961606 -2.0474252330399496 168804682183900
-1.341106461325603 0.15019982999317882 -1.1495612801819597 168804702325917
-1.8390106573417322 -0.8378723625679569 0.9141156242919326 168804722468560
-0.5741992485296357 -1.6818579486481156 1.7192319525585464 168804742610162
1.0944736089887916 -2.040151886262242 0.014667788609337151 168804762751503
1.1523977348472836 -1.814872973853543 -2.1332730933312805 168804782893209
0.37619064881532704 -1.638324160332834 -2.2027366387275245 168804803033612
0.01152380811476128 -1.7610499532662676 -1.1529607953570196 168804823175215
0.16952178086680902 -1.920778439175514 -0.2478325034731157 168804843316763
0.4864841239121973 -1.9551530247779105 0.021729114409007266 168804863458313
0.8514309514735077 -1.878038435447328 -1.0347529389415444 168804883599966
1.0819504252413061 -1.6808120960141126 -1.6439034253719857 168804903741464
1.071505164411795 -1.4989221377487905 -1.0725446152975886 168804923883221
0.7656636041856861 -1.3738691555115325 -0.2288364734880709 168804944024823
0.502411254442299 -1.0763902462842267 -0.11912874910295679 168804964167727
0.36749296839758916 -0.512442763433631 -0.7623196008448654 168804984308026
0.19757103487432137 -0.10723204277815501 0.1534377763553577 168805004450878
-0.19754619944429286 0.32557911187122635 2.5338219984280363 168805024592427
-0.26437240877418433 1.1619769613719813 2.2818915831174293 168805044732779
0.18471789329315258 2.058292506597585 -0.22659854991230644 168805064875682
0.423946189634522 2.5431672084030676 -1.2419111641485951 168805085016034
0.07077316264511757 2.5643067159412034 0.3871229241498739 168805105157585
-0.8091773683214061 2.5515308219717134 2.8547422846323993 168805125300540
-1.455068945438375 2.720228563827371 3.2927293745809196 168805145441048
-0.83398923838195 2.808592519030647 1.4369300816959858 168805165582440
0.22814552335694005 2.546666495693266 -0.41838806354946145 168805185725396
0.2903777468105522 2.0368082942108643 -0.313567872714569 168805205867102
-0.9863013181765581 1.1696688033374425 1.867956736984595 168805226007193
-2.2251494529787466 0.053349788763704 3.0775441005251762 168805246148846
-1.8614550116017474 -0.9886067900827875 2.0698355733888913 168805266290449
0.11665874462485215 -1.812150080503729 0.2622283219923629 168805286433353
1.4537151792936323 -2.072632662059233 -1.7806104088123602 168805306574745
1.495589330934906 -2.1029303483973862 -2.7379893036123883 168805326716556
0.6554436327166746 -2.1816728919991597 -1.6846907592961604 168805346857948
0.1786273671108396 -2.3642103839118285 -0.19927848634317824 168805366998404
0.1844790421261715 -2.4833849086919635 -0.09702044532454268 168805387141464
0.5270754212009372 -2.3071547042973215 -1.4025309070408842 168805407283013
0.5824391455544997 -2.1350304040628574 -1.8195222842264576 168805427424355
0.6441251445685998 -2.001859772469036 -0.8773463430061659 168805447566321
0.28837140471738 -1.7147202398502284 -0.23062463299868252 168805467707662
-0.21782582544484597 -1.3542713090676832 -0.1854152337426962 168805487849263
0.18651814823787327 -0.8686709535041466 -0.769816561994157 168805507991073
0.21552311234029875 -0.3421901807720671 -1.1423058863140758 168805528132362
0.08303860705973887 0.024734183507346685 0.003672380792489216 168805548281535
-0.3036863018522089 0.4594479913371279 1.0333456194777413 168805568423083
-0.25382550632551704 1.0529465766634516 0.6396769838634428 168805588564425
0.03336537618958646 1.4634510113307613 -0.5493057761904958 168805608706184
0.31281290642041926 1.7298428403146087 -0.6189368084523967 168805628847576
0.41997688763633545 1.776110600376687 0.8353193032380828 168805648989334
0.49822516245281845 2.348476370926349 0.5461851300904663 168805669130779
-0.8206459442564953 2.82673031549108 0.7207371665723734 168805689272485
-1.9772076733739463 2.909919408642864 2.6658109246641493 168805709414242
-1.7973301035429072 2.4845761519142915 3.92509258738757 168805729555741
0.09095671794692439 1.9240622887189343 1.7730940894413063 168805749697394
0.8278801204512893 1.5905681903501474 -1.3639954315719551 168805769838944
0.37880800261103165 1.1309628530613693 -1.575266169476314 168805789980545
-0.8504570158799245 0.38252907151159476 0.22924018941894886 168805810122251
-1.5912298705164396 -0.5740792818532228 0.4285703741914091 168805830263644
-0.8241923925069017 -1.0784650856388271 -0.17898207955312273 168805850405505
0.5541348555257288 -1.2903477521048128 -1.6349459175487486 168805870546899
0.3812717516080828 -1.2816190219963506 -2.236960640288999 168805890688449
-0.5167233213697839 -1.24737773712833 -1.5510065005124494 168805910830206
-0.7856442820958272 -1.3925799240776637 -0.6618745363474599 168805930971652
0.03764668369833846 -1.6845961658246313 -0.2950513868904676 168805951113566
0.9152125618024209 -1.8304772256284547 -0.6660826134186242 168805971254803
1.4308761041294367 -1.8083148859715141 -1.0557298602661493 168805991396404
1.4302111372097994 -1.7380215376834611 -1.2303382827441696 168806011538266
0.8653481089865898 -1.4988889098342684 -1.0473809777578358 168806031679659
0.48328190515802194 -1.3083030223986647 -0.7443134736125185 168806051821782
0.5003828483451676 -1.1983391952626823 -0.4643594702962648 168806071962915
0.603431278676134 -1.0450849304288958 0.07358078313798821 168806092104516
0.5889095737221572 -0.7140098388743672 0.47447741947914057 168806112244920
0.2782321511652257 -0.17439390625574358 0.03170595902081241 168806132389385
-0.17599826344281944 0.39578760937040514 -0.6646987093458501 168806152528175
-0.2553371849730055 0.7499796968713239 0.0720496262733199 168806172669672
-0.0062839081346544035 0.9621785817158095 1.410313040862406 168806192811379
0.3190451391172766 1.4335368106851476 1.723233342846175 168806212952875
0.0686882597313212 2.2127840383918684 0.53101587349569 168806233094633
-0.6324029078399431 2.7961061369634947 0.16156806989030192 168806253236183
-0.8665790645532043 2.710212546289547 1.599151916849742 168806273377681
-0.8343521188300635 2.4163145682816385 2.0502443850422933 168806293521000
-0.3164196833453006 2.2353465765003104 0.8415382814713346 168806313662081
0.15090478066750945 2.1050008940127487 -0.32591488263543233 168806333804100
0.4205163050027576 1.759733137085199 -0.34176217954584587 168806353945753
0.620067829158456 0.9545638534181595 0.5336703344883231 168806374087302
-0.17190227964198512 0.017923543672027975 1.4733229863406585 168806394229165
-1.464059909651088 -0.8229902666248776 2.021590517978777 168806414370558
-1.6239456816271205 -1.3613219007999007 1.6664911643830216 168806434511951
-0.6036365257704461 -1.7554149425149195 0.7393330682251671 168806454654282
0.6204355059461428 -1.7573959188556856 -0.7805916508886162 168806474795258
0.5047468422569139 -1.848446031959547 -0.8482648246171429 168806494936808
0.23840440739928104 -2.2411103411926376 0.636842241868786 168806515078305
0.3870247954506749 -2.366167081547861 0.2515880513075288 168806535219750
0.5467902465167898 -2.111903391800789 -1.680760808953977 168806555361404
0.7525445019009318 -1.7194177329718814 -2.4946940963819317 168806575503058
0.7881317929269955 -1.4910127020025046 -1.6212923864805453 168806595644660
0.6177246726228465 -1.392541606914504 -0.6902712138719362 168806615786053
0.31688481622327713 -1.2842237152191034 -0.411445486722549 168806635927914
0.048893595166121795 -1.007737858894033 -0.7759215260967895 168806656069308
0.0015904620703972583 -0.550440775396476 -1.0278295060336817 168806676209763
0.26730020168756785 -0.2721519367234304 -0.5114725892019454 168806696352771
0.21537824728755428 0.02317200530875496 0.6112809130134438 168806716494322
-0.012511855294956575 0.3508740300282547 0.8003650624420051 168806736636079
-0.15648165220471544 0.7582016654288539 -0.17225677817139573 168806756777681
0.2087013969862277 0.9111389690618328 -0.7709719264433668 168806776918970
0.6540094574327322 0.9584033627494657 -0.14150898646719323 168806797060467
0.5898701636024357 1.179601108168323 1.1692390998887454 168806817202277
-0.5020418573993015 1.9808390896596588 1.3110748736609965 168806837343722
-1.1687355367006913 2.5168734201652274 0.03128177392879694 168806857485532
-1.6672760270168032 2.3804298884759323 0.9323374308617876 168806877626977
-1.5214917200509426 2.3046246724994965 2.3152180892206804 168806897768579
-0.6443784346345041 2.517491241905848 2.1175065026265445 168806917910232
0.23586443979239702 2.4253821536809284 0.1504505146012356 168806938051834
0.5822950674589178 1.825291074507243 -0.37304779144401135 168806958193383
-1.0570765436891159 1.0093173322620448 -0.02647778393645872 168806978335038
-2.6198433638575427 -0.012675528721613816 0.5923431634758334 168806998476482
-2.8970343590547842 -0.7789636651647918 0.35361085890566635 168807018616938
-0.8256230927125774 -1.2748799165068334 -0.3762177581879671 168807038758488
1.1602901000486883 -1.4522891871117167 -1.868552331550374 168807058900766
1.7799410644139506 -1.621035451251874 -3.1600274121152996 168807079041847
0.7230983593436604 -1.70792455240775 -2.45557319922349 168807099183345
0.5030148202874285 -1.8424748958324493 -0.9133721335975418 168807119326301
0.5825021882611932 -1.514080014322209 -0.6330536639092834 168807139467850
0.41428055920270435 -1.1727386208327673 -0.3807715444086768 168807159609451
0.18646595126841348 -1.0201000763537138 0.29021919025430876 168807179751208
0.36312539773348096 -1.185037580614221 0.3051001568909468 168807199891457
0.48864484943678477 -1.3266433457413767 0.00908256691900755 168807220032954
0.762778672518178 -1.3828112586243506 -0.37510699333979414 168807240174555
1.0945613169207924 -1.2003041826807301 -0.6570680165468352 168807260316365
0.9378927058803841 -0.8531144398945836 -0.6841138858937181 168807280458227
0.7010832076730573 -0.6646326651969172 -0.26170761262122455 168807300600298
0.3460106091071957 -0.3122969524700343 -0.050613648690729596 168807320742523
-0.007835067401743334 0.06982796536772184 0.17659892479741623 168807340883553
0.11231104764110533 0.2592803410441773 0.936652674994183 168807361024165
0.07787374045663431 0.5034936087728417 0.7460018274953466 168807381165870
-0.23125569513469246 1.5462275042057732 -0.6047122098787225 168807401307837
-0.683222329545254 2.0839912807083687 -1.467009513996728 168807421449178
-0.11924632066745322 2.148369782379195 0.5438484434901174 168807441591300
-0.09981600184646244 1.8378608649658563 2.238753071198344 168807461732224
-0.48978932491466987 1.9118292193164343 2.0826162264899253 168807481874556
