-0.5938598632812501 7.69696044921875 0.913427734375 168842447699864
-0.7428735351562501 6.097900390625001 0.8946459960937501 168842467841518
-0.5962153320312501 4.87515869140625 0.73555322265625 168842487983171
-0.48761679687500004 3.912126464843751 0.5556911132812501 168842508124721
-0.3194025195312501 3.131178222656251 0.45832242187500016 168842528266427
-0.10749955468750005 2.4371569335937506 0.44967795703125013 168842548407924
-0.10107532734375002 1.8568300390625003 0.3452526195312502 168842568552182
-0.17655117984375002 1.4568263359375004 0.08689545500000007 168842588691127
-0.03245188137499999 1.1774117523437493 0.09502905931250005 168842608832729
0.15864542849375007 0.9112409253124998 0.18555693885625013 168842628974590
0.02434065920125006 0.7772227207187505 -0.0908855036024998 168842649115880
-0.07387464060774995 0.6528084500125004 -0.17195156694449976 168842669257534
-0.18303770076744996 0.4750543771975 0.2685544691006503 168842689399186
-0.30667185983271006 0.40175981035175035 0.25644513778052014 168842709540685
-0.08847713630366805 0.37541175453140063 1.8784850566611055E-4 168842729682337
0.13750686517581556 0.2968381926876198 -0.027205678226717156 168842749823939
0.05335266010940254 0.1815257299313462 0.046497176168626364 168842769965540
-0.07300390706872806 0.10131189253882589 0.10842576827865114 168842790107194
-0.06506816471748245 0.06819551012481107 0.127499891966671 168842810248745
0.09505240181976404 0.11554273622484956 -0.06562703955166316 168842830390398
0.1142377222370613 0.14688975538613036 -0.29691081132883057 168842850531843
0.002547404352149063 0.13036580821515464 -0.2084270865630644 168842870673653
-0.025720865580780683 0.06969792000962372 0.06841458074954843 168842890815151
-0.05949270808962448 0.03238187116394897 0.1139845942871387 168842910956804
-0.05748186178419956 0.03750217661865918 0.062513359023461 168842931098406
0.05226890510389037 -5.890790175726579E-4 0.1556991637812688 168842951239850
-7.940716688770166E-5 0.007512135223441518 -0.07234008303748496 168842971381661
-0.09403325229601023 0.050894962085003215 -0.4129746054924879 168842991523054
-0.11947709011805818 0.06316470013675257 -0.24605351251899044 168843011664707
-0.028467414281946546 0.0547309788594017 0.22847457279730765 168843031806622
0.08708934982444272 0.041135857306271006 0.24527965823784603 168843051947910
0.12402939001580415 -0.01366113837373284 0.07346982034027683 168843072089564
0.042765992481393345 -0.04407100054273627 -0.030567405446528584 168843092231530
-0.10500839742113532 -0.04697555043418866 0.11062908345527722 168843112372715
-0.02494910074940826 -0.02750963956610164 0.24582748551422173 168843132514370
-0.015589163412026652 0.027442971940867977 -0.00877014049487257 168843152655971
0.045609723957878656 0.019757111927694027 -0.03683788973964797 168843172797521
0.1896371932288029 -0.01886227920784478 0.16261953195828172 168843192939121
-0.14715499151070766 -0.04295847571002476 -0.06349568302712472 168843213080724
-0.1588372744585661 0.06107999677572984 -0.8576446909529498 168843233222376
0.15289844215189707 0.11430589195183494 -1.31612063557486 168843253363978
0.22090273809651773 0.03187440106146866 -0.7551914303348879 168843273505580
-0.040416481397785864 -0.014258779932076138 0.3845919729195897 168843293647078
-0.15906658355572867 -0.0333552661331602 1.0348342228669218 168843313788783
-0.11519271996958302 0.01561315037472255 0.46838251501228756 168843333930384
0.1246549060555836 0.002578410924778396 -0.89499613642767 168843354071935
0.14679423734446695 -0.07708766188517657 -0.38547933101713594 168843374213587
0.07526009690682356 -0.12141134044564161 0.2976956367487913 168843394355398
-0.018905692005791175 -0.078110517669014 0.566147232055283 168843414497051
0.12076411827036715 -0.003687144603960135 0.3995242309567264 168843434637664
0.20618160711629374 0.027457999160581892 0.3219020996091311 168843454779110
0.011856906786785082 0.12459091104721587 0.29813447265605486 168843474920710
-0.563854318320572 0.1666038811815227 0.3086980078123438 168843495062416
-0.6325165601252076 -0.034258398961032555 0.4842020585936253 168843515203913
0.0495043300248339 -0.32518503948132604 0.46414387343740016 168843535345515
0.9231727999573671 -0.4355874847100605 0.3148575792186703 168843555487116
1.3586065993408938 -0.1250324877680491 -0.06786491318756371 168843575628666
0.982966822441465 0.31048426369181215 -0.6991893914875511 168843595771101
-0.03945662017182794 0.525865438297199 -0.5208383295962908 168843615912754
-0.5374734992624624 0.4682265303252606 0.6903117581979674 168843636054409
-0.7439558501912199 0.22790153676020886 1.3673128831208738 168843656195854
-0.6116197582779759 0.0800385145644178 0.6134547986841992 168843676336830
-0.013502349591130725 -0.07011225475471505 -0.42111360245889085 168843696478379
0.31715222188959546 -0.28063814364752204 -0.5309460577483627 168843716620763
0.40533310563667635 -0.4408679367930173 -0.0047861430736901855 168843736762312
0.46385388685309115 -0.5217006970906635 0.27192792147854794 168843756904069
0.384144632919973 -0.4585104600162815 -0.07364418625466151 168843777045619
0.1473303547734784 -0.33466725473177483 -0.29337579822247917 168843797187325
0.07051320960003271 -0.13736271003542022 0.06517729110951676 168843817328770
-0.39256404169497383 0.014987761659163823 0.44873607116886327 168843837470267
-0.5455575810122291 0.05003952573358106 0.7550337788100907 168843857612077
-0.22226149449728327 0.09694080027436414 0.7286363980480726 168843877753575
0.031431527058423336 0.17859023787574024 -0.30262554953029186 168843897895176
0.2701525458654887 0.2872569559255922 -0.7320540529054835 168843918036725
0.15060689997364102 0.48224697099047376 -0.5844347462306367 168843938178432
-0.06074006595858722 0.711932830698629 -0.003253363390759434 168843958319929
-0.38257642776686973 0.9927152098714025 0.6948826608498924 168843978461687
-0.3245914156509958 1.0919871093033713 0.7520242927424139 168843998603184
-0.5931936403332967 1.1998225975989474 0.08769121153768111 168844018744837
-0.6408879200791373 1.1522775116729083 -0.6682869721761051 168844038886387
-0.28681922278205985 1.0283893921508263 -0.787669128522134 168844059027988
0.22999286396185215 0.7817080957519114 0.15284809561979262 168844079172299
0.009433744294481738 0.7400515351952794 1.0900030858708343 168844099311401
-1.1890716569081645 0.7645143726874739 0.8414116483841676 168844119453054
-2.697204591151532 0.43199724033748055 -0.47864070082391574 168844139594395
-2.894616700264976 -0.6215530866362666 -0.2825097286278826 168844159735945
-0.9714184578682312 -1.6233899302465122 0.9251762991289438 168844179877599
0.6830703118304151 -1.9760923152909609 0.6440717033656549 168844200019252
1.0900719721205823 -1.7612815670765176 -1.6285536724637262 168844220161009
1.0215570894152157 -1.470878281004964 -2.5327135434397308 168844240310527
0.6514131520009228 -1.381829577928972 -1.2516347019392848 168844260449629
0.27122817785073816 -1.2972117092181783 0.2859725118860723 168844280591440
0.1834620344680904 -1.1815437814370426 0.5460875798213578 168844300727884
0.49388876819947236 -1.0393634431183845 0.002665962294586377 168844320869122
0.556866385653328 -0.9622890943384572 -0.6686069762580809 168844341009733
0.5989110772726625 -0.966803931720766 -0.5417703466314647 168844361151439
0.5923124555681301 -0.9849787899078626 0.022321027382328218 168844381292936
0.638583851173254 -0.7591744381762897 0.08195594299961262 168844401434955
0.7437894442198533 -0.27281806616603177 -0.39887616356905997 168844421575984
0.5184080202196327 0.21752435566092387 -1.246639993355248 168844441717689
0.07716538101945625 0.5758017110912395 -1.0443701001529486 168844461859187
-0.3914537303406851 0.8803557243417419 0.6146748183151411 168844482000840
-0.5423744100537982 1.2872557708796428 1.841910753089613 168844502143379
-0.2790289225742886 1.6237011010787157 1.4191218641904406 168844522284043
0.1066230533468191 1.6166610761754718 0.37146692494610245 168844542425593
0.17191953642745528 1.4862976109403778 0.05430244620688196 168844562567142
0.0012197111732141774 1.4493042020335523 0.47693805071550543 168844582708900
-0.28753741465517857 1.5190869163143415 0.6612989757286545 168844602850398
-0.32225405281789277 1.6431992205514732 0.41793078214542345 168844622992103
0.011825663995685742 1.6428552748786789 0.2621278288413387 168844643133654
0.2690552577590486 1.5872212316216938 0.4140235521355713 168844663275254
-0.24239739535526117 1.4836930009223543 0.4963311463959572 168844683417116
-1.8922943811279591 0.864932916362882 1.1574775147730159 168844703558666
-2.9381397041211175 -0.433102495034694 2.346465410255913 168844723700215
-1.7058584429843942 -1.7092749647777552 2.654088832110981 168844743841870
0.6310651987374847 -2.229419483540955 0.8942549524075347 168844763984044
1.3128721785212374 -1.9145536532390146 -2.1798719169802228 168844784125594
0.3903490123482398 -1.5859886257162117 -3.2739512445216787 168844804267247
-0.10445662996515814 -1.7447674630729697 -1.1684774018673427 168844824408692
0.2692301061841236 -2.0020151423333754 0.6816975706936259 168844844550398
0.6739412138535488 -1.9865242232417 -0.008120947351349272 168844864692052
0.7873219163953391 -1.70171937859336 -1.6255641406935797 168844884833653
0.7642935682725214 -1.5710068505309387 -1.5301876406798638 168844904975306
0.7372893468055173 -1.5478333124560013 -0.13162081566889117 168844925116805
0.6300170243194139 -1.3914160640273012 0.6952526638711372 168844945258405
0.6651586389867812 -0.957236855128091 -0.2789174978093403 168844965400163
0.3539652900956749 -0.5174496403524724 -0.9518571427787221 168844985541661
0.00416832582653992 -0.33239232946947794 0.6439220006207724 168845005683314
-0.3550637768387681 0.01617842158066729 1.8516732450278681 168845025824863
-0.40980785740851466 0.6224642216395342 1.0369904514910444 168845045966622
-0.22505087577056182 1.133152041374128 -0.6956761934946645 168845066108119
0.04880451422730059 1.496450832318053 -0.6160990602644816 168845086249824
-0.04216976752440971 1.719304220541943 0.32535805647591465 168845106391427
-0.19090134136327785 2.121927751433555 1.0050008006494817 168845126532924
-0.5834949988718723 2.5239582167718435 0.6524503475508352 168845146674682
-1.065685159253748 2.6211685265424745 0.455785961634418 168845166816179
-1.1858489086529982 2.2956774970152303 0.8775316013387844 168845186957780
-1.0370580331723986 1.6771914116746842 1.4861195193522776 168845207099278
0.114530819555831 1.5714772504334977 0.9404703225130722 168845227240879
0.800926413457165 1.6516520151905478 -0.8886149529270422 168845247382429
-0.1721006661092681 1.462080889496189 -1.8465120795291337 168845267523353
-1.9657444977311647 0.7530265280032005 -0.40443134331080666 168845287664903
-2.972632219278682 -0.44480778150368927 1.7961692808201049 168845307806608
-1.5854177871416955 -1.4442983736404518 2.223422241062334 168845327948419
0.9753913562241436 -1.9005314723498614 -0.30730957043138263 168845348089707
2.273220799823065 -1.6437039864736391 -3.0805888672826063 168845368231361
1.6618139445459517 -1.488315239960162 -4.279620019607335 168845388373067
0.21822068688676133 -1.716689789624379 -2.094118378967118 168845408514877
3.822135719091513E-4 -1.9858640387307531 0.6919904530763057 168845428656114
0.4627447357012775 -1.9447092973908529 0.7723057413672945 168845448797715
0.7551689330922722 -1.7875911683814323 -0.7692525748749146 168845468939474
0.9300506738175678 -1.6551705909551462 -1.2705045989624317 168845489124824
0.7538183710853044 -1.5843049297953673 -0.8009984057324454 168845509222469
0.7732329195244936 -1.471154881336294 0.15358604103904372 168845529354528
0.8046703199945948 -1.165034256631535 0.25222674298748493 168845549495974
0.6229232677144259 -0.5868003545239784 -0.6273689962350122 168845569637575
0.21558714932779077 0.057781396068317115 -1.1662262516755098 168845589780374
-0.34770850319401747 0.571347187167154 -0.286350141965408 168845609920779
-0.5730642634927139 0.9265235505149736 1.4172455700214237 168845630062379
-0.15112719204417102 1.2843951099432287 1.8667554403921391 168845650204034
0.5520840862084131 1.9820571035795833 0.4640586491887113 168845670345426
0.23832254240423056 2.7162120891136663 -0.6552911665865309 168845690487237
-0.26520134107661564 2.902290960353433 0.2190287854807753 168845710628995
-0.6223051158300423 2.669012944063997 2.0299593565096203 168845730770492
-0.5911790536015338 2.394670804469948 2.3963307664576963 168845750912198
-0.1772157038187272 2.21270929982596 0.9683585584786574 168845771053799
0.3116942338200184 2.010096639079519 -0.2527667664983242 168845791195245
-0.10074226919398521 1.5214440104823659 -0.5836831397611593 168845811337262
-1.2535064130114382 0.3708417318233934 0.4592375702223226 168845831478552
-1.527560989784151 -1.079864700478785 2.045942302271608 168845851620153
-0.17502730745232054 -2.111523596320529 2.1009384121297865 168845871761859
0.9091969040381436 -2.3158424122126746 0.19470336642257902 168845891903357
0.5340469763555149 -1.9988775430513908 -1.8077749045181868 168845912045114
0.06914431936566201 -1.9146415852223626 -1.9391398454895494 168845932186404
0.1386650648675296 -2.180858775990391 -0.7781307240478896 168845952327953
0.31682804798777364 -2.3872285246985623 -0.030256044082061617 168845972469971
0.36533987979646887 -2.303703718196349 -0.5578229993281494 168845992610582
0.534679130399675 -1.9859561386195788 -1.6331968760250197 168846012752028
0.5810025816634898 -1.6674758483956635 -1.7499168758200159 168846032894411
0.589179506737042 -1.444967006841531 -0.5428534225310127 168846053036117
0.6037288592958836 -1.243424777348225 0.4185981213501897 168846073176989
0.3409542788429569 -0.8958140406285802 0.1377593564551518 168846093318434
-0.01709253395688437 -0.35279625203411413 -0.6414892921796285 168846113460401
-0.3015768591967576 0.2084734475914587 -0.45824758608745264 168846133601846
-0.599061780326156 0.7163393049481668 0.861294997536288 168846153743448
-0.6715223734796747 1.2382569908335341 1.6983865839665304 168846173885100
-0.1281236605024898 1.7546070575105777 0.6515437398294743 168846194027484
0.19980820050425807 2.1571524428834623 -1.0518973323551706 168846214168773
0.028718630715906412 2.36279470821302 -0.7655290963528865 168846234310687
-0.3151354469897749 2.290235766570415 1.0348179338551908 168846254452133
-0.7580043536855698 2.192491347631332 2.4802957533341528 168846274593734
-0.804596842323456 2.181764074198817 1.9164753721985726 168846294735388
-0.5313849933900148 2.0717296187340537 -0.05037683114739222 168846314876937
-0.1522564322120119 1.749668851237244 -0.29850458991791395 168846335018903
-0.14698825123835935 1.2934972880210456 1.0509058007219192 168846355160505
-0.5845827884906876 1.1173173616668368 1.336317902296285 168846375302158
-1.17301291048005 0.7149964674584695 -0.0029061273817223565 168846395443760
-1.9210885510402904 -0.12572011118947302 -0.6517877925303779 168846415585205
-1.1459406650509827 -1.1630882959828277 0.0709891995694476 168846435727224
0.43526162811546376 -1.8569232735050125 0.3034954612180578 168846455868408
1.0535071540548713 -1.8854043414602586 -1.2792495294630535 168846476010062
0.8787066021501468 -1.7414899770744565 -2.654088100132943 168846496151767
0.7029652817201173 -1.7658604386908152 -2.6463905972938546 168846516293265
0.7789005456885936 -1.9018485072026525 -1.3375104270538336 168846536435023
0.9086673115508748 -1.905328903418372 -0.1390391033618168 168846556576416
0.8057912711156998 -1.764289978203447 -0.06460042331445348 168846576718122
0.6616252043925599 -1.4388123536565072 -0.7008868816203129 168846596859671
0.255508659607798 -1.1571289844877057 -1.2682900717025003 168846617001168
0.14956073627998845 -0.9989087539964139 -0.06751291673700022 168846637141676
0.35001968277399076 -0.9286680188221315 1.27881437364165 168846657284580
0.4836900626254428 -0.5973167392764553 0.5866257176633201 168846677426182
0.6266493157253543 -0.12424011017116499 -0.6806139766505939 168846697567679
0.3910167182052835 0.2519506853005682 -1.0141933297579753 168846717708239
0.20215663628297675 0.4504985365217049 -0.04363005443138013 168846737849632
0.4189274574638815 0.7452499034361137 1.178218515048646 168846757991339
0.05621130190860524 1.4474816610301406 0.7312711011014168 168846778134345
-0.4562150405043659 2.079848121792862 -1.0498219863063667 168846798275635
-0.14998179802849276 2.2086783021217897 -0.49244547967009344 168846818417444
0.0362645615772057 2.061571547947432 0.9841930303264252 168846838558994
-0.18133991323823562 1.9898700313266957 1.2196786430111404 168846858700596
-0.5880895087155884 1.974012724280108 1.0500593206589124 168846878842146
-1.0512089116599708 1.917601292705335 1.06682968308963 168846898983903
-0.7726565824529765 1.751707987289267 1.4846160902217038 168846919125401
0.22688205825636887 1.5021598468626642 1.0244238292086134 168846939266846
0.4884880684800952 1.2345403774901307 0.5505937508668906 168846959408551
-0.670415599903424 0.8665751730858542 0.04014541084976253 168846979550101
-2.0299726166414893 -0.09433751778131594 9.883989923098468E-4 168846999691807
-1.7975986987819415 -1.3751526314125524 1.4893893520063481 168847019832158
-0.19915073636930325 -2.1599243512237916 1.9427810128550789 168847039973864
1.1321589030920576 -2.3745581333227825 -0.17128788502843673 168847060116715
1.3108662826298962 -2.1009770730644757 -2.4282412455227496 168847080268994
1.261498201885167 -1.9983841975140813 -2.3569362581369497 168847100398512
0.8694036396331337 -2.056178061136265 -0.73401092057206 168847120690739
0.18503707186275697 -2.0077232106277627 -0.3081804161451478 168847140681767
0.054975458271455446 -1.8128924356897098 -0.5241200165098681 168847160823266
0.26990810099216445 -1.5431972493330184 -0.7298673022703945 168847180965024
-0.05661990592501853 -1.3627926627476645 -0.3347361269725657 168847201106520
-0.30801565130251474 -1.2507810051981316 0.9251554343594472 168847221248435
-0.22133927885451188 -1.0512107416585055 1.125805499831308 168847241389827
0.11781383082264041 -0.6468035542643049 -0.39442395950995346 168847261531586
0.28629208028311237 -0.23832907388019375 -1.3616085035454628 168847281673030
0.23265915250773972 0.072898752614595 -0.2996627793988702 168847301815883
-0.038079220962558225 0.5448058184979256 1.406949463980904 168847321957432
-0.20360790802004658 1.2401781508920902 1.4280009774347233 168847342099085
0.18384218920896278 1.9325233800886714 -0.38847080008347135 168847362240688
0.5685581263671702 2.510532864227187 -1.7199441205355273 168847382382184
-0.09023406531251377 2.7733310765379997 -1.303103733928422 168847402522536
-1.3745065881875111 2.5544558768553998 1.2076879112947625 168847422664241
-2.148457809612509 2.1491555217968212 4.1515995477858105 168847442807406
-0.9145304078462573 2.1474005893124577 3.837795751509898 168847462948538
0.3128703026292441 2.3181401980124665 -0.02993429722958174 168847483090504
-0.44744545711535455 2.1026933107537236 -2.6652804455961654 168847503231690
-1.666232732879784 1.0959363868842296 -1.2754372471019324 168847523373343
-2.1123563034913273 -0.24115860533636635 1.1551384835684542 168847543515518
-1.366105745918062 -1.083759403800343 1.5615619587297633 168847563656547
0.2637194071718003 -1.4566071324152752 -0.30167816739118924 168847583803148
1.3511122444874406 -1.5719629520259701 -2.8909519089129514 168847603939905
1.3214903815274526 -1.7051533694332761 -3.856584769317861 168847624081195
0.8789330278782121 -1.985655898671622 -2.438380608423039 168847644223057
0.5987396840213197 -2.182079406437298 -0.45547743595718115 168847664364866
0.4152222159670558 -2.1244477048373387 0.2678934418592551 168847684715739
0.45054935480489444 -1.871506406057371 -0.054838078543846036 168847704647757
0.5408594057189156 -1.5868047342208973 -0.6880599159600769 168847724789463
0.7300996339501324 -1.3597636115954685 -0.8646813312055616 168847744931012
0.670871699347606 -1.1548763189638747 -0.28849799465194925 168847765072614
0.38750302354058475 -1.0132321098586 0.5066649831846907 168847785214215
0.3829638446137178 -0.8403342230431301 0.5741918498290026 168847805355661
0.6799184389722244 -0.44487480030950444 -0.29397903966804795 168847825497471
0.8307755714902796 0.061165589439896806 -0.5809962200156884 168847845639124
0.35213266422347367 0.5167547371769174 0.08976845367494923 168847865780622
-0.4961503139337209 0.8491093561477836 1.5148201340337093 168847885922275
-0.05179085661572658 1.3527249849182272 1.3165191931644675 168847906063982
0.4189066701761688 2.0335105543408316 -0.749482399374676 168847926205427
0.5926814884846849 2.5691058067539156 -1.352735333562241 168847946347080
0.04560515172524782 2.6094472430593836 0.5412492331502072 168847966488526
-1.0301906833073016 2.522323419447506 2.911002316207666 168847986630596
-1.4232980544583413 2.5019651808705046 2.4751885717161333 168848006771834
-0.6057527013791733 2.521201050946404 0.43367868940415644 168848026913383
0.31581287795916135 2.334685450132124 0.01593709214832506 168848047055193
-0.4887559476326713 1.9362420124494495 -0.27125911534383995 168848067196690
-1.8267835666998873 1.0123847232408103 0.786056672568678 168848087338343
-2.48122665804741 -0.43361028781360034 2.0890382091486925 168848107479840
-0.6127523225316778 -1.7589976052508796 1.823916114193954 168848127621494
1.0658040013496581 -2.461067713106953 -0.05561320239483658 168848147763461
1.3483463260797266 -2.5830143267355634 -1.9773274759783694 168848167903448
0.8335964944575314 -2.5594046254509504 -2.3809830745326956 168848188046507
0.2851877424410252 -2.5743791691107596 -1.8043714205636565 168848208187848
0.6727668931715702 -2.5766175931011084 -0.3599278005134252 168848228329398
0.9983819715685063 -2.444314094012137 -0.16572544353574026 168848248469958
0.8530512803798049 -2.03207481036596 -1.1749875813910924 168848268611611
0.5195992274288439 -1.627320004542768 -1.480273268237874 168848288753057
0.3175104366305752 -1.3460454567592146 -0.24863511849654918 168848308894710
0.11959672821071021 -1.175835388844872 1.3180962997340107 168848329037666
0.02982044897481817 -0.7855047368571482 0.9806855358809585 168848349179059
0.02850723808610467 -0.39683640667321907 -0.43215079004523305 168848369319463
0.3121246381251339 -0.10640955502607596 -0.5560966085986865 168848389461012
0.24373047221885713 0.18934745363538852 0.5483722248398009 168848409602718
-0.28886571988116416 0.7554574550958106 1.1122207290905908 168848429744215
-0.7208264626236816 1.5005451632953983 0.2335998254599727 168848449885869
-0.3528940802551952 2.0607388650113183 -0.6985449443195217 168848470027419
0.3325528998583438 2.3757395295090546 -0.6012065609243673 168848490169072
0.4299339214491751 2.489910471263494 0.8044107278230062 168848510311820
-0.0705792300281598 2.557712068417045 1.7869123713209052 168848530452484
-0.9663632863662779 2.7550685805148873 1.1814464009629742 168848550593929
-1.4457468790930221 2.773036798005659 0.7051058512391295 168848570735478
-1.0415462337431678 2.5608732860607777 1.066220911460054 168848590877081
-0.2192843502757844 2.0357225546298707 1.161802412761793 168848611018942
0.15158667993562247 1.470399332766398 0.3882309927094343 168848631160596
-0.5034132732390022 0.8884654623068684 -0.8225206745824525 168848651301886
-1.8681603060912018 0.05239834640799579 -1.0966395865409622 168848671443435
-2.4461395729979616 -1.0919680416236037 0.18727573311098045 168848691585036
-1.0236352912108693 -2.0533107614238837 1.147672148988784 168848711726897
1.0343754584375549 -2.348617847420357 -0.22236521049647306 168848731870583
1.8556131597187937 -2.139734121686285 -2.789452226990929 168848752010205
1.5248103519937848 -1.8934157153177793 -3.8381901995614935 168848772151703
0.7765865628450279 -1.9020738808479738 -2.019514561992945 168848792293304
0.20968477761977233 -1.930741135928379 0.2060680379056441 168848812434905
0.17587770490831778 -1.8389044321802022 0.3916244498557653 168848832576404
0.667655288926654 -1.6677421980879128 -0.7514221198028879 168848852717952
1.064592981141323 -1.5309222740953299 -1.4357568364673103 168848872860857
1.0603779981943084 -1.526434596620014 -0.6471528324550982 168848893002302
1.078758941524197 -1.4860890835460108 0.5137596676296714 168848913142654
0.9738958250943577 -1.2076456808993088 0.9532074411349871 168848933284255
0.5925932225754862 -0.6458650798756969 0.17119632400173979 168848953425961
0.12357408977913886 -0.056682298275557486 -0.5668759486111081 168848973567563
-0.307268657864189 0.3166292590358033 -0.20314675498263657 168848993709476
-0.42509959426010124 0.6024122939473919 0.7760201936701407 168849013850713
-0.11727694103308117 1.0589562023454135 0.9461701588423626 168849033992679
0.20727707998603506 1.6808441610950808 -0.43016104089485996 168849054134021
0.27828504289507805 2.2228491570010647 -1.403760180372138 168849074275465
-0.06503065709018774 2.536665556069602 -0.48329867164146045 168849094417067
-0.4094341936409003 2.752916429230682 1.0081242462805817 168849114558825
-0.8156943275689703 2.821681287915796 1.8855887524932156 168849134701989
-1.2339275323676764 2.809261534238887 1.8697625059008225 168849154842028
-0.6382040376128915 2.6196748523911104 1.5141449656581583 168849174983942
-0.06888842540281326 2.2392213272253887 0.6497437069015266 168849195126325
-0.6714925762597508 1.6256544055303124 0.25769779755247146 168849215267978
-1.6986808774140507 0.47216659083049883 1.0748960310107272 168849235409736
-1.6931732175562408 -0.9935435828043513 2.6125291294960817 168849255551287
-0.0772070310762425 -2.0832748076497314 2.6662928348468657 168849275692835
1.351906250139006 -2.419085666432286 0.3910664944399924 168849295833188
1.610052832142455 -2.1764306425208293 -2.2287117458542562 168849315974789
0.8923635547764639 -2.0223945140166624 -2.410081213089655 168849336116390
0.48585129303992125 -2.2293047713695806 -0.5512339157842243 168849356259190
0.23053894458818713 -2.418270477251914 -0.024007152158629363 168849376400687
0.5582226595767996 -2.308078295864032 -1.0273356045394038 168849396541142
0.6365073268801897 -1.9363430077849761 -1.7022884055065228 168849416683994
0.11928886931665184 -1.7769064374779813 -0.7933614861239682 168849436825388
-0.2615391193904286 -1.7289226109198852 0.7323640337570754 168849456966051
-0.15661899082484276 -1.6009725613921582 1.1081812660681605 168849477108747
0.34451681905887566 -1.2702433811449758 -0.11869180355172171 168849497249202
0.7726715607158507 -0.6126058377284807 -1.3718821537788775 168849517391898
0.7154150806039306 0.13169267356721548 -1.749190293335602 168849537533551
-0.32240670504810565 0.5829176154162727 -0.5992911995122316 168849557675154
-0.43474421169473465 0.9732921001455175 1.0028424310152149 168849577816651
-0.03791988107453781 1.4364828012101638 1.2333896674684217 168849597957315
0.05117044279661975 2.1487834089368807 0.3550222808497372 168849618100114
-0.10706169263770438 2.669869012305755 -0.45738842532021007 168849638240361
-0.4659227916101636 2.7344547801571046 0.44058340036883203 168849658382067
-0.941500440319381 2.481033062406933 2.0779183804513157 168849678523616
-1.5010763288180047 2.289843539769297 3.2373591184235524 168849698665114
-1.5136906528981537 2.4310569607216888 1.970221767395092 168849718806767
-0.11949744419352282 2.429183947483601 -0.5937078399901767 168849738948422
0.19276874386393184 1.9633911032993812 -1.8157743774608917 168849759089867
-0.4148890088151047 0.9876928631082542 -0.15338854493746323 168849779231624
-2.138112378927084 -0.1453925845133952 1.635333597643779 168849799373174
-3.0041544539229177 -1.024285259016965 1.880361604677523 168849819514724
-1.0442781529820842 -1.5025580900260707 -0.0064284896954820425 168849839656481
1.3287742549580828 -1.6709551634271058 -2.3111364441001356 168849859799280
1.772601923497716 -1.5734218455854343 -3.6220414794988587 168849879940935
0.8001494098919228 -1.7069552499058478 -2.6234998828178373 168849900082432
0.17114980135103863 -2.0603273835184286 -0.39261094141051966 168849920223981
0.3726620285808311 -2.1147291919709925 0.30716368827783436 168849940365687
0.877292220520915 -1.865098783264294 -0.3674526431277325 168849960507236
1.319289831104232 -1.5538466047364352 -1.556816118408436 168849980648838
1.3141232711333855 -1.4309434947266482 -1.705474867382999 168850000790804
0.9600754723754583 -1.4959877059375684 -0.4177124134376493 168850020931885
0.4862732685253668 -1.3527349889688045 0.5258520419061306 168850041073642
0.17488287263279334 -0.8905620146125441 0.09790331321240453 168850061215192
0.29382475513748485 -0.323521389033786 -0.6019507869300764 168850081672471
0.40540892520373806 0.11349734189797189 -0.7274102389190611 168850101498448
0.1772446206317404 0.4375630102371275 -0.39542916769774883 168850121640050
-0.11021846365085763 0.8033707206897018 0.16369816974805096 168850141781806
0.008810092360563848 1.2766321234267615 0.5291885162671908 168850161923096
0.28193821060720126 1.8087812846789095 0.34455442629500266 168850182065166
0.263136017704511 2.260501590243127 0.18387108009850217 168850202206351
-0.12103415458639111 2.4539090846945015 0.49322723517255174 168850222348005
-0.8187145307003629 2.4320969943181012 1.9165788584505417 168850242489762
-1.5367221128415403 2.4000599196732324 3.0449208016041833 168850262631573
-1.0685012254294821 2.2750284044885873 2.053868770189597 168850282772758
-0.2313146522185856 2.0257234071846195 0.6738811489641776 168850302914412
0.06447220400638143 1.7838599757476956 0.2151058957338421 168850323056169
-0.36186217820114486 1.1812871993481568 0.46799536111832385 168850343197614
-1.6002319300609158 0.10203659541602583 1.049286425613409 168850363339059
-1.8785742159237326 -1.0528067588234293 1.4977665428344773 168850383479671
-0.5100737282077361 -1.9037810515899931 1.1817093280175817 168850403621221
0.8813697283713111 -2.1859398803344945 -0.3078185727421845 168850424113864
1.177446856915799 -2.127316357392596 -1.8756982175687478 168850443905674
0.6550678370951393 -2.0685400976328268 -2.1007294724924983 168850464047328
0.28208649623861115 -2.1878765117000114 -1.3033130701814986 168850484188721
0.426584724334639 -2.2819174202975088 -0.5917593428639485 168850504330478
0.6383136779052112 -2.2043669440505074 -0.4691594274161588 168850524470830
0.831695864199169 -1.9331346685216566 -0.6313822294329272 168850544612484
0.9395876483905852 -1.4172108598173256 -1.696206857765092 168850564754033
0.4510353530874682 -0.995694957385111 -1.8427931229308236 168850584895687
0.054724766844974626 -0.8166853604393394 -0.0830479749071591 168850605037497
-0.08167184668027039 -0.6465001438202211 1.122465428668023 168850625178839
-0.0298882585942164 -0.2122562673999271 0.18356804605941823 168850645320440
-0.11319283343787312 0.24575895092380762 -1.0377402897149655 168850665461989
0.0026342098122014157 0.4385016919890461 -0.7697430130219725 168850685604059
0.2039872506622613 0.6056597520287363 0.4510634997386722 168850705745348
0.19981089427980914 1.046490692247989 0.5255480654159377 168850725888200
0.40413582479884735 1.4681862061421418 0.30624167498900023 168850746029489
0.21676569108907784 1.9706671289762134 -0.035170234227549724 168850766171507
-0.5674565877537379 2.529512218805971 0.24958598058671022 168850786312848
-1.2123515006717405 2.8685804781697772 2.1232527688443685 168850806454450
-1.7392049310061424 2.789139284879571 3.016754070544245 168850826596051
-1.516888847148664 2.6600101583724083 2.103247006435396 168850846737653
-0.4409280699064313 2.2246756071666773 -0.03029301985168331 168850866879307
0.3559367432936047 1.7511638255770912 -1.2773350018188467 168850887020804
-0.05714513661511633 0.9498446346804243 -0.34027620458007757 168850907162406
-0.8095100546045932 -0.18218972194316052 0.19368479805468786 168850927304007
-1.2133795280586743 -1.2365354689607777 0.4036538931312501 168850947445765
-0.5324467865094391 -1.9216136290748729 -0.21748215893249956 168850967587158
1.1980415942299487 -2.1276717626348987 -1.45969129355225 168850987729229
1.4992535878839592 -1.9297008866704175 -2.1287027418730498 168851007870673
0.5827036515571677 -1.6738998694925833 -1.53656815052969 168851028011963
-0.06680827016051571 -1.294722922937817 -1.5714176063612522 168851048153721
0.01029850105908725 -0.937401873506504 -1.9361135772765017 168851068295322
0.06385403522226962 -0.8748604636489521 -1.1342668383837013 168851088437185
0.1778654547403158 -1.031834171700412 0.17817002538678883 168851108578994
0.40329089894850245 -1.2498447787665796 0.669086313278181 168851128720023
0.9531014691588018 -1.3751443777007637 0.2554106521850448 168851148861520
1.1205256089207913 -1.2731379630981117 -0.5000904235644642 168851169003434
1.0547334754178832 -1.0339644720409895 -0.7104727294765714 168851189144828
0.8869386358030567 -0.7963488237265421 0.2358942773562429 168851209286481
0.2997242484861955 -0.4912782777312339 1.2573799726662445 168851229428135
-0.17773769105479365 -0.030083169059987647 0.5605304429767455 168851249569580
0.21756326512491508 0.37116051553326024 -0.5006234971811034 168851269711442
0.16258820975618216 0.6088668889891089 -0.0847273133698827 168851289852888
0.3154831654611958 0.9723596244725368 1.299625375866594 168851309994645
0.17514043861895656 1.4335395550467798 1.2618682694432755 168851330135986
-9.761004233466153E-5 1.9047295932561745 -0.20188233757037954 168851350277796
-0.35264156459636786 2.0548749831986903 -0.0023261825563036798 168851370419242
-0.2386440133958443 2.0316441271839523 1.7115912023924569 168851390562979
-0.20431853102917552 2.0549173525284132 1.9274150517577158 168851410702706
-0.5613063873233404 2.1083137648352306 0.4562753031249227 168851430844046
-0.5076632739211724 2.0865167345244338 -0.31944020671881157 168851450984606
0.004794673831812091 1.8517085048070463 0.229433186187451 168851471126104
0.20219999687794976 1.372821881970637 0.6361954747312106 168851491267862
-0.6435378540601402 0.6426056501077593 0.5401331375974685 168851511411234
-1.8124743262168623 -0.4171288588200426 1.0249165686717245 168851531552418
-1.59615866019224 -1.505053184712283 1.6711417510311293 168851551694385
-0.3259381586225416 -2.2316060243323257 0.8897942601999036 168851572049580
0.7148232035707167 -2.380402006965859 -0.9284111738713272 168851591977692
0.9232257503565733 -2.314136058697688 -2.0271771812845616 168851612117263
0.6816958346602586 -2.34906275320815 -1.4161265106526497 168851632259021
0.5279616481969569 -2.29769502678527 -0.3417146850846198 168851652401767
0.5468566232450653 -2.0127043612719664 -0.5201979199426958 168851672543369
0.5020360798460524 -1.6300365358925735 -1.2822716172041568 168851692683721
0.4037650943455917 -1.3232186818390588 -1.3183710047008257 168851712825271
-0.1952008151485265 -0.9825617618774976 -0.0638642842294106 168851732967185
-0.32034522243132124 -0.5333882766894984 0.28570056480397144 168851753108681
-0.32288994747630717 -0.1172990002578489 -0.27411288800057276 168851773251377
0.041968803737704174 -0.02648080176877876 -0.2014558377442084 168851793563239
0.8203670351776635 -0.2912285867275237 0.3137498805858834 168851813534840
0.5304757570483809 -0.30257515453826933 0.9992909200937068 168851833827328
0.08970042985745463 -0.13462604159936475 0.8678531462312153 168851853816533
0.29555184779221366 0.2862200651580089 -0.061137404890027724 168851873958083
0.606705150108771 0.989510720095157 -0.8006555293807724 168851894099684
-0.05078089944423314 1.643866876857376 -0.35077832975461787 168851914241390
-0.3409543093991365 2.037078364767151 -0.0016919997411943832 168851934382992
-0.4458835647068091 2.1573970668137203 -0.2005845568242055 168851954524541
-0.6298757970779474 2.342482594857227 -0.4454896181156145 168851974666090
-0.915509524381108 2.0085197672920323 0.8082201219137586 168851994807797
-1.2409281273173862 1.5721722591461251 2.777166917843507 168852014951117
-1.3231624237289088 1.4136704245044012 2.9934254288060558 168852035092093
-0.4928927319518772 1.5683142692910224 0.18438878054484453 168852055233851
-0.21374777931150168 1.7189580560578168 -1.9131457138453745 168852075375400
-0.7044088679804514 0.8935990620337524 -0.7892934265450497 168852095517002
-1.7383439889156111 -0.17226674646674844 0.7599959228264606 168852115658551
-2.0268446247262393 -0.957979412798398 1.0563243749799183 168852135800101
-0.8861363443122414 -1.1594499364887199 0.23694182420268461 168852155941807
0.5061910222064565 -1.0797572148159755 -1.2763278882941025 168852176083409
1.259603696671415 -0.9741451273215311 -2.313420709072782 168852196223812
1.1128953596808824 -0.9499948127947242 -1.3643107860082258 168852216365622
0.384224979150956 -1.0050397955482797 -0.4854305624003308 168852236506912
0.029096291914514794 -1.0175816411261245 -0.3512350749202646 168852256649762
0.459824885094112 -1.0647244925884003 -1.0200993880612117 168852276790218
0.4127329549502896 -1.296432914383221 -0.3174466979489694 168852296931715
0.532981774116482 -1.5388309018190771 0.5034278955470746 168852317074724
0.7261901067931857 -1.5142068112990117 0.8092730781564099 168852337216065
1.0573681010595486 -1.2656623240392095 -0.11878026794362206 168852357357874
1.0933676253788889 -0.9444024178251178 -1.4622971635736477 168852377498226
0.7369255456156112 -0.9586835553538444 -1.1669202503901681 168852397640088
0.35520205758623913 -1.1136631528768257 0.2345790340628655 168852417781378
0.2793764898189912 -1.0115970262077107 0.4970504342815425 168852437922874
0.4938625199801929 -0.6160036951849186 -0.639444613512266 168852458064528
0.5594454847341543 -0.13585715536668452 -1.148726100966063 168852478206078
0.14880150497482347 0.16668048664415203 -0.34954728702285043 168852498347731
0.01730780554235878 0.3407296432215716 0.38753746335046957 168852518489281
0.09354595146513711 0.5118537341085077 -0.6004070410383744 168852538631091
-0.1939498599216405 1.5500103310368063 -1.7904086406431996 168852558772536
0.09289919409393743 1.751299768735695 1.0140598062354402 168852578914189
-0.25174265644360005 1.8962302446760564 2.8485403254571025 168852599056051
0.09849601156387 2.0734539223033455 2.626500717396932 168852619197445
