-1.5136474609375001 7.5218994140625 0.82545166015625 52217326338919
-1.2881396484375 5.873244628906251 1.00162109375 52217346480520
-0.9987612304687501 4.537523925781251 1.0342802734375 52217366622070
-0.7425880859375 3.681728125000001 0.5905956054687501 52217386763619
-0.6313385351562499 3.1520597460937516 0.14814787109375005 52217406905273
-0.52756838671875 2.581242523437501 0.047033921874999995 52217427046822
-0.46130031484375 2.0036414796875004 0.22109881718750002 52217447188424
-0.22961154093749991 1.4694659181250005 0.14489663187500001 52217467330078
-0.013437767906250064 1.1086537891875006 0.1473748250312501 52217487471731
-0.07799874948124996 0.9172697110375001 0.11493355143125017 52217507613229
-0.17266511286624997 0.8389671360174997 -0.030562924479999865 52217527754830
-0.14139136763674998 0.7034246853765005 -0.09454311302149976 52217547896432
-0.008633113640650114 0.39551562720745004 0.04700955255155015 52217568038033
-0.03855932294376996 0.15289931817221003 0.3885597904787401 52217588179635
0.03159150648873399 0.17063488422526873 0.3116412894142422 52217608321236
0.09258277550348715 0.36941806363021534 -0.21644624581235616 52217628462838
-0.012188662409710282 0.43365700949792263 -0.22834498493113498 52217648604492
-0.13996333227151814 0.2611223849420874 0.314345496430092 52217668746041
-0.039058068160964465 -0.030677287358830796 0.6295281549565737 52217688887695
0.05355579156497847 -0.06727864629331393 0.21083687943400897 52217709029244
0.08880410590823296 -0.06342985062840079 -0.30366936364029273 52217729170846
0.5939192612890865 -0.15208665394021992 -0.13815033466223414 52217749312447
-0.06844369253123084 0.1870098760665737 -0.28317651772978736 52217769454049
-0.7484072977749845 0.37220311569700826 0.27643730144117007 52217789595651
0.05143285318626223 0.19463749255760732 0.548347106777936 52217809737304
0.5467004817677599 0.09559036513983621 0.09209565417234877 52217829878854
0.598712924476708 -0.027739133669381744 0.20973609365037915 52217850020455
0.5848785427063665 -0.10377089677925433 0.38251055460780337 52217870162421
0.2906079122900933 0.08341394663909618 0.3616725061862427 52217890303814
-0.34291650219917535 0.558784379967527 -1.5224417802072558 52217910445416
-0.18823701035309037 0.49380484772402156 -0.6964446351033047 52217930586913
-0.19401001843872234 0.34464104614796653 -0.1282616651138937 52217950729036
-0.16802539756347779 -0.06262944823787642 0.529971234315135 52217970870429
-0.15568496648828223 -0.2945737734340508 0.8100487647958581 52217991011822
0.11893347212187422 -0.29912337421599133 0.42333198058668664 52218011153581
0.5159109378537494 -0.19613463687279342 -0.18494281396815082 52218031295130
0.42293382840799953 -0.08137060012323438 -0.2802418488307705 52218051436627
0.2745042892888996 -0.08604374572358786 0.08830652093538371 52218071578072
0.09966934939986971 -0.17466995751636993 0.35343330268580697 52218091719935
-0.19349450094885423 -0.20614221601309524 0.16012701324239575 52218111861276
-0.24550604997783343 -0.2023405306229762 -1.8208081233339612E-4 52218132002460
-7.261290447666546E-4 -0.17371324481088024 -0.07990640683736672 52218152144062
0.09907729988918668 -0.13401454116120348 -0.029196121563643374 52218172285611
0.14421545319259943 -0.10588106652271279 0.0521802121240853 52218192427265
-0.0713219733834205 -0.02482936493692023 -0.008890595925731715 52218212568814
-0.1884784771442365 0.11923562914421382 0.09448664435316445 52218232710729
-0.05666657077788928 0.24347199940912034 0.2634066982950314 52218252851965
0.1911413527526884 0.34771949405854663 0.07401881566727497 52218272993619
0.05551317985840076 0.581447079621837 -0.29691287715368 52218293135222
-0.46119248345702935 0.693539011353721 0.026434542027055974 52218313276978
-0.7504847484843735 0.6154513262704775 1.5303517351841447 52218333418476
-0.576449810506249 0.7749172133601316 2.084217911584816 52218353560077
-0.45671648902999906 1.109130548031855 0.8091345831741026 52218373701732
-0.4831588357552494 1.2934689892067333 -0.956537548304468 52218393843280
0.09037722827080041 1.166635542927887 -1.6106768159873246 52218413984830
-0.0017582759771097578 0.8643997429360599 -0.3575478004461097 52218434127265
0.04388146515581237 0.5693152045050986 1.1161346112056125 52218454268450
0.5125099572809 0.5022050932915789 1.0722778061519902 52218474409896
-0.5648943779252802 0.40640274650826314 -0.47053468867215775 52218494552226
-2.7495717523402243 -0.0894407910746402 -2.0710810712502266 52218514693671
-2.9635001753096795 -0.9056834922347115 -1.9051192515314312 52218534835377
-0.5855584410289936 -1.6240707195690192 -0.1794420809126449 52218554976874
1.2361186768643053 -1.6091686850302143 0.3747568821448841 52218575118476
0.9542758008664447 -1.0766049675554221 -0.7390494747528429 52218595260182
0.34884544538065576 -0.869084267013088 -1.1996990524585245 52218615402565
0.3000846570857747 -1.3310828432979704 -0.6851864880605697 52218635543385
1.0317303233248696 -1.9615337551071264 -0.3595261435734558 52218655684882
1.4517392391286457 -1.9841684103357018 -0.10970343439001462 52218675826796
0.8547873873966665 -1.4798151970185618 -0.17682524751201167 52218695968242
0.006754714604833234 -0.9290181732398493 -0.22279564722835932 52218716109791
-0.4087075564411333 -0.6312882690606294 0.25438066971731255 52218736251393
-0.25262522484040684 -0.6003187011860032 0.7190074654613501 52218756392786
0.09199161700267444 -0.4636533984488027 0.4090072419003301 52218776534596
0.25701614516463955 -0.20515123438404181 -0.3344885424172359 52218796990885
0.11758801378796169 0.04002940311776726 -0.5036137831525387 52218816817850
-0.06753847568838056 0.5058882685879631 -0.1463602648032809 52218836959766
0.28086912179304546 1.037657392214121 -0.04728840715512472 52218857100949
0.9125248872781864 1.6188832379900475 -0.08221549134909978 52218877242760
1.0026883668537991 1.9006119614857884 -0.04134612354802991 52218897384308
0.08905254895178927 2.395599432469881 1.2141521050678261 52218917526171
-0.5160504413073186 2.628039604569656 1.130269437960511 52218937667356
-1.5390610561708549 2.822475628968224 0.39265549177465875 52218957809010
-1.1279651535304338 2.4928926125495803 1.086255741075977 52218977950611
0.030074166238152955 1.8058741486334142 2.5329694366107818 52218998092265
0.08217700877177236 1.205319436094232 2.0294395141323758 52219018233711
-1.7031548773575822 0.9189796699691364 -0.7947223144753495 52219038375312
-2.416295874542316 -0.44289243589969196 -1.1505849804865296 52219058516861
-0.9376875785401029 -1.673820784657254 1.4506013515482765 52219078658463
1.0390345074804177 -2.483087389444554 2.502631960144871 52219098800064
1.074086492703084 -2.296577333430644 0.648333595459647 52219118941719
0.39675698713121754 -1.6748351089320153 -2.324680291601033 52219139083319
0.36515949595497377 -1.7803954308956111 -3.2904205028120765 52219159224922
0.5193126553577292 -2.236157165028988 -1.3167114022496613 52219179366731
0.38416350319243353 -2.6844701656169416 0.9011718938252709 52219199508229
-0.24401197088355353 -2.771709433274803 1.5056543119352166 52219219649673
-0.268109967331843 -2.333395378651092 -0.276958484045577 52219239791536
0.7151751120720258 -1.8251635685458734 -1.8755096583302115 52219259932930
1.3141078630951206 -1.3853017532741987 -1.9472827266641695 52219280074583
1.0719772084448465 -1.1025285119943593 -0.6614760836750855 52219300216237
0.05898557534962712 -0.7436316963142371 0.5910461838411818 52219320358306
-0.2568032389390482 0.005778236698610328 0.5490210291041955 52219340499492
0.11853201822376147 0.9976401674838886 -0.5429242899978937 52219360641041
0.3584730755165091 1.8998943605496112 -1.035047439810815 52219380782695
-0.3273816958367928 2.5630063087521897 -0.2608382448174019 52219400924245
-1.1855747902631841 2.874391863408002 1.1858118260210784 52219421065794
-1.2190530939292974 2.9911760883826517 2.477213913941863 52219441207448
-0.5745100532684377 3.0722011246123717 2.5040245491222404 52219461348944
-0.6953258160522502 3.0557467395336477 1.0150116314852924 52219481490547
-1.8973251059668002 3.037883524439419 -0.764650851061766 52219501632095
-1.4864391863359403 2.312142757051536 -0.33834421600566245 52219521955260
0.24684718608749767 1.3722361782974772 1.0169466975079704 52219541915403
0.6858810691824981 0.7246077902942325 0.36885520956887596 52219562057056
-1.0156384063727515 0.13244502129788494 -1.517745422188649 52219582198658
-2.7430405102544517 -0.7944956431179424 -1.6723994627509193 52219602340207
-1.292052037109812 -1.8738045223068536 0.23097691417426436 52219622481810
1.1250009484371502 -2.5146197897204825 1.0131750860269118 52219642623619
2.08729323921847 -2.4504043278701353 -0.6390815132097205 52219662764961
1.9688946499685263 -2.1595666263586093 -2.6233379644740267 52219682906666
1.1237119113810712 -2.122843730774388 -2.5967172465792214 52219703048320
0.44542949004235677 -2.277242269775762 -0.6859431332008772 52219723189870
0.5406575568776355 -2.3766766283206096 0.9428958840642983 52219743361417
1.0297306353458584 -2.212718255781488 0.7946975666264386 52219763502135
1.490788902807937 -1.6590051710314402 -0.8679406771675992 52219783643839
1.1965129581838498 -1.2138984727626525 -1.9341718776715795 52219803786222
0.5728475735783298 -1.0934942664913718 -1.0757310568247638 52219823927824
0.2823625315189138 -0.9531645538180973 0.8776231623526891 52219844069322
0.39771619709013106 -0.401093654773228 1.6404530220696514 52219864210089
0.6824429772033549 0.6806143339939172 0.14027989812447117 52219884351691
-0.20941671198731604 1.863827404695133 -1.4768752025941732 52219904493397
-2.039762373496103 2.401987216724857 -0.13270865816908856 52219924634947
-1.3294539417656326 2.4067460233798856 3.7278784836209793 52219944776444
0.731261065337494 2.758294767922658 4.490835501740534 52219964918149
1.3863760397699953 3.4482617909006272 0.1542894951424274 52219985059856
-0.6471247541215037 3.7562046475642514 -2.7045835406048084 52220005201301
-2.138756932203453 3.013777194613901 -1.1539378285775967 52220025342955
-1.3486276160752624 1.937767361159871 3.067425909012923 52220045484765
0.39788013370229036 1.119793967052896 2.9793801803353386 52220065626158
0.3857723686805823 0.4995583181735661 -0.42561450807547896 52220085767760
-1.4342776128680343 -0.5992913337423964 -1.9193002002103832 52220105909412
-1.9414284379506777 -1.8005634380876678 0.6108244882691936 52220126051067
-0.29729558239179177 -2.6998379575013836 3.825817793740355 52220146193553
0.8644706629928165 -2.7771189011573565 2.1811010123360344 52220166334165
0.7408441085192532 -2.196548636550885 -2.0020308112249228 52220186475767
0.6848872008779026 -2.116479631896958 -3.1762340239799385 52220206618097
1.132150483358572 -2.4526929828613167 -1.7019857543402006 52220226759648
1.1210035898118575 -2.6420616128515535 0.05187575199658934 52220246901249
0.02070423903698604 -2.382387083249993 0.3413297031597713 52220267042955
-0.12415926502041108 -1.858546385349995 -0.37735127653468314 52220287184816
0.055799541108671136 -1.2961510731237453 -2.2790538727902465 52220307326262
1.168492171949437 -1.185529256936496 -1.4864755201071973 52220327467758
1.7403723508407998 -1.028306218049197 1.0446208534454922 52220347609413
0.12469534161013995 -0.45700776740810767 1.5321444366626435 52220367751067
-1.033459058743138 0.6965764032610133 -0.3008103295761353 52220387892720
-0.7195528915257605 1.7973001851088108 -2.5669544160046582 52220408034165
0.3884079797481417 2.250999327774549 -2.325084528897477 52220428175871
0.5212610517672633 2.078765770813389 1.9548493690695186 52220448317317
-0.31840375624243933 2.4751219916507115 4.824462991349365 52220468459283
-1.1903187081189515 3.4715404644143195 2.121154865735742 52220488599947
-2.2813443219639113 3.6924179184064556 -1.1956664394426566 52220508741443
-2.5060446958523794 3.031851815193914 -0.7554955538978754 52220528885024
-0.6380022605881539 1.6730522529363796 3.06358451391295 52220549025168
-0.840345656126773 1.0277728570366023 4.57711272831786 52220569166353
-1.8258409780264184 1.0020888910980332 0.9180744599980377 52220589307694
-2.1254066691398847 0.5062975777221759 -2.57067959215782 52220609449555
-0.6818438899994081 -0.6756015862597593 -1.688538302632506 52220629591001
0.8141074075317238 -1.7195828315078074 -0.19141902101225483 52220649733331
1.786576453369129 -2.154780034737497 -0.6898661738410539 52220669874673
2.098279717382803 -2.0142170941962476 -2.3279427437603433 52220690016223
2.173631098124993 -1.7695401792632488 -3.0130377887582744 52220710158241
2.0354869097499946 -1.7507883934105983 -2.3382134341316196 52220730299791
1.1964681410812457 -2.023836281134729 -0.8587787551177959 52220750441339
0.18427412223999662 -2.252967950689033 0.7050668396557633 52220770582890
-0.5470265029892527 -2.244537446488726 0.8065095264121107 52220790724595
0.24244471557734792 -1.7883789806284813 -0.7821117148078116 52220810866353
1.3047467880868786 -1.2705713485652854 -1.9820126140337493 52220831007172
0.9036362976570029 -1.084181688227229 -0.9832053060707495 52220851148618
-0.15130971187439757 -0.9703726943317834 0.4842365363934005 52220871290168
-0.5680082187182682 -0.4382732531216771 0.9366446002084705 52220891431873
0.0934938156503855 0.536002491252658 -0.2288337338957236 52220911573527
1.2399683923640585 1.5509455476896266 -1.6794659128978289 52220931714972
0.701593854516247 2.225924895182951 -0.20012790609951314 52220951856731
-1.6054485491995023 2.4251246817713605 3.69471945246414 52220971998175
-2.8907431167033524 2.70218470635459 5.094020190877562 52220992139985
-1.2336516222689324 3.262944054146171 2.0465052152020498 52221012282785
0.7247364170286041 3.7160559269106876 -1.5624906520571105 52221032424334
0.5270791726853834 3.5629448391848015 -2.0493089278956886 52221052565728
-0.9228679118516929 2.500648840097842 0.4149473889334492 52221072707485
-2.3635995052626044 0.765387236140775 2.9889159189592593 52221092849087
-2.3411969870225837 -1.067829371243631 4.059272383604908 52221112990741
-0.6170982146180668 -2.3563753134011556 2.907134703758927 52221133132499
1.7004254322117967 -2.6698170475959238 -0.43857446355535856 52221153273683
2.7086191543631877 -2.0467178958892394 -4.373943066938037 52221173415546
1.5798225695843002 -1.8710779299926408 -3.5713224223004296 52221193557043
0.04310610254244018 -2.2703120510253623 0.7900367887221562 52221213699217
-0.8776366999972978 -2.4592305978515405 2.199644177071475 52221233840142
-0.8193701021853386 -2.1394914118749826 -0.0427748927178202 52221253980858
-0.051541003623270853 -1.6057703755937354 -2.4397496993305063 52221274123658
0.6314234471013833 -1.4853853434437383 -2.271379837589405 52221294263800
0.5408321170561066 -1.6543849349112403 -0.4698870731965239 52221314405506
0.5009762405198854 -1.6140841198039926 0.2935727633177807 52221334547056
0.9002927111659083 -1.0177443466244434 -1.2403615159082753 52221354689959
1.1899119033077263 -0.23090690308080486 -2.5652262244453703 52221374831458
0.8416634093649313 0.3102818017541056 -1.352998850650046 52221394973423
0.5139191063981952 0.4247391132782843 1.6862410561987131 52221415114608
0.037075226524806215 0.6233606265601273 3.5274474348027205 52221435256314
-0.4840849359676551 1.577008813748101 1.6006200572171765 52221455397916
-0.504284550336624 2.8012799025609816 -1.5772554190700085 52221475539464
-0.2796483433942991 3.3184653282987853 -1.1211427141622567 52221495681535
-0.6694095926841892 3.055907516545279 1.8994115122639448 52221515822616
-1.8382742561786016 2.7207391968299746 4.3926859480924065 52221535964685
-3.1391130572866315 2.59684282230773 2.627991531911425 52221556104725
-2.2744862466105555 2.322237441439933 -0.2532952510333599 52221576246222
0.2729158855240552 1.5879901484644456 -1.2461054391079376 52221596389335
0.8596779232629945 0.6724184859590565 -0.46336384347385007 52221616529477
-0.28965023951460456 -0.3950608167015037 0.40681136662716977 52221636672433
-2.228180152549184 -1.343624336954953 0.2699193081454858 52221656812785
-0.7624513486018474 -1.7530244695639627 0.23171913792263865 52221676954230
1.5660521047122717 -1.8800685014324205 -0.6486090646618892 52221697095936
2.5814915861135677 -1.6946920081771868 -1.7964263142295116 52221717237538
1.2024857493596044 -1.4755289971667498 -2.8403148795086093 52221737379035
0.25453010339393334 -1.5145174360146498 -2.2216781731381374 52221757520636
0.9503525983401464 -1.8339528159992202 -0.6254504486667598 52221777662394
1.1962439927346171 -1.9820426238931264 -0.25372949955840784 52221797803840
0.9952764441876933 -1.7764666186457516 -0.7915089902717263 52221817945493
0.8455619756626547 -1.4714784706978516 -0.9705973289361312 52221838087460
0.44113463912387374 -1.0603126593707808 -0.43855061705515497 52221858229165
-0.044003909794651186 -0.7682208306216243 0.11010921338712598 52221878371809
0.08213085653927887 -0.3831069379347998 0.030811980084700874 52221898517420
0.3863223610126729 0.03527470355841 -0.012264478432239212 52221918653449
0.47438992006013847 0.521383825346728 -0.29184283274579137 52221938795467
0.2712233618293609 0.940837529027382 -0.3112818833841331 52221958936652
0.10809197071348886 1.4413296911906563 -0.2718892762385563 52221979078254
0.3869374437582911 2.0014524248275256 0.0075862352591549165 52221999219855
1.268058255787883 2.45991438126827 0.46255092180107393 52222019361561
0.5803035382240564 2.8459588487646155 0.29308761244085924 52222039503162
-1.243703946764505 2.990487782136693 0.08154040245268734 52222059644765
-2.4949753644428543 2.608454678834356 1.4331400368059 52222079787668
-2.460970525929284 2.1096030985362333 2.68484210756972 52222099929113
-0.987746147305927 1.553514998360237 2.689792631368276 52222120070766
1.4378182188740083 1.1032368033756903 1.0824249254071212 52222140212316
1.3333722508804566 0.681783778638053 -1.8526879893618031 52222160353866
-1.112037550858135 -0.22099143412080835 -2.4966767586769425 52222180495624
-1.7275328727177581 -1.7495104324528974 1.283517968058446 52222200637226
-0.013740165361706413 -2.903709908462318 4.864375409603007 52222220778775
1.269024957554385 -2.722137848644854 2.770601890182406 52222240920324
1.104819575418508 -1.7276980718846335 -2.762595636291575 52222261062342
0.32719062127230636 -1.4346120707889565 -3.65742758325201 52222281203475
0.17643755561159535 -1.9528898519436648 -0.5601217541016079 52222301345129
0.23789076714552637 -2.335786002648682 0.7948957607812139 52222321485532
0.328056754341421 -2.3159066341501955 -0.09320936793752876 52222341627134
0.7414737237856368 -1.947647182320157 -1.422577748256273 52222361768787
1.6540920649660094 -1.4431397185123762 -2.2529059486050182 52222381910285
1.5284494332228076 -1.0771069896536511 -1.5944146026340147 52222402052147
-0.05363205498425394 -0.8585972128166706 0.35326470461153825 52222422193592
-0.9240701947686532 -0.41906771165958645 1.272919380876731 52222442335193
0.20571454731007766 0.30695774473483084 0.21676079767013468 52222462476743
1.1931971261293122 1.0009739106316147 -1.1272505415513923 52222482618397
0.3703169782471998 1.402231765224041 -0.889947405897364 52222502759946
-0.8497425111522401 1.759969005929233 0.6084400245008588 52222522902850
-0.27802398939054207 2.4927286227121375 1.110348211006937 52222543044400
0.9731862772375666 3.3377009645759603 0.43623999458679963 52222563185793
0.17961103350880325 3.5996529591607693 0.5087698277006898 52222583327603
-3.1155396888179574 3.160410843891116 2.016964592629302 52222603467954
-3.776306262773116 2.2972617805816427 3.542075092072192 52222623609556
-1.235803310999743 1.6071331549340648 2.2462577299077537 52222643751261
1.4591112574502056 1.3664316216035015 -1.083584636386297 52222663892759
0.4435463301789144 0.7754573090015509 -1.7981421231715378 52222684034308
-2.4595306116381184 -0.41885534420501 -0.24860891338098057 52222704175910
-2.719272438529245 -1.5477673808327577 1.2826558380452155 52222724317616
0.35756544761410414 -2.028387244509956 0.5910416626236725 52222744459165
2.6797535299662836 -1.7616624323267143 -2.5721862011510623 52222764600767
2.698929777098027 -1.32261119586137 -4.708383726545851 52222784742369
0.9965095443346716 -1.5828570230953467 -2.4152543445179306 52222804883971
-0.06564636843851268 -2.0662978255075277 0.5574449618856558 52222825025519
0.29986327634293986 -2.2169298619685236 1.7614222781022746 52222845167225
0.5263164023243521 -1.7909267020748185 -0.5896536814244304 52222865310076
0.15482997732823156 -1.3712057171286052 -1.9029607381082945 52222885452043
0.38288497795633525 -1.3410197494841345 -1.2447440787678856 52222905593071
0.3591033925213183 -1.4341683386498083 0.05769594792319155 52222925734830
0.42302490151705463 -1.3646320342010974 1.2898213091198034 52222945876275
0.6265302727761439 -0.7940371703296281 0.06761144182709256 52222966018501
0.531326757283415 -0.2223513182949528 -1.3903078191945761 52222986459843
-0.103661738704518 0.15461406255153776 -1.421303872543161 52223006301183
-0.6176706019011144 0.51653792972873 -0.05753870350327883 52223026442786
-0.12815747761464147 0.9386942109704837 1.722096478603627 52223046584855
-0.14161289615421313 1.6227815406513866 1.1595619485079016 52223066725884
0.1088044096391294 2.51536390439611 -0.4434686052561787 52223086867746
0.2679395238050537 3.0412950297668875 -0.7655903138924429 52223107009087
-0.02196429892470686 3.3485877816260103 0.2840731590422956 52223127150845
-0.9772272008585157 3.2048467878008093 1.5885866522338365 52223147292602
-1.4326118388118125 2.680332508365648 2.3335524272558192 52223167433944
-0.8500079280807 1.9678377840362682 1.9881554183671555 52223187575701
0.51522070831669 1.838405969416515 -0.6451568176500255 52223207717356
0.947235160403352 1.7479586622519623 -2.2010131494325207 52223227858801
-0.7397948794898186 0.6864162462078198 -0.039728976577266595 52223248000402
-2.465725063748105 -1.1475344835024952 3.221024435925687 52223268141848
-2.1766694064672345 -2.6953713368019976 4.43973458780305 52223288282407
0.3071752170137123 -2.933384471785347 1.6337578850861902 52223308425363
2.35203900173597 -2.468704647740779 -2.4050542388060476 52223328566756
1.9311551271700265 -1.9777591283488736 -4.063862726982338 52223348708619
-0.14368673810772892 -2.2463674589290985 -1.1965369589296206 52223368849907
-0.6299640389236831 -2.71711349839328 1.5312592023875538 52223388990363
-0.0884438873889466 -2.6465423612146246 0.8073804087850429 52223409132017
0.6037444018075928 -2.16541504131545 -1.623248505003216 52223429273775
0.9604247206648244 -1.7899248064898607 -2.4337184329088224 52223449416522
0.8040453429381096 -1.5762025405043882 -1.4471944728895583 52223469558644
0.5225209423192378 -1.32097179802851 -0.00956221893664666 52223489699517
0.3934928280741401 -0.7664820282665579 0.20967200219443272 52223509841274
0.001720531990562213 -0.1604024194882463 -0.408885933400704 52223529983033
-0.12195121112630014 0.3343123417531526 -0.6468719303143133 52223550124373
0.06933356234895993 0.8151061234025221 -0.6085375833139506 52223570266496
0.29280815847291786 1.2850682971595182 0.20112159350508962 52223590407525
0.06466644865333437 1.610012645540115 1.1492029388665719 52223610549283
-0.2779665481085827 1.970468612525842 1.0087666479682575 52223630691249
-0.648484078330616 2.6052567259581743 0.832355115249606 52223650832434
-0.4924689032894929 3.1820081151415387 1.587905576574685 52223670973983
-0.7787529546628442 3.2699717264882313 1.7586667464159982 52223691114490
-1.7614056840427752 2.7761946663468358 1.453271287757799 52223711256353
-1.85342386364047 1.991964033858718 2.119843592706239 52223731397694
-1.220519852631126 1.3736249380244754 2.0163460655712413 52223751539347
0.17510999680134898 0.968687548075831 0.13972480167574286 52223771680845
1.1095460052535793 0.5885608783044152 -1.6380858813156558 52223791823957
0.11311287842161333 0.0933218471747832 -1.6445141152087746 52223812292382
-1.2204349902314595 -0.7071540456976741 -0.6818466437295196 52223832106847
-1.0971609804664175 -1.7228155217143897 0.3220153607976344 52223852248345
0.9270075437518663 -2.003826147840261 -0.008146988705642677 52223872388904
1.0147383592202432 -1.6918182424909585 -0.937413587058264 52223892530610
-0.6780652696550553 -1.2964843791490175 -1.7701823344903613 52223912672004
-1.2829551454115444 -1.1994189486317133 -1.3103963558735394 52223932813605
-0.10177915539173554 -1.669825686249121 -0.48447431126133145 52223952955207
0.7707983553741116 -2.289901076343046 -0.11237192947781516 52223973097433
1.4535771608617898 -2.641710900136937 -0.08531990686350222 52223993238514
1.368074131033182 -2.2781392279220496 -0.9569522145533018 52224013380063
1.356593093889046 -1.4507096245251399 -2.8844338419551416 52224033521718
1.2683799438612366 -0.9568933832138624 -2.9200104524703634 52224053664620
0.6417425293077392 -0.9290767182898403 -0.4408911744762908 52224073806379
0.30575242188369156 -0.7933956519756222 1.2144867674502176 52224093947668
-0.1470484531180467 -0.06859103329924743 -0.07937494150857605 52224114089270
0.17750283906806263 0.6943215092981019 -1.0549794453943608 52224134231236
0.9650857673482003 1.1829108207197319 0.1747298225907613 52224154372785
0.5295149029410602 1.6092192815757862 2.207984541666359 52224174514386
-1.087923722178402 2.3468114604168786 1.9066586294268375 52224194655935
-0.9552022589927214 3.2962602034897532 -0.33064233473978 52224214797694
1.051060360774573 3.5427454674793033 -1.060070508416824 52224234939139
0.7293492651821585 3.2211714716396926 -0.5192478129834592 52224255080792
-1.4007613105105232 2.754634931218005 1.3461373941444825 52224275220936
-2.917020181220919 2.099899351224403 2.894353762971836 52224295362590
-1.4504984691954852 1.6637573716045235 1.9063887720962192 52224315504036
0.9905777871436117 1.2234497449398685 0.7444469551769752 52224335645636
1.4684509992461394 0.8917846982956448 -0.8125967327334198 52224355787239
-0.48118402482183864 -0.08148190933223454 -0.30703539399923585 52224375928839
-2.257225051888721 -1.644165019653288 2.1506607473006114 52224396070442
-1.118719494635977 -2.57888182041013 3.4139123869029895 52224416212200
0.9986401269474685 -2.633674303984355 0.6486714134286418 52224436353800
1.569078117182975 -2.167339833812484 -2.455122927850837 52224456495194
1.0966443296838801 -1.8703708904874876 -3.2185050805619198 52224476636847
0.737154330934604 -2.1171097006712394 -0.9758660761682858 52224496778554
0.5115496366226835 -2.325096451943242 0.27226124062787127 52224516920207
0.5892567991418969 -2.126495618585844 -0.2257701090602029 52224537061756
0.4466495799385175 -1.8022707136186753 -0.8659310286544124 52224557204556
-0.21711881261168609 -1.6420607115199406 -0.41758613151727975 52224577346313
-0.4282971008705989 -1.5834605809347018 0.07883392681742629 52224597487603
0.06589503414727083 -1.3311971756852614 -0.3208073702648089 52224617629413
0.6622375116928167 -0.8831340100794591 -0.8467582008993471 52224637770962
0.7519823921667534 -0.29041834087606766 -1.0335711115007278 52224657912459
0.15853171451465276 0.2399919874553964 -0.4575575727943322 52224678054217
-0.44061847604452775 0.758497496214317 0.22792366832703426 52224698195662
-0.5546432183356222 1.4738390125964536 0.6314112002866274 52224718336431
-0.3674450434184977 2.211920331170913 0.691432671166802 52224738479023
-0.8889023237972982 2.4366016946242297 1.172006000214692 52224758620520
-1.6690198082565884 2.271022078355635 2.2462595853280036 52224778762538
-1.6625473895740206 2.353646275965758 2.147556984668653 52224798903879
-1.0867517788467165 2.6199287395226065 0.6276403142974223 52224819045533
-0.24648882542112283 2.423005979899335 -0.24851030715581235 52224839187290
0.9652112834131015 1.6869399401694682 0.28022007458785003 52224859328683
0.7524546712617313 1.2619787099480746 0.29166873545152994 52224879470494
-1.2186051106468652 0.9097660734272104 -0.4029321014825258 52224899612043
-2.253350885392492 0.056951042335517954 -0.24885935306102036 52224919753541
-1.1989819778452437 -0.9186969786315853 0.0459808769261838 52224939895194
0.9602846325675549 -1.4543057274365179 -0.6417309234590531 52224960036848
2.194167647460294 -1.376347413980465 -1.5583554418922425 52224980178396
1.1053585320307353 -1.0463049819656227 -2.178373806638794 52225000320154
-0.48133817437541193 -0.9630815832287478 -1.5364490453110353 52225020461652
-0.5694211254378292 -1.206927668926749 -0.27140777140507844 52225040603253
-0.08017068941276317 -1.4905909632663992 0.05161157584468712 52225060744804
0.24493327268853937 -1.635014274519369 -0.35275370807425044 52225080886560
0.5034173212758315 -1.6732702086779945 -0.7041634156781504 52225101028788
0.7634150093644152 -1.6453300341298958 -0.5660040723862705 52225121169712
1.297987866866532 -1.4533001601164166 -0.4690630235340163 52225141316418
1.3617667583369757 -1.0936826085618838 -0.7712220985147131 52225161458019
0.5656829379195805 -0.7658274345057574 -0.9284522881867705 52225181594673
-0.32220950903933554 -0.5663972991671065 0.05767762257558351 52225201736535
-0.3193520798877185 -0.303459636208685 1.127111336341717 52225221877824
0.023497828277325272 0.24962731056430165 0.9021407292296235 52225242019530
0.4871576376218605 0.9845651297014415 0.10309686072744895 52225262161027
0.7554243522849884 1.371819584229903 -0.5681938981367909 52225282302629
0.0787657513592408 1.472785257227672 0.14106255727181738 52225302442459
-0.45089120750635736 1.7466730300008884 2.2594198700362043 52225322584165
-0.2184888449113358 2.233898482594462 2.4419108960289635 52225342726287
-0.36583111499156873 2.6424166376380693 0.4769906308856706 52225362868879
-0.1188855951182548 2.474565634329206 -0.31591726091646377 52225383010637
0.4230922074991459 1.9276993824633646 0.3876470506418288 52225403151613
0.7576754261555667 1.7011072598769417 0.7335307264509634 52225423293372
0.6634279385807034 1.1772188157140526 0.4790609092857707 52225443435285
-0.7210276686666872 0.2390406775712428 -0.49817217100888334 52225463576522
-1.2696566075895999 -0.798440309505505 -0.5902125414946067 52225483718696
0.0601658272095702 -1.664179493698155 1.0352762558668145 52225503859829
0.5162234820801563 -1.8037801183960234 1.3231062585997018 52225524001587
0.05395778957037489 -1.562079270498069 1.036805319379761 52225544142824
-1.51001980349995 -1.3587332406172052 1.458399333628809 52225564285207
-1.96039621389371 -1.3413445026500135 0.7115070645592976 52225584426131
-0.2842715609587181 -1.5295453286825111 -0.2958456178838116 52225604567941
0.4420651731080252 -1.7327671223210093 -0.9949528614945495 52225624709438
1.1343406150489201 -1.7471389908255572 -1.7970120938831395 52225644850936
1.3163958318828861 -1.7867126575041956 -2.549535944637762 52225664992589
0.759684048318809 -1.8656494228783567 -1.6748948689914593 52225685134504
0.7588336644362974 -1.7776269601776846 -0.8426624772244176 52225705275741
1.113329138580288 -1.2961494197046477 -1.252303809904534 52225725417498
1.0536271780517303 -0.8143731490449682 -1.1344846494861274 52225745559100
0.12151502369138423 -0.34602976923597506 0.2294117921298482 52225765700598
-0.6381761646406425 0.3332591924237205 0.5909879297976286 52225785841053
-0.6988221817125142 0.975249932063976 0.590136535244353 52225805982551
0.05653063353623877 1.6711057073699314 0.28666000944548253 52225826125506
0.07845204589149102 2.453376265114695 0.08983826146263585 52225846267160
-0.7385323085993072 2.827886558966757 0.4416337927638587 52225866409022
-1.5924249679731957 2.751225262798405 1.682701565461087 52225886550207
-1.9230488610973064 2.6944494485199737 2.5465396703376197 52225906691704
-1.5946402607528452 2.6542045783472297 1.5880374003325959 52225926833514
-1.337076954696026 2.3878778228340334 0.30626976401607653 52225946975324
-0.32686371219432075 1.723461437954727 -0.29477911066213913 52225967115415
0.6106281708695436 1.2522188573950324 -0.4357622533734613 52225987256964
0.48670810310188495 0.915996277322277 -0.8324843144175191 52226007399869
-0.6375011932997423 0.1466031742015712 -1.1203697757527653 52226027541575
-1.5986972437022944 -0.835024589544993 -1.2357611526334624 52226047683019
-0.2638454902743357 -1.5972921325734948 -0.42508353148177 52226067824621
1.5007033929367815 -1.6461930810587955 -0.5133090126854158 52226087969607
1.9036266791931755 -1.1902210664095367 -1.9048976984295827 52226108111209
1.5267343511670406 -1.2172037085963794 -3.1504318306186665 52226128252498
0.5070930473398825 -1.8137654082833539 -1.7384729059011832 52226148389777
-0.11007263244059429 -2.428588010220434 1.1880546830915535 52226168531380
-0.3318569340774751 -2.382750779270097 2.404191305066993 52226188672981
0.06321318320676994 -1.8215692757598276 0.9648813643660943 52226208814583
0.3509733785966658 -1.4605879401391126 -1.2687443225696247 52226228956287
0.6715868083460825 -1.4516856841425403 -1.7033987783681999 52226249097889
0.803834388083116 -1.5088094848140328 -0.91229177660081 52226269239335
0.8472056940602428 -1.305167705038726 0.16259821934435204 52226289381092
0.17076992634194443 -0.649078011687231 1.3059696887567318 52226309522589
-0.5760183362701943 0.20939970002521502 0.6891849306928854 52226329664243
-0.5096794151099053 0.7347072600201727 -0.5237008835706916 52226349805793
0.5082965069745757 0.9202365111411384 -0.7215852185753033 52226369948852
0.9993374008921607 1.35188745110041 -0.2286231553289927 52226390091236
-0.06516630975502147 1.7224523436928285 1.1324579210493058 52226410231899
-0.962728750929017 1.6157182226105125 2.4722749305894447 52226430373449
-0.8698656179307136 1.7264002616821603 1.9236573468153058 52226450515206
0.01565535721792921 2.0661788030957275 0.5862037094834944 52226470656756
0.15419909046184355 2.1479625737265824 0.27426081914929545 52226490797056
-0.9979297901305255 2.315672305075015 0.5683710576631862 52226510938657
-1.1873330899169208 2.5423938010912615 0.715744209411799 52226531243280
0.04775315697271365 1.958683107279258 0.9121461487794393 52226551221965
0.8093817247969208 1.2681305678546568 0.7448048096485516 52226571363567
-0.32384471781871316 0.27464849725247475 1.2784366211563412 52226591505011
-2.2508360281612205 -0.9265214365730188 2.172480742237573 52226611646613
-1.999179564716476 -1.7756287703521654 2.0491784414463083 52226631788319
0.10675986385181924 -1.7326490123754823 -0.4340459187179535 52226651929817
1.1574415824877056 -1.5364854208378844 -2.176411539661863 52226672071419
1.1171764105214148 -1.7997571843265572 -0.6879798176669905 52226692214478
0.5238558745108817 -2.171287681054995 0.4371283528976577 52226712355924
0.11112571523370507 -2.2838196956252457 -0.525040970025624 52226732497525
0.4718351424994638 -2.185905854156447 -1.2249155885204992 52226752639126
0.690822606187071 -1.843915113012657 -0.8203133301913996 52226772780779
0.5317230263559067 -1.4368264263476256 -0.9127814258718701 52226792922278
0.4647827179597255 -1.0884381918593506 -1.203442914134996 52226813062681
0.6249145532740306 -0.8709458659874807 -0.3687479836517471 52226833204387
0.04252197465047436 -0.5590857943524838 -0.5324861798901477 52226853345936
-0.05105322106087051 -0.3503814284507367 -0.7355714634433683 52226873487485
0.4906149426825537 -0.359797330260589 -0.38533217075469484 52226893629712
