-1.2839843750000002 7.3986450195312505 0.82388916015625 52184374701069
-0.9329492187500001 5.872260742187501 1.08072998046875 52184394842775
-0.7107514648437502 4.5850766601562505 1.0888759765625002 52184414984272
-0.27636484375000026 3.5049387695312504 0.9979684570312503 52184435125822
-0.29509089843750025 2.8572469140625003 1.4036359960937501 52184455268049
-0.1712045546875003 2.3489567109375002 -0.10941542187499986 52184475409702
0.5043449499999999 2.0997098023437504 -0.6806109507812499 52184495551356
0.4100555498437499 1.7630686231250001 -0.8609194246874999 52184515692644
0.21572754534374994 1.3894221836562508 -0.32322040303125 52184535834611
0.11773584486874988 1.0756246609875006 0.22142856038750003 52184555975326
-0.08995439051125009 0.9484513889462498 0.1906194108100001 52184576117032
-0.24027405928400003 0.8327723416257502 0.35331339974175013 52184596258582
-0.20180176695844998 0.7597481467381009 0.4529510127621501 52184616400808
-0.1534458080980099 0.58982976739048 0.55078854458472 52184636542463
-0.10680205663465792 0.42315775922488363 0.506499976292776 52184656684116
0.02440942891102371 0.26159749644240726 0.33010232478422097 52184676825770
-0.219241988121181 0.0987921573101751 0.24309797310862669 52184696967267
-0.13326712565319476 0.004131382098139014 0.11471763629940135 52184717108868
0.25541022525869417 -0.09950251150898914 -0.1231550901792291 52184737249740
0.34765093411320536 -0.19963374748844132 -0.17412221667463323 52184757391394
0.2585772902593143 -0.2639306308032534 -0.18811369130845668 52184777533726
0.026100113457451446 -0.23480173120510273 0.2544528946094846 52184797675223
-0.16909793657778893 -0.19616658027658218 0.2306497180313376 52184817817032
-0.0470093062934811 -0.03226285406501539 0.03351879786257017 52184837958581
0.05227292605896516 -0.006633037158263022 -0.11359023514744382 52184858100287
-0.11648244040282785 0.03254757417963994 -0.1699859576492051 52184878241836
-0.4457982570097623 0.17117966090621195 0.2943334995056359 52184898383282
-0.3602763009203098 0.20848913888121956 0.7663139675732586 52184918524989
-0.2318001422987479 0.5077947290737264 0.26532168187110705 52184938666589
0.004659983817251634 0.7008280684152304 0.3585342009656356 52184958808088
-0.0027905676336986707 0.762627786763435 0.9968005053037583 52184978949845
-0.05478372363820894 1.0375192215982487 0.885086888618007 52184999091395
-1.0160315687543173 1.5267438929035997 0.4341681437069056 52185019233204
-2.432820372190954 1.8071373018228805 -0.08690620769072543 52185039374701
-2.0380043446277636 1.3346014430208033 0.24832171353491939 52185059657345
-0.14677310460846105 0.8169853536353919 0.031823874734185686 52185079657905
1.0900766335007313 0.5869867204083121 -0.32822742365015145 52185099799351
0.3900788849255852 0.4541108607016504 -0.9607508842326213 52185119941525
-1.500961794403282 0.008039665123821038 -0.2549654534798469 52185140082658
-2.3945438495851255 -0.8660658264946939 0.6564890629973728 52185160224571
-1.1029885952931004 -1.5521300049457558 0.688789883210398 52185180366069
1.04744310814052 -1.802397363331604 -0.5164607692129315 52185200507462
1.441628802918666 -1.5857655469152832 -1.6780611934953453 52185220649116
0.5121897610849326 -1.4243497422197269 -1.2599416305775262 52185240790614
0.05925132058669602 -1.4425437586195304 -0.1918766443057709 52185260932162
0.410010919750607 -1.615143405333125 0.12298794236788324 52185281073869
0.8262143022067354 -1.6590580836415008 -0.47803786876194354 52185301215522
0.8997653870778883 -1.5307865059757013 -1.1175133028220547 52185321356968
0.7900637745060608 -1.3109817438430609 -1.4919964821013938 52185341498569
0.5491652774173488 -1.151641840386949 -0.9979306817748651 52185361640275
0.5648082961526291 -1.0272216754345598 -0.016362123544892082 52185381781771
0.7489291564533533 -0.7756957973788978 0.3276329574140864 52185401923426
0.5517678368814327 -0.2854614230593686 -0.24938045047498092 52185422065079
-0.2574016484636039 0.4980468771775053 -0.7533739892862348 52185442205848
-0.8212655570521332 1.1704101579920039 -0.26511374221023787 52185462347345
-0.5613825628292066 1.3813476576436035 0.9168396702943098 52185482488946
-0.2879976518258651 1.5382324229898838 1.1287720292041978 52185502631382
-0.34999040661694214 1.810041504798157 0.3689844202383583 52185522773087
-0.10922816513730371 2.1187485358697753 0.13752152056568678 52185542914585
0.38300321007765703 2.2734290044770695 0.7396314742650494 52185563055457
0.14557493134337562 2.401384805144156 0.9690977575370394 52185583197632
-0.9885449377377995 2.450416926146575 1.1215550614983816 52185603339285
-1.4637119267527399 2.0919985799797605 1.7381253968549553 52185623480939
-0.22023711952719172 1.6528224967963077 1.6245335206089644 52185643621968
1.4466618668782467 1.3628829974370458 0.05972203133092169 52185663763517
1.0302054700650976 0.9822619643558852 -0.9003302850915125 52185683905275
-1.3106744911354218 0.04232812617220816 0.6686639945830399 52185704046980
-2.7462202569708376 -1.0710813467184828 2.971564496447682 52185724188582
-1.3690587251079203 -1.9724046281560348 2.7683892924706455 52185744330184
0.9163741136636641 -2.4837586634623268 -0.04329637852348345 52185764471785
1.7733824940559315 -2.45163095420736 -3.027068743443787 52185784613283
1.2111986710259952 -2.4508921657096394 -3.1273678853800297 52185804755300
0.4149306165082962 -2.623958361473962 -0.5002829801790236 52185824897215
0.25689566508163697 -2.7656339743354206 1.458330744763031 52185845038660
0.005052664877809532 -2.4047068864995866 0.41091508409167465 52185865180105
-0.4307601141915023 -1.7635848451371698 -1.5917025030391603 52185885321812
-0.09162957572820174 -1.4709997120472362 -1.6802223539938284 52185905463257
0.5958735855111885 -1.5324027969815388 -0.3775519066325628 52185925604963
0.8726461340339511 -1.3350775110227318 0.009799295006449826 52185945746772
0.413290247070911 -0.8566606416306852 -1.0462621264948402 52185965888217
0.13868883828172884 -0.3976942359607989 -1.4056132168208721 52185986029871
0.35186903937538316 0.01831922060636071 -0.020974948456697673 52186006171421
0.42450060259405653 0.6760689507038391 0.6833176974846418 52186026313074
-0.30427158823725464 1.6442731293130706 0.04189341580021355 52186046454727
-1.1077239112148038 2.696021530794206 1.0697818224839208 52186066596278
-0.5477880156905932 3.140972498072866 2.2246487001746367 52186086737931
-0.36734418208372444 3.3097750687707936 1.3892282374834597 52186106879377
-1.4342928261357297 3.3017385120478853 0.48933669154926784 52186127021082
-2.771970393721084 3.105929383857058 1.3162007985519142 52186147162840
-1.9882550259143672 2.7315452648981466 1.9003605411852815 52186167304389
-0.11584816135649412 1.872125860356018 0.16396519076072558 52186187445887
1.1175997912273048 1.2315507859410637 -2.0185226716101696 52186207587905
-0.2277829599869059 0.27512099984659955 -1.8431018286943859 52186227729037
-2.6303708992395247 -0.6728475360602211 1.2738217597007413 52186247871160
-1.4222044342353701 -1.3125822280669261 1.5980979351043434 52186268012709
1.464714479955454 -1.7263841418285413 -1.6935309292602754 52186288154416
2.801019630839363 -1.8236732314315844 -3.8267119504394707 52186308295496
1.6160720523277403 -1.763442979676519 -2.9316088181640767 52186328437150
-0.004627709700308014 -1.7908447157724652 -0.5541127381250115 52186348577813
-0.06149025369774641 -1.8893896398054721 0.912984223562491 52186368719572
0.7133322111043028 -2.1229741141881284 0.09991862884999292 52186388861121
1.0516228001334422 -2.0967923772880024 -1.1194059172325057 52186409002722
1.3009173807317538 -2.121891909642902 -1.2328172142547547 52186429144272
1.295738787397903 -2.038553566776822 -0.7358265253100538 52186449286029
1.1258732564808223 -1.6791949042027081 -0.6611831929042931 52186469427424
0.35190710127840785 -1.061324673362166 -0.17574831213593445 52186489569180
-0.1964162135085239 -0.4951534886897333 0.13996775654125243 52186509710783
0.04030355263068097 -0.10414281048303664 -0.2848885877357481 52186529853113
0.08205973663579469 0.41038692348857087 -0.1830622373760985 52186549994663
-0.27111978881636434 1.1653700856658569 0.6257670069741212 52186570136213
-0.18592659277184165 2.0526451896264355 1.489847004016797 52186590277137
0.28108050312627664 3.0776386126386486 0.8953199860259377 52186610418634
0.2558580548447713 3.661354054173419 -0.2540931322729999 52186630560287
-0.966358477999183 3.746661368338735 0.21712344340035006 52186650702359
-2.3168123683368465 3.459682610295989 2.9328784422202805 52186670843699
-2.2145338790444775 3.1949677679242914 3.3630019725262246 52186690985040
-0.2495201696418321 2.7195240190269327 1.1603234530209798 52186711126954
0.7607110127240344 1.8773892347527958 -1.0359624289894662 52186731268660
-0.2609258187270225 0.34177955186473596 -1.222422286941573 52186751410679
-1.1181888971691176 -1.3253922764769612 0.5593912720092415 52186771552175
0.5064376517959559 -2.499998879775319 1.7981966113573935 52186791693777
2.5164660394055147 -2.9238882639765045 0.2849440078359149 52186811835430
1.890260233868162 -2.536156509618703 -2.2790760437312683 52186831977033
0.012086116782029421 -2.184052160819963 -1.9105533154537646 52186852118687
-0.3567861846993765 -2.4646367481872193 0.8689694570119881 52186872260183
-0.07107347900950112 -2.7177176993310255 1.9045505656095907 52186892401890
0.316627544917399 -2.2793499407148206 -0.49153288735607736 52186912543439
0.5262634617151691 -1.7610409877281068 -2.4823864661348622 52186932685093
0.5416040310908852 -1.6732737081512354 -1.5400351494703897 52186952826642
0.5004096897164583 -1.6875935758959884 0.3033844780799382 52186972968243
0.3303814627106667 -1.3761490794667903 0.41154303168270046 52186993110001
-0.025306646237716723 -0.7353675057609328 -0.7780653793413397 52187013251394
0.18302616738482658 -0.2332036725774964 -0.7953038659730718 52187033393049
0.6728125354703614 0.11232622209425269 0.2599361064402925 52187053535222
0.3456596963450391 0.7232838292379018 0.7210348226522341 52187073676355
-0.5047710710489688 1.6769424930778216 0.09681076827803725 52187093817853
-0.5818075794954249 2.5624646389935073 -0.6432300963150701 52187113959611
0.01004221765366009 3.093563019788556 -0.5577847606458062 52187134101472
-0.4380843899395719 3.129782056455845 1.089038304764605 52187154242813
-1.6312414377329079 3.216069297508426 3.364797538342934 52187174384676
-1.8209477400300766 3.3568642270692415 2.5825851009868472 52187194525860
-0.7438431529615612 3.3894586668116435 -0.689254184835522 52187214667567
0.14224237216200075 2.909955605324315 -1.736022488493418 52187234809219
-0.7058716296141494 1.7903179998844507 0.2735965599865158 52187254950925
-1.9302734755663198 0.47137793506380987 2.6109670917392127 52187275092422
-1.826616241390556 -0.7216159136677032 1.06381029448512 52187295234025
0.7833237061063052 -1.7863503481216618 -2.444252057380654 52187315375678
2.6428088672287946 -2.5695587941223295 -4.129815708404523 52187335517176
2.344313011751786 -2.6963574845166125 -3.826142605786119 52187355659195
0.5506091008076788 -2.6346494641757907 -1.5838266822851454 52187375800483
-0.5708530513851069 -2.3460862705593826 -0.04962970520311638 52187395942137
-0.015483710639335513 -2.3258070047287553 0.0797298295875069 52187416082696
0.7688630314885316 -2.3227061506580036 -0.23440949570499447 52187436224351
0.9943384720658255 -2.304344119745153 -0.3978059168764956 52187456365952
0.8960567151526604 -2.1794005887648726 -0.24153574912619646 52187476507553
0.7958614854033783 -1.8256249631993988 -0.41317488836345717 52187496649104
0.7105295203539528 -1.4010639354032692 -0.16883336772201576 52187516790965
-0.03055099309183773 -0.9026504647288656 0.23417158707238742 52187536932358
-0.5268699936922201 -0.4039685163143423 0.63228355872041 52187557075262
-0.27465761604752603 0.20292381976102547 0.513956729788828 52187577215613
0.020874493099479086 1.4492287042463206 -0.9862223114814377 52187597357215
0.27747840307333327 2.397127104022056 -0.5115120288726501 52187617498764
0.08427520292741675 2.802418480092646 2.20033627533938 52187637640417
-1.0166008337518166 3.424576385636616 3.648733375740254 52187657781967
-1.7278436552827035 4.163061987415542 1.1666917787172035 52187677923570
-0.8963496312574128 4.081999882901185 -0.5523887645262373 52187698065118
-0.05066124797468019 3.087450492258448 0.9570880118165102 52187718206720
0.45826250552650594 2.303407659431757 2.180599608671958 52187738348321
0.28412709426495475 1.6137466353579057 0.4769381830313164 52187758489871
-0.761931723025536 0.686407464536325 -2.1380295316999467 52187778632930
-1.869225554201679 -0.5594677783709407 -0.9452258714537076 52187798774480
-0.02764362695509348 -1.8284213906655022 1.543807095805784 52187818916030
1.4872234773421753 -2.5929373078449025 1.4786247782071271 52187839057475
1.0284262428112403 -2.1660124439321713 -1.1998394352467985 52187859199390
-0.19677804871975768 -1.9163792910832367 -1.685518520853689 52187879340782
-0.678748122569556 -2.3144022609915904 0.6710676051920488 52187899482437
0.005707556631855404 -2.661958820512023 1.277125080247389 52187919624037
0.40667786171173415 -2.445863443128369 -0.6728067717395891 52187939765535
0.03597461358813714 -2.1787610670026947 -1.2708870189541712 52187959907761
0.0478836947767598 -2.1416416661021556 -0.1295269979758371 52187980049311
0.3632947487901579 -2.0405838406942243 -0.1686972819744197 52188000190496
0.9657212482508764 -1.7844324045866298 -1.5471648568295358 52188020332097
0.9704041470382012 -1.3617134041380545 -1.4944945807761285 52188040473596
0.16378669653681088 -0.8665557819041938 0.16979740178534708 52188060615613
-0.5328378302705514 -0.13624999661710469 1.2583354800220277 52188080757267
-0.12846752984144105 0.7576015652063157 0.8026156496426222 52188100898451
0.6450042964393474 1.5175924826338019 -0.7801486912234024 52188121040158
0.4475097848077281 2.187413829857042 -1.278623347509972 52188141181551
-0.4176025237163177 2.7653363373231343 0.36722583371077255 52188161321954
-0.7136596556918042 3.437574245639759 2.078985745093618 52188181463869
-0.4366503808034434 4.0501082246368085 2.0056934788873946 52188201605209
-1.1129921796427547 3.985350251584448 1.6513687479536658 52188221746863
-1.293067083557954 3.3822133067363076 2.019288357737933 52188241889767
0.22542182143488665 2.595431289920297 0.13376564712784633 52188262030327
0.3086333555854095 1.718642395217488 -1.792877619016473 52188282171616
-1.8344165577191727 0.6932732911739894 -0.09079623583817842 52188302313269
-3.0367471133628383 -0.5979936717483092 1.7403879136732074 52188322456174
-1.5716828469402708 -1.819654703023648 0.6880989051573159 52188342597983
1.1792748161977835 -2.624986457731419 -2.2379608172803978 52188362739168
2.724254813895727 -2.9838026427476354 -4.164331056168068 52188382881238
2.0535615659603317 -2.972173950135609 -2.818293458215705 52188403021173
0.8006739597995152 -2.7935594726084876 -0.09424658297881394 52188423162931
0.48596153112086204 -2.5777674999617908 1.2920221672106988 52188443304480
0.8020382678654396 -2.193952281219433 0.3551021087685591 52188463446030
0.5408005361673518 -1.761314168725546 -0.9211185082976527 52188483587579
0.14285771409013148 -1.5216978193554365 -0.9481008613256223 52188503729390
0.6296182025221053 -1.5802977086093488 -0.10489182187299784 52188523870939
1.1656208315489343 -1.5498216629812287 0.24458996047035175 52188544012489
0.5731094582078974 -1.0901869202287324 -0.1745428753737186 52188564153985
-0.23777708187118218 -0.16788928227673594 -0.773728538580225 52188584295639
-0.29389598190319566 0.5458887694911114 -0.17923673711417998 52188604437448
0.04387491369619356 1.0881880663741388 0.24097340327740602 52188624578842
0.34528059501945485 1.944683753880561 -0.26470418753432523 52188644721173
-0.5415489614844362 3.0354222960731985 -0.3290485062774602 52188664862826
-1.328270907468799 3.6235282665460584 0.8960629527905319 52188685004376
-0.7712104759750393 3.484039898393096 1.6084641317636756 52188706221967
0.2723382598449686 3.1781987155894775 1.0614539225984405 52188725288361
0.08317822506347494 2.8720023318465824 0.7529839388600026 52188745430170
-1.1130106426054702 2.2867620217272666 0.949518498744252 52188765571459
-0.9706453304906262 1.567165965038063 2.351497123214152 52188785712853
0.586935884044999 1.0169896079679503 1.7113490657588217 52188805854611
1.2012625744234993 0.9416678582493603 -1.1097171341116923 52188826000431
-0.15087958889870068 0.09028497019323822 -1.9620656994768537 52188846137710
-2.335535214087711 -1.4044199730641598 1.1376716591685172 52188866279259
-1.2708695775201688 -2.4408455487638285 3.449419553897314 52188886421173
0.6424596114213648 -2.9349152085423125 1.1794697251491013 52188906562514
1.3630033336683418 -2.509748573083849 -2.743265040193219 52188926702866
0.8905857724034234 -2.480870147529579 -2.6577101766858253 52188946844468
0.6087088522977386 -2.9187659422424126 0.9123694563075899 52188966986278
0.05704764824444086 -2.8967070897314304 2.5229497642648218 52188987128972
-0.2246743814044474 -2.239875437410145 0.1820316864118574 52189007270470
0.00224291675144217 -1.6583310139906162 -2.7807052172767643 52189027412123
0.34273671621365365 -1.5356125650987433 -2.2915929824151613 52189047553673
0.34676017375217283 -1.5223377083289948 -0.6702738976508793 52189067695326
0.3957797210329883 -1.179576709631946 -0.13940515327695358 52189087836981
0.26681908932639065 -0.39114671926805666 -0.9536872085590629 52189107978479
0.22368476364861256 0.302439069898055 -2.1983745715347505 52189128120131
-0.21883050939361004 0.708992271543444 -0.9007040517590503 52189148261525
0.05932279951636188 1.0492128602035047 1.3196100984365098 52189168403334
0.7975314818005894 1.8185084717565534 1.518297942030458 52189188544988
-0.2599240333095285 3.035800429748992 0.6225363028431166 52189208686590
-1.3458908868038728 3.813552453174193 0.43740892508699325 52189228827045
-1.3351233539743483 3.8728878609768547 1.4640140541320945 52189248968438
-0.9150835464607288 3.641926011437734 2.653987122211926 52189269110249
-0.7326283606060828 3.394803016181438 1.5038903813632905 52189289251746
-0.3488102080161166 2.7477637996639004 -0.08017626912811782 52189309394597
-0.45340119375664356 1.5365289108248703 -0.746099023114994 52189329536199
-0.7233654862553149 0.4010493005348952 -0.5430584177107454 52189349677801
-1.124419928066752 -0.8232889775408339 -0.4711532771373461 52189369819402
-0.7735105518284016 -1.8701546195326681 -0.9397644185848768 52189389960900
0.8321070858810291 -2.496148109688635 -1.3150683708054014 52189410102606
1.8872554929235732 -2.613947296344657 -1.9738930755505713 52189430242853
1.1725851560576084 -2.110274048013226 -2.729578327627957 52189450384506
0.015094492033586704 -1.75178125012933 -1.6893389316336158 52189470526004
-0.5169771407481307 -1.8451017579159643 0.6753232882868575 52189490667658
-0.0877760485360044 -2.059296738364022 1.3259886110982362 52189510809311
0.7986634385149465 -2.0481087774099684 0.12829577169108886 52189530952215
1.1715479383119571 -1.9083722758342248 -0.830883890459629 52189551092514
0.5472847373683158 -1.6934702816048803 -0.3520850420552032 52189571234220
-0.08943051088659715 -1.3698763229401543 0.8648529624495875 52189591375718
0.22546486863447224 -0.9107936364771234 0.6991821746471701 52189611517267
0.6124519730325777 -0.43168666699419855 -0.696428186063514 52189631658921
0.3901568909260622 -0.2118532398453592 -0.6067030957258113 52189651800679
0.08573391117834994 -0.06837175203253665 0.524085765606851 52189671942488
0.2119831250364299 0.48093492259271997 0.37720318279798093 52189692085079
0.4653140390916439 1.2711615122929256 -0.7179762232928653 52189712226576
0.39343043049206505 1.8961406356155912 -1.0684605684780424 52189732368074
0.3127668053311521 2.3402889733362233 0.3494185569363162 52189752488480
0.22080670598367158 2.962282448200229 1.989288263517803 52189772630134
-0.3144923305255627 3.6761247866851825 1.4942016069079926 52189792770902
-1.5011788253579503 4.015374927004396 0.39444575818264394 52189812912139
-2.5615509704426103 3.8263258205097657 0.7488573877961153 52189833053637
-1.7620825732290886 3.0256846798453125 1.8895033907056424 52189853195185
-0.05434379295827085 2.0615999899700004 1.242034841470764 52189873338142
0.27256500469588296 0.8659792107259996 -0.15894781041713868 52189893479690
-0.5724875470245436 -0.7672752251692003 -0.34107426395871077 52189913621240
-0.9047429673071354 -2.0350848285728613 0.7893476200830314 52189933762842
0.0691011339667913 -2.8548134683270394 0.6184043655976752 52189953905120
1.5937574696734331 -3.4182868098178822 -0.8503082458031099 52189974045993
1.8621031437074964 -3.306260307229307 -3.045798354454988 52189994187907
1.4978490188722473 -3.175013128595946 -2.3508354609077404 52190014329300
0.8795170080665478 -3.1870197802205062 0.6903521390863074 52190034470849
0.3346194658282382 -2.825030863238905 1.704576633144046 52190054612816
-0.2782883140561596 -2.045315217934874 -0.31321857629726324 52190074754002
-0.4682239129636778 -1.2925021743478995 -1.2177013258815608 52190094895550
-0.07642239208969226 -1.1233938293220698 0.4716153064822515 52190115037465
0.1357615003907462 -1.0326017822076556 1.6423068936233012 52190135178805
-0.20888347546865305 -0.4218089648286245 -0.3942477468201091 52190155319209
-0.5351121514686725 0.2318643515746004 -1.8906423380810873 52190175460862
-0.11472302195618811 0.5356013445409298 -1.38722090171487 52190195602412
0.27067275431004956 0.46765343891399347 0.08379017315935411 52190215744222
0.8075782425105396 0.5229142550374446 1.1763216893087334 52190235885667
0.9452447229146819 1.138704939186205 0.6615651639469866 52190256027269
0.6123847431754956 2.101857506036464 -0.8395711110299107 52190276168870
0.19592586094664655 2.999979657172922 -0.9147110880426785 52190296311775
-0.5933081393676829 3.5228474952695876 2.248309254565857 52190316453480
-1.4981206325878964 3.898734539184421 3.947988223965186 52190336594821
-1.9832865451328172 3.7184139008787866 2.573966751047149 52190356736578
-1.5527913454812539 3.2899044605467793 -0.7741884155685308 52190376878337
-0.033688154510003177 1.6708273770311735 -0.5901270996423245 52190397019522
0.5815211560794973 0.29818533912493983 0.8246634570048905 52190417161279
-0.8873709657614022 -0.36179352557504707 0.22428154685391233 52190437302985
-2.6036833937028723 -0.6670105040537884 -1.69849224298562 52190457444326
-1.9985228868372977 -1.184914555586781 -2.379252778763496 52190477586605
0.5936011241239116 -2.1767768593131738 -1.035311402698297 52190497727633
1.9087554110178795 -2.9646880890130394 -0.22273154403363749 52190517869235
2.259194270220554 -2.9386205883979315 -0.8892814266331601 52190538011409
1.350165474770193 -2.3133232285308445 -1.5621209420877782 52190558152438
0.23124321965990413 -1.6615716687621749 -1.3287006599202227 52190578294561
0.3205658647904235 -1.58720411235349 -0.39023103574867823 52190598435693
0.008588922301088875 -1.4738282312890423 -0.07425758250519265 52190618576202
0.01938334487212101 -1.4517554561249844 -0.041534972254154034 52190638718896
0.347794273553947 -1.4812529977124873 -0.14324995045957323 52190658859300
0.4748174500931577 -1.2418261286387393 -0.37956578068015856 52190679000849
0.16367964366827614 -0.8654457661922415 -0.6578884643878768 52190699142764
0.14243053134087091 -0.49164860514129316 -0.42657932619780153 52190719284262
0.6470254797601966 -0.04877542708178417 -0.18905398830199124 52190739426019
0.5258479228706574 0.6298883497408223 -0.44114797579784304 52190759567360
0.09363976407777597 1.203312535261408 0.4821646271742256 52190779708857
0.2693454050122208 1.5523106727403766 1.4044694947081307 52190799850459
0.3480813044785267 2.040347073348551 1.0561439551415046 52190819992060
0.021714555301571403 2.453591135241341 0.6114678984882036 52190840133923
0.13933209346000708 2.388568708974322 1.544716310978063 52190860275472
0.09129965914300553 2.352737291398208 2.1935000995637006 52190880417386
-0.38020734299809567 2.696899305774817 1.4402126773072106 52190900558676
-0.6990267142422266 2.751476964151104 0.5750827395020188 52190920701735
-0.9547047698312814 2.231577079133384 0.7908034962891151 52190940842921
-1.1976993627400252 1.5603959406504586 1.1045666251562922 52190960984886
-1.63153595503577 0.7348768111141162 0.27458347590628396 52190981126280
-2.088968998403616 -0.3351820472024585 0.5697156088500273 52191001268037
-1.2731283237228928 -1.4510069658869682 1.735875026142522 52191021409743
0.6142488058654361 -2.2103905336470753 0.4444129115390174 52191041551137
1.442900509536099 -2.31380803238641 -1.6671869559250365 52191061693103
0.910387302160129 -2.163216836065379 -1.5536104045837793 52191081834391
0.5289568143843533 -2.171882062602304 -0.4682545346045237 52191101976149
0.4163295140074825 -2.209441685238094 -0.2941470847148686 52191122117699
-0.05906285363776398 -2.1474849888154743 -0.706106241990645 52191142259248
-0.11589041962896118 -2.1482980496461295 -0.7519333334362663 52191162400746
0.20417487132808088 -2.2003645139356536 -0.8786828972177632 52191182542555
0.5577734908124645 -2.179066025211023 -1.0421919232429606 52191202684001
1.0274932067124716 -2.031033581887568 -0.5577037339068684 52191222825655
1.3827245458387272 -1.6752785256663048 -0.5630086902504949 52191242967152
0.9649442851084817 -1.0934698908455438 -0.8651774600128961 52191263108962
0.2697581624617853 -0.31571829548893504 -0.508682495354067 52191283250511
0.19168543621942824 0.581971262046352 -0.021692090033253564 52191303391957
0.1120275481942925 1.338550642449582 0.0833421287546472 52191323533818
-0.42309768800706604 2.0569367053659153 0.4396351287849678 52191343675212
-1.072218384780653 2.6892139150739816 2.0618643530279743 52191363816658
-1.6191394539182724 3.321415077371686 2.2112468535161294 52191383958519
-1.146141641259618 3.510672100959848 0.6019076390629037 52191404099964
-1.1070378247264445 3.011821372174129 1.0594191776565731 52191424240160
-0.3577616074374057 2.2378384453955533 2.2857189358752588 52191444381814
-0.6896150476686742 2.4456662641289437 0.02674409401270683 52191464523415
-1.5723341279786895 2.4674460972406553 -2.199478748227335 52191484664965
-2.475860466445452 1.3885564871675253 -0.417957022019368 52191504806825
-2.6827757755001116 -0.13423537667222973 1.2901949292595059 52191524948375
-0.9378099758688396 -1.2061431841502852 0.5733302598138548 52191545089769
1.6878623708674283 -1.7532934535702278 -1.1845730968364165 52191565231318
2.415365580287693 -1.5823466769186822 -2.7171164852816334 52191585373024
0.3509814290739044 -1.1204305641911958 -1.3662468991628067 52191605514521
-0.032728040334626396 -1.2942692560404563 0.17843802754475457 52191625656175
0.4631364153885489 -1.612942260301116 -0.09797223421419621 52191645798818
0.8105726088733394 -1.9431492183971422 -0.7004358928401071 52191665940264
1.2705894347549216 -2.2526028708114634 -1.2012666830220857 52191686082074
1.4363323876476874 -2.5221872771179203 -0.7041407878239188 52191706223467
1.3744809491806498 -2.4627327318505863 0.166155143178365 52191726365225
1.09429911481327 -2.022432279230469 -0.073081744832308 52191746505785
0.5364866551318659 -1.4091323468218757 -0.4316953763345963 52191766647386
0.4457664725429926 -1.0047839048012506 -0.06050522684892701 52191786788987
0.531356830378144 -0.6280580808722505 0.13272374820835853 52191806930642
0.06318360883376517 0.011445136864699279 -0.3039650444020632 52191827072138
-0.4356713746517378 0.6853035704292596 -0.7585773089591507 52191847213740
-0.6401386622213903 1.2304938329059079 -0.42563626122982057 52191867355342
0.27569424600413783 1.5850664530434768 0.03921511210989348 52191887497099
0.10644406867831036 2.443590271809782 0.33697511703166483 52191907638598
-0.3513803895886016 3.3258805182290754 0.9778320467503319 52191927780198
-0.3372688624521314 3.43629035208326 1.2307763795877655 52191947923259
-0.8882721212117053 3.1476284730728583 0.40776563492021234 52191968064495
-1.1920996305631144 2.8053464308020377 0.5615396563736699 52191988205107
-0.5386650560129915 2.17746806261038 1.466004186036436 52192008347855
-0.3686761854353935 1.6160223016508048 1.4257330363291487 52192028489300
-1.3439277647545649 0.6725297553831453 1.5411479525008192 52192048631006
-2.369929809459902 -0.35399279725598376 2.5454427760631555 52192068772503
-1.4542934569429216 -0.9823031245235363 1.8093034396005243 52192088914261
0.5876882813206628 -1.3653591011813297 -0.9978819553508309 52192109055967
1.4509123438065301 -1.7966207770388127 -2.0570457986556647 52192129197516
0.839575089888974 -2.26349291069355 -0.42697208814328214 52192149337815
0.5863085094111788 -2.7544100512110905 0.7966547513603746 52192169479470
0.8558021786226933 -2.8232546034688717 -0.1403983668804507 52192189620967
1.0548077585231548 -2.511386885900098 -1.7133074630356107 52192209762672
0.8928574372872742 -2.1793609735638286 -1.747037571990989 52192229904171
0.6066565552985694 -1.890156259319813 -0.9962384560302913 52192250047282
0.2930645020513558 -1.5618076246433503 -0.6965757257617331 52192270188884
0.022354433672334917 -1.2356033262771806 -0.4093968110781365 52192290330589
-0.06712621868713198 -0.9071960399279941 -0.4064236988625092 52192310472295
-0.057192185887205316 -0.5286254842861453 -0.8259690372150075 52192330613845
0.19260074347773593 -0.17188720383516642 -0.9311243508657561 52192350755081
0.2808750283759389 0.17292724865061615 -0.1951558283488548 52192370896943
0.07286896801325105 0.6535029317329926 1.1136873490396662 52192391038180
-0.09893138808939916 1.406689064136394 1.2550856214192332 52192411180095
-0.10025106750276924 2.226669610684116 0.16348011822913655 52192431321436
0.1913201420915347 2.639941645578543 -0.6612691280729408 52192451462985
0.4053754496107276 2.6607570274003347 0.42013020535414736 52192471604742
-0.15992815593641785 2.6485641180140185 2.595112953345818 52192491746137
-1.4147711380303845 2.9161169194112144 2.847257354864155 52192511887998
-1.8679619299555577 3.208735820685222 0.8378522706100737 52192532029443
-0.7473358525581961 2.377108285454426 -0.606720136636941 52192552171305
0.23667721639094275 1.2162496166447916 -0.6872315780595528 52192572312802
-0.4407729729809957 0.23217938081583256 -0.36112559447889225 52192592454196
-2.445086640103547 -0.6371935070660832 0.5848299931668866 52192612595953
-2.8029565191140877 -1.2112196494028655 0.5784963187522592 52192632737452
-0.17693552779127053 -1.5919981804597914 -1.167989077810693 52192652879209
2.324039956673234 -1.659658114680333 -2.6711710474048043 52192673020967
1.9412876294010872 -1.6368817651817658 -2.6681258027675936 52192693162153
0.4939114511771199 -1.6780356855829126 -1.496878571901575 52192713302711
0.5971799421916959 -2.0377776695600804 0.9182808338849902 52192733444209
1.446799129534607 -2.1013891278355636 1.3450738858579923 52192753585966
1.3804861786276859 -1.4444535874247002 -0.4611967506886063 52192773727465
0.6592107202458988 -1.0160731238460103 -1.0900511505508852 52192793869430
0.11864054885296893 -0.9689253936080577 -0.36405752200320807 52192814010772
0.34730501720737506 -1.1249205883239464 0.17840730270993355 52192834153519
0.8643064161096501 -1.0003148886279076 -0.016490466425802985 52192854294808
0.47434308210647 -0.6854325749648265 -0.07644920907814234 52192874436670
0.024640481310175932 -0.367242544346861 0.25301299601873617 52192894578219
-0.5038715993268592 -0.07791268782123861 0.04702709603373911 52192914720498
-0.09059727946148732 0.0293202403680084 -0.11569863567300853 52192934861579
0.6938429772120602 0.09137611416940672 -0.8440603733821568 52192955003180
0.6628624677071484 0.5773733522730256 -0.3823649979244754 52192975144887
0.2725507163532186 1.02177417009967 0.8484170836916696 52192995286539
0.19291850277007483 1.6342650392047364 0.7501447997658359 52193015428403
0.6414930053410597 2.31624992198879 -1.1204652148748313 52193035569742
-0.4337294238521523 2.8812225938410325 -1.677341410181115 52193055711240
-2.082444964862972 2.8356543446040767 2.3998016765426082 52193075852998
-2.4402479640778774 2.7916191788082614 3.822050813890337 52193095994600
-1.171729621262302 2.3885321594528595 0.8436147722060197 52193116136201
1.1452212834589082 1.7578594189685361 -0.8391828892664344 52193136277907
0.8002834720796264 1.2672860703310782 0.2877845479618526 52193156417947
-2.388362089523799 0.7946882312648622 1.8710479508694822 52193176559443
-3.6092248278690393 -0.27816543061311094 3.4105590638205863 52193196701202
-1.963600565420231 -1.4074200398029877 3.039848618243969 52193216843063
0.6653256023513148 -2.3346152310611394 0.5383120000639252 52193236985602
1.9132541342248017 -2.6894329075051626 -1.3640037202613602 52193257127203
1.2318972526923413 -2.6045248416291287 -1.917814304334088 52193277268702
0.025739970122622857 -2.4401140139283033 -1.4405624786235203 52193297410511
-0.2920300942144016 -2.2841712892676433 -1.4695642407113167 52193317550862
0.4452333465034788 -2.264165644695364 -1.4168745371003038 52193337692621
1.2465797436090331 -1.8283491173187914 -1.766324336711493 52193357834274
0.9134991464497269 -1.4981040985425338 -0.8408670865566945 52193377975511
0.29571630934728166 -1.2545501733652769 1.1602531080983942 52193398117164
0.5907966802903255 -1.1943505879109715 1.3526043419474654 52193418258662
1.04497621141976 -1.0358149429850272 -0.3836880108170275 52193438400576
