-0.6779296875 4.3634887695312505 5.639721679687501 168932460519144
-0.48841308593750005 3.4602368164062502 4.466879882812501 168932480660486
-0.48929003906250007 2.806958984375 3.6777519531250005 168932500802191
-0.4984999023437501 2.2738508789062504 3.1706317382812506 168932520943740
-0.36523058593750013 1.7832408593750002 2.6512270703125003 168932541085393
-0.28103944921875024 1.3823421992187503 2.1316628085937506 168932561227048
-0.24309327812500026 1.121376689062501 1.58664128203125 168932581368650
-0.16383497406250025 0.938348909843751 1.1499160529687495 168932601510199
-0.09812120190625029 0.7616532489687504 0.7921618462812496 168932621651852
-0.04923670761875021 0.6268641030812505 0.5421889496812495 168932641793401
-0.08813204187625012 0.49908649730875077 0.44894891365124945 168932661935056
-0.13019801631350003 0.3659928306595006 0.46498188482724956 168932682076657
-0.09983712398830002 0.2799280535901003 0.49421451176804965 168932702218259
-0.06614899606564006 0.22263629052833078 0.3684306914456892 168932722359913
-0.134401130446262 0.20696645429766392 0.2988217015940515 168932742501410
-0.2767469785757597 0.3137176946881315 0.23543187299399193 168932762643012
-0.016624633641857844 0.2352270854380052 0.29985672886394354 168932782784612
0.22929062511776377 0.04145315272540451 0.33466077371615555 168932802926214
0.21226550790671106 -0.0942056418821764 0.05985508381667515 168932823067815
-0.004821382737131175 -0.018882579911990938 -0.09563399935291006 168932843209522
-0.054052418689704895 0.13878797903915796 -0.13503991432607787 168932863351540
0.0010573814544860838 0.20451182854382655 -0.34849824005461283 168932883493298
0.03943233094483889 0.15410018549131088 -0.41675025219994044 168932903634743
0.012527310068371045 0.04261608589304888 -0.14655938144745306 168932923776293
0.009728879304696902 0.02161728277693875 -0.12045795437671192 168932943918155
-0.08954355671249248 0.006075564502801001 -0.11415200803261971 168932964059860
-0.15953767740124403 0.07762656488349062 -0.13806232908234506 168932984201201
-0.14943189973349535 0.059330255813042854 0.0312615625153736 168933004341917
-0.18051964088054628 0.022732759337934283 0.3650361054810487 168933024483519
-0.06344647442318707 0.005991383251597426 0.4776978296973393 168933044626267
-0.1087283709447997 -0.060392440273721704 0.2525806270391211 168933064767607
-0.0655593569120898 -0.014280749093977363 -0.07427827180620294 168933084909313
-0.026055883967171845 0.00637325228731811 -0.08962281275746253 168933105050185
0.022514667826262436 0.05784518386110449 0.018584952919029618 168933125485694
-0.013726546988990007 0.03790212365138412 0.15686014983522334 168933145333858
-0.11289774149744192 0.10978947235860748 -0.20549332544432097 168933165474886
-0.0064558885104535335 0.08137405835563616 -0.45449475801170625 168933185617112
0.00717659778538704 0.04970618027825946 -0.19720176344061535 168933205758715
0.06985260635330959 -0.002800973746142965 -0.12922137168999193 168933225900629
-0.06678637194860237 -0.052008845403164194 -0.005000632508243896 168933246041865
-0.174815816308882 -0.052410298978781356 0.22058445493090506 168933266183624
-0.10373204757835564 0.031814436598224916 0.04068875535097405 168933286325120
-0.10770487634393455 0.11474598287233029 -0.051164816031720406 168933306466670
-0.035773276075147686 0.07266836832911494 0.1091169752996235 168933326608636
0.03989944554613167 -0.06289802018045787 0.43308215445844844 168933346749874
0.00726135331190525 -0.06661480286311594 0.18284267669175858 168933366891580
0.0731674810870242 0.04752602880325796 -0.4246731242715933 168933387033336
0.20261357471336927 0.13095295194885637 -0.5601852767610254 168933407174835
0.0011411527394453724 0.1994767170278351 -0.02136599484632029 168933427315602
-1.0322902028084437 0.24035529940351807 0.10578318068544323 168933447457256
-2.524269662246755 0.2756460559290641 -0.3927049984203954 168933467598806
-0.7577824290161543 0.3937956533370013 0.8369346340761838 168933487740355
-0.16185338461917365 0.25523427657585085 0.7755901877296978 168933507882008
-0.389712199882839 0.07822306579193139 0.8124887517462582 168933528023611
-0.6251486661562713 -0.002021156741455421 0.6026643412407564 168933548165160
-0.17961112042501703 0.045599871481836196 0.09411877768010513 168933568306970
0.5798218458474862 0.27688517062296825 -0.8308207005121657 168933588448363
1.0218286680842392 0.8225823552483753 -2.741670720565983 168933608591422
0.9703682079048914 1.2518891263862004 -3.658253568640286 168933628733024
0.6707403671051633 1.171164621421461 -2.653824534599729 168933648873219
0.5992998132153806 0.8307549393246694 -0.5555181237735329 168933669014821
0.4026454169785545 0.6053021936472351 1.0226143095749238 168933689156528
0.3780001226453438 0.7832285713240381 0.43956361562868906 168933709298024
0.6901442387412751 1.1215535601842301 -1.5202119004657986 168933729439886
0.6185948831805201 1.181031910647384 -2.646296473497639 168933749581228
0.06614055498191607 0.8059827550804073 -2.4024986045793613 168933769722829
-0.1917652903894671 0.3391221415643262 -1.0478899969447388 168933789864326
-0.024200806530323637 0.022335310907712014 0.29921241650670893 168933810006136
0.375280468056991 -0.015334876273829678 0.3648338003928675 168933830148050
0.8827927338205929 0.08172623960593661 -0.5476837409357058 168933850289236
1.1402673901814744 0.14315198777849858 -1.274340840404815 168933870430838
0.8805854941764295 0.12155284022279922 -1.2922876137301023 168933890572438
0.38461976252864366 0.10155135420948902 -0.6638471808278319 168933910714718
0.36234668892916494 0.06456627868009157 0.21528456002523422 168933930856371
0.638266023018332 -0.0035105512746760326 0.5960435659889374 168933950997347
0.3527270762271656 -0.01281820664473976 0.3267982316974001 168933971140407
-0.33601902261201755 0.05264826671545819 0.06073057754542033 168933991280447
-0.551029573558364 0.2526654883723669 0.22778368078633626 168934011422205
-0.40915861978419127 0.6284995781978928 -0.15704307490218117 168934031564014
-0.218904044264853 0.9151897992770639 -0.30408904976549467 168934051705303
-0.035303899474382394 0.9660263511404015 0.34594995159385444 168934071847008
-0.2530966352045059 1.0650940301310712 1.2112204104938336 168934091988402
-0.8714104136323548 1.2919678022298573 1.110382578395067 168934112130576
-1.212643467624634 1.4086596910026365 0.2938236408410537 168934132271761
-1.149777860037207 1.2530752137396082 -0.4647213607646572 168934152413466
-0.3995219950610158 0.6971134913041865 -0.42338841673672567 168934172555173
0.7712759586386875 0.3548343477308489 -0.15829081151438062 168934192696619
1.2480388333172 0.3528372047471784 -0.2885955398365043 168934212838532
0.76389737524751 0.372833728641492 -0.7726122717129535 168934232980030
-0.319497334176992 0.1780155180694436 -1.273412082995363 168934253122047
-1.8646554845290937 -0.5093576050756958 -1.0917277132712906 168934273263597
-2.421448508717025 -1.215432861404306 -0.11436117452328265 168934293405302
-0.6359625179111201 -1.5044996094359462 0.8563137947563741 168934313546853
0.540424321608604 -1.4370957812987566 0.13708961002384923 168934333688454
0.4501983440056334 -1.090582386757756 -1.7606530190121705 168934353830056
0.3063134603607569 -0.9256397375312044 -2.5534198761472364 168934373971762
-0.1353813606176444 -1.1318570048687135 -1.1337393188865392 168934394113206
0.0744585833808844 -1.4127854085824705 0.34277661129701853 168934414255121
0.3718349331109576 -1.3998450260847264 0.7122950195063649 168934434396461
0.346491383988766 -1.1781768021177816 -0.4807010937699081 168934454538011
0.038704337659762666 -0.924145445600475 -1.3355252304846765 168934474679717
0.19548983731531022 -0.7306615713241307 -1.0647580750127412 168934494821267
0.3829543698522482 -0.5675736906530551 -0.023046694385193023 168934514963129
0.13567257791304854 -0.38959362049119406 0.6889234843355956 168934535104469
-0.014569847825811166 0.13118399032579475 0.1767369319997265 168934555246072
-0.15501525326064902 0.6677889891356363 -0.5862715872127188 168934575387880
-0.15893651901476935 1.0997463280272592 -0.19229607836392493 168934595529275
0.2856803746319345 1.4976803632030578 0.4643394068401101 168934615670875
0.19853941689304766 2.009240481968696 0.5308221114095881 168934635812685
0.20499852570193822 2.3822581082312073 0.5309931383464206 168934655954028
0.2757297775928005 2.5292073654912173 1.0408223427083865 168934676095784
-1.0890475255820098 2.527394212705474 1.1521769171354592 168934696237178
-1.262741926715608 2.4273841201643798 1.1919319633958674 168934716378988
-0.13474188121623643 2.0640020226940035 1.709380531654194 168934736520538
0.4109931161207607 1.4799857978427031 1.5649165346983551 168934756662243
-0.4350849016346414 0.7346111968679132 0.3090499269774343 168934776803793
-1.3064785658389635 -0.47118555422441943 -0.3436414060743025 168934796945707
-1.1504929112649207 -1.907173052754537 1.1286269142030583 168934817086996
0.4778966866130636 -2.7071471336098796 2.1639488946436964 168934837228494
1.3369071930404508 -2.5641063787629044 0.5638739594649573 168934857369209
1.0522039770886107 -2.029446724104073 -2.1827143089905343 168934877510863
0.37049853323338855 -1.7727028870957575 -3.1720259393799277 168934897652725
-0.010827735913289116 -1.9457013721766057 -1.7692613765039424 168934917794275
0.05549796751936853 -2.1330625625850352 0.11819685582809614 168934937935719
0.2730482763592448 -2.0863206555367784 0.8447650041937269 168934958078415
0.3728453593686458 -1.7366834775544229 0.05839256976123153 168934978219704
0.2796849789011666 -1.2583653367310381 -1.083681452003515 168934998361150
0.0017142917146832914 -0.8763333826660809 -1.0741106889465621 168935018502803
-0.1740802267845034 -0.641191217851615 0.029615257436500286 168935038644405
-0.2109316618963526 -0.34361703678129274 0.7685774598554502 168935058786059
-0.15728292717333203 0.09554094088746545 0.40048208507186 168935078927607
-0.08879020892616563 0.5294600964599727 -0.3681153085050122 168935099069835
-0.14647162026593263 0.9076379013867282 -0.32393560617900974 168935119210914
0.2485697740997539 1.240270477359383 0.5596869642755422 168935139352360
0.9647249599048031 1.6890913818875068 0.7791704698579336 168935159494015
0.6716212765175925 2.412430332072505 0.3170497547925968 168935179638272
-0.645124853785926 2.978015554720505 0.6079366788340774 168935199777165
-2.112108183809991 2.986086760182655 1.6222136008797623 168935219918766
-2.3911391837667426 2.3950339589273746 2.33810291195381 168935240060473
-0.592037323575894 1.8453972843293993 1.3102894584692981 168935260202022
1.276956078639285 1.5936029837135202 -0.4928695074433116 168935280344560
1.463483808223928 1.4760786760333158 -1.9499352543921495 168935300485225
0.017405698922892565 0.888089503326654 -2.02515816445122 168935320627034
-2.292154542424186 -0.25648396374492677 -0.4962495784359757 168935340769158
-2.647444337064349 -1.3215567999021918 1.5715428177199695 168935360910081
-0.12300918058897947 -1.7806951469530024 1.0468216565197257 168935381051735
1.8031185344350664 -1.5771318011561526 -1.8077453115029694 168935401193336
2.0354757845793032 -1.3974354213936717 -3.8061205656086257 168935421334834
0.8192009401634426 -1.7332925753961863 -2.617638151705651 168935441476592
0.15473819353700402 -2.1990974392232 -0.2871769276145206 168935461618038
0.17991848451710335 -2.31596740450356 1.1452218368146334 168935481759848
0.4703752173011826 -2.102017087665349 0.2516144811704568 168935501901448
0.7972596464971962 -1.7276707990385285 -1.0113060713136346 168935522042894
0.5253565453227569 -1.5003373228245733 -0.9461298179884078 168935542184808
0.25038777532070533 -1.4141004246659081 0.10571821592177377 168935562322351
0.015141763225314353 -1.0881773123889769 0.674369494612419 168935582464004
0.5388590160490014 -0.4602147014736815 -0.7017275488413148 168935602605501
0.9280232479954512 0.15530235991480446 -2.134404500010552 168935622746947
0.466735004646361 0.43494745433809356 -0.6944254554771916 168935642955320
-0.6704596525329112 0.7363002486267245 2.583168131711997 168935663030150
-1.163601608745079 1.2379293590576292 3.163861165525848 168935683171960
0.018898986441436838 1.8353630184961034 0.704245670701928 168935703313458
1.0431709469656494 2.4436932468281327 -1.2243109829697076 168935723455163
0.6560333396037696 2.5548325271500065 -0.06797417700076602 168935743596504
-0.40559325019198433 2.5101379943762545 2.0654692912118873 168935763738522
-1.5958246978098376 2.4708911572197536 3.00467035484451 168935783879811
-1.47857626215412 2.308426792963303 1.9728036666881081 168935804021309
0.6781497324642041 2.237268778120642 0.2645344372567364 168935824163222
1.4943264265963634 2.1322954912465146 -1.274993543944611 168935844304565
0.4718527428395908 1.5390883461222131 -1.0698849718744388 168935864446217
-1.6263508135408276 0.1819298565852705 0.9753176084379489 168935884587871
-2.7650699086451622 -1.4188970327005332 2.1575001805003593 168935904729473
-0.9274367862911297 -2.1862406730354262 1.7393546365877874 168935924871699
1.1882385592483464 -2.437493514990841 -0.39661443526102014 168935945013250
1.3993335231799273 -2.3512887573051717 -2.4134585403963165 168935965154798
1.022469748231442 -2.1917976074066363 -2.713091051067053 168935985296452
0.5599679860851536 -2.3875445312378094 -0.7572282119473925 168936005438210
0.3214851310556228 -2.623695292958997 1.0188878405983361 168936025579655
0.1257305853132482 -2.468878109367198 0.6586039248224189 168936045721308
0.030967769031848613 -1.931572214056259 -0.9618131492045645 168936065863067
-0.10929560899327107 -1.4649721267137572 -1.4314988592074016 168936086004616
-0.0636816043821169 -1.2027027990272563 -0.5086390287721714 168936106146165
-0.03206100616194352 -1.1344034501593052 0.10969033948226281 168936126287507
0.3079937731954452 -0.8756257874711944 -0.24534099013293975 168936146429108
0.6913291005876062 -0.3475709424769553 -1.1121541397626018 168936166570971
0.641600878126335 0.1613353358621854 -0.8699601282163314 168936186712468
0.10677435484481801 0.5013583077522483 0.09763541305193502 168936206852663
-0.32832563331164555 0.8993044196392983 0.793989678097798 168936226995619
0.0011334386631836058 1.6394996880551886 0.7907337346657384 168936247137168
0.31189307905554686 2.4678619574754013 0.6102481205450907 168936267278718
-0.33133270472431253 2.9452002105115707 1.1223415628423226 168936287420527
-1.2994289567482 2.907649426221756 2.4093722737113583 168936307562077
-1.3367599622735602 2.638338779258655 2.899983170531587 168936327703522
-0.9244372666938481 2.5934102812194233 1.6437414192377693 168936347845073
-0.6344228602300785 2.5809293968505393 0.08272995179646525 168936367986725
-0.29747969443406297 2.191489122949182 -0.5513209213753276 168936388128223
-0.38921666570350055 1.4456229389843465 -0.2550948230377621 168936408416282
-1.2976404224065505 0.33253594884372717 0.46236701266353997 168936428410280
-2.0402241543314905 -0.9122915534250176 0.8950400945058323 168936448551986
-1.1681534445589428 -1.7601799224275148 0.45741391154216604 168936468693535
0.808091990446596 -1.9771869066920118 -1.4108633043600172 168936488834981
1.9289198814197768 -1.7427724745723587 -3.736271209894264 168936508976999
1.4650719402920713 -1.6044474718453863 -4.035537964009162 168936529118497
0.6866205405149071 -1.7834725282575583 -1.9097291993323293 168936549259837
0.1769209441306756 -2.005171577293547 0.011474453034136634 168936569401544
0.08899769280454062 -1.9531118712098383 0.19925524602105948 168936589543250
0.34898135736863267 -1.7082292430616217 -0.7430738305269025 168936609684591
0.5126445585511563 -1.5640321249180476 -1.2049204902027721 168936629826401
0.493233322622175 -1.4846119304031884 -0.6013509429434678 168936649967793
0.45088548622274005 -1.2792422786975504 0.47155596439522585 168936670110853
0.18264442413444204 -0.9361257565517898 0.29802113870368085 168936690252559
0.024911926026303766 -0.5195060739914323 -0.7166734210683052 168936710394108
-0.0628463380852069 -0.1526287849743957 -0.7578358071671442 168936730535866
0.03850466781308448 0.1450112298329831 0.23425869801628485 168936750677572
0.6529839100317176 0.6912409174601368 0.9913132084130281 168936770819382
0.9067865420878742 1.5650410738118596 0.32589968782417245 168936790960514
0.3664448586702994 2.6454044410807374 -0.28152878489691213 168936811102169
-0.7482015349387605 3.378774724739591 0.1322598822387202 168936831243717
-1.3109269506072585 3.4199875532291735 1.7494480425097265 168936851385371
-0.7140735917358068 3.104141898052088 3.343064293382781 168936871526921
-0.1410952991698955 2.73897758094167 2.7230842472062253 168936891668679
1.0390646786328337 2.663447689753337 -0.37416932098501965 168936911810073
0.2613420749375168 2.36592660883392 -1.9856635817880157 168936931951673
-1.6109702853624865 1.0137495878483875 -0.5036675841804126 168936952093432
-2.7084051345399893 -0.8805286500337886 2.5271684717181704 168936972234668
-1.5798100451319916 -2.186649482527031 3.956537023468287 168936992376375
1.1261788193631568 -2.432119878990374 0.4405592086183798 168937012517924
1.7505524304905253 -2.2984668992860477 -3.1185853479490464 168937032659578
1.2438257334549203 -2.2649087733350886 -3.1193067549217375 168937052801126
0.17406449301393634 -2.416858659293071 -0.39505477893739016 168937072942884
-0.19736949933885084 -2.672903431340707 1.4650718995063379 168937093084382
-0.08588632212733072 -2.549516592728816 0.1368646485113203 168937113225931
0.15268986807938556 -2.2448500905893027 -1.6960991015034437 168937133367481
0.5332358788385085 -2.006121771690193 -1.8067572108902552 168937153509135
0.32843196478955683 -1.7301781790709043 -0.7542192452747043 168937173650736
0.5209242827691456 -1.4976801409129736 -0.18593154856351335 168937193792285
0.5522740941840665 -1.010815011167879 -0.3997584224445605 168937213933939
0.19614056440975336 -0.3048312081530531 -0.8105171871743986 168937234075541
0.011233740590302688 0.3460520256650579 -0.06158513645826891 168937254217194
-0.3316502145590079 0.8368635931882968 1.4787348205208848 168937274358900
-0.3821048396159563 1.5840416558006378 1.112431215791708 168937294500294
-0.27454373497401496 2.38394475042176 -0.3351893047103838 168937314640698
-0.3070983668854619 2.971084022993658 0.45418742341919316 168937334782507
-0.29764402553961955 3.0275874332386756 2.231318688735355 168937354925203
-1.0503588727754458 3.0209957278409405 2.8401452830195337 168937375067064
-1.3344643443141067 3.225597851804002 1.3417573396968772 168937395208509
-0.7270075106075353 3.359750742380701 -0.5071239133987486 168937415349903
-0.7649922389547785 2.6051345782795607 -0.9896957127502488 168937435490358
-1.4221500411638228 1.3442150844986482 0.3501379610498012 168937455632064
-1.805237122774808 -0.2568178738073321 1.2199419118085908 168937475773925
-1.2476931161885965 -1.3134621115458671 0.49585099038437264 168937495915111
0.37464824142412256 -1.6961798454866948 -0.8137073912862518 168937516056921
1.3413933978267982 -1.8115825482643562 -2.1095718700602517 168937536199980
1.0851142299801886 -1.942759690955235 -2.9554553476107017 168937556339916
0.7502691183591508 -2.2360070691704372 -2.2998745319948117 168937576481569
0.8438432243748206 -2.5210932529926 -0.7683786295020993 168937596623119
0.9680799505936064 -2.466520598487831 -0.21464186844542965 168937616764824
0.8252940385998855 -2.057701342071514 -1.0308809752250938 168937636906426
0.6268978285361584 -1.6023988666259612 -1.5869362254925752 168937657049850
0.38191377064142684 -1.4036476089257688 -0.4393976132065601 168937677189629
0.23386353604439147 -1.2804986535468652 1.281685034434752 168937697332480
0.2588071374292633 -0.8772187470562418 1.3456849416103016 168937717474186
0.20539776072466065 -0.28730966561374416 -0.3013939412430089 168937737615580
0.22166684139222848 0.09963224797775538 -1.1792621256506572 168937757757077
0.3443012465512829 0.25551146244470413 -0.4492812825517758 168937777897637
0.5336807433347763 0.5531152246432631 0.8257190169273294 168937798039082
0.7060461571678212 1.29954784377711 0.6690346861981138 168937818180736
0.3755669062030069 2.229042571896688 -0.4007463721352591 168937838322337
-0.16533016644384446 2.7372623778298504 0.015242746041792765 168937858464043
-0.16551608628007575 2.7564724999201307 2.1561273023021843 168937878605489
-0.2348054471490606 2.5731711639986052 2.9306757676229975 168937898747246
-0.1744898655317484 2.7966350757301335 0.8868257703483979 168937918888796
-0.3892867166441487 3.047452103552857 -1.045251297783782 168937939030293
-1.5155065217528192 2.5035134406547854 -0.4163768194770259 168937959172155
-2.2733060963085054 0.965908897055078 2.3740884858246294 168937979314798
-2.1055955606405545 -0.802626886262189 3.693850866784704 168937999457026
-0.1398841633561938 -1.7211298293222512 2.0326197559277634 168938019597897
1.467902239627545 -1.760741754082801 -1.1824491171327898 168938039739707
1.1081963034207858 -1.7354244579537408 -3.2358640788624817 168938059881154
-0.1675567267946212 -1.9607150546442416 -1.534199075589986 168938080022858
-0.9348266314356968 -2.3858571999653932 0.8672940598405114 168938100164721
-0.24244138327355724 -2.4617253107535646 0.20434550177865907 168938120305905
0.9032636902561544 -2.2456009517278517 -1.6414186181083226 168938140447715
1.7176060693924238 -2.065242968413531 -2.669177374955408 168938160589420
1.3382083906701892 -1.9751680075433242 -1.3611475640268265 168938180730918
0.5141091930049013 -1.82655774587841 0.19797159721603874 168938200872625
0.18647045987267097 -1.4558384818589776 0.18724690667908117 168938221013913
0.1349795905543869 -0.8677957854871821 -0.6478098965317352 168938241155671
0.02762478572475935 -0.2754011791709958 -0.7958602219128883 168938261297376
0.16001486764230743 0.0661780801007037 0.37880254512593936 168938281438666
-0.1209016801049041 0.4126714679868133 1.3416406689132514 168938301580788
0.18124496450982686 1.2000834634519508 0.883444371068101 168938321721921
0.3566048583266115 2.0437703840428103 -0.8069407922080192 168938341863678
0.5258112304112892 2.6437931627029982 -1.1026205048601654 168938362005384
-0.06290814457721883 2.3675735926623993 1.5469075023618677 168938382146726
-1.0856048359742752 2.3423743038174187 4.533583130795744 168938402288535
-1.8866967594044204 2.6685893844601853 3.4637561530740957 168938422430345
-2.0212104348672866 3.0181478747556483 -0.18284029238447363 168938442571790
-0.8387212775813291 2.4773723037107693 -1.3720534839075786 168938462713132
-0.21539840878381344 1.4402718664061158 0.083143345686437 168938482854993
-0.40345886374580076 0.33063546187489123 1.7253281531116498 168938502996387
-1.4736704113091408 -0.619549247687587 1.2245618388955695 168938523138197
-1.5423762704535626 -1.0913913512750693 -0.9401259195085441 168938543279903
0.4206277922309001 -1.297405073207555 -2.051136380138085 168938563421192
1.9040071165972203 -1.362740953097294 -2.532290940047968 168938583563002
1.5557984667152764 -1.3967723523215838 -2.6217678106321247 168938603704343
0.3212378944659715 -1.5395736435760163 -1.7119162016306997 168938623846778
-0.3544476727084729 -1.7214416297045627 -0.4959855980233101 168938643987911
-0.07219339207302822 -1.6642870928261502 -0.003087306543648083 168938664128105
0.5622159894665772 -1.5911586781671705 -0.5198038296099183 168938684271269
0.7790574595420119 -1.4897116105024866 -1.0253523410316847 168938704412299
0.7539954793523598 -1.4221647962144885 -1.013299450950348 168938724554213
0.687278414731888 -1.4579710947840905 -0.45219229513527837 168938744695658
0.8651181419417604 -1.335285567233523 -0.11074065251447274 168938764837364
1.0116990057409085 -0.9351718131618192 -0.6492004321678282 168938784979173
0.32249397021772674 -0.42909448177945464 -0.7968261660467626 168938805120567
-0.6474979878883187 -0.07868818307981407 0.32270752419383997 168938825262429
-0.505632667654405 0.23962513712989875 1.607067386542572 168938845403927
0.4222150572827259 0.9767953245476688 0.9142793975153076 168938865545476
0.7712681395761807 2.0377472947943858 -0.8779636890190039 168938885687182
0.33299351556719436 2.7786109217730086 -0.750112650433953 168938905828418
-0.25419844926499446 2.8904790694496576 0.9990675944965877 168938925970176
-0.43309508753699566 2.7811698766534754 2.05123161465977 168938946111621
-0.2798378864358466 2.6821258427290307 1.1957704479778162 168938966253328
-0.12731269196117734 2.4602148343394745 0.09704604588225285 168938986395241
-0.2729439035689418 2.211519035440329 0.014123653112052104 168939006611165
-1.1117633259801534 1.6849012635085128 1.0042920865521419 168939026676934
-2.225433610002873 0.6527672022130613 2.4824497825229637 168939046819733
-2.3511598762835484 -0.6452911210420496 2.8409769158621208 168939066961439
-0.9553663775893386 -1.6000707874586393 1.7450471576896964 168939087102936
0.9082288705847792 -2.0151152237169114 -0.33339342619199286 168939107244382
1.6281333894365737 -1.9583324133485291 -2.6890169870473444 168939127386192
0.867643430299259 -2.0783846806788233 -2.3594899568253758 168939147527533
0.2819077129894074 -2.463391338293059 0.5965266868834496 168939167669344
0.27519658054777585 -2.5426857268844465 1.2403805291942596 168939187810788
0.6040317761569707 -2.177861960413807 -0.8283742875820925 168939207952754
0.8357400693630765 -1.756620623018546 -2.341129605846924 168939228093991
0.5106941062717112 -1.5632554827898373 -1.6360506573337896 168939248235645
0.10793272642361895 -1.4925233315443691 -0.15971943211703188 168939268376048
0.030938466295145073 -1.4098755988292453 0.5340286535251249 168939288517650
0.32630106600486597 -1.1990186431258962 -0.3906603779611504 168939308659304
0.5582332356163928 -0.6591538793444673 -1.8487099429939204 168939328802207
0.3578780923993643 -0.26600718550682423 -1.3929205911138864 168939348943757
-0.08027467451800852 0.05605411487579026 1.2474188982026408 168939369085514
0.0329970572605931 0.7647285458068822 1.6283794544996129 168939389226856
0.10873407158972448 1.7724395749267554 -0.21069975671280972 168939409368665
-0.1190918442907205 2.7671582029101547 -0.8282766022452477 168939429509955
-0.40788333871382654 3.1967099607656237 1.6414680736725522 168939449651608
-1.5664433897210612 3.407941699081249 3.584097310500542 168939469793367
-2.8925345945893493 3.29169759754625 3.0087329265254334 168939489934968
-2.1106951561402294 2.8683312225682496 1.1136757943453466 168939510076621
-0.5329042694434336 2.2858270874296007 -0.1580461809299729 168939530217963
0.5286448461640028 1.4645137207249306 -1.2247645814627282 168939550359877
0.1952669511499523 0.6848556054861952 -0.8684591261076826 168939570501531
-0.9356931773612884 -0.16531131639229457 -0.1483195469798959 168939590642819
-1.9509593270452807 -1.0251079398325853 0.12072424522858327 168939610783327
0.01719884695752505 -1.4847103753035675 -0.4231959944421333 168939630924928
1.7549578080347699 -1.491418202586603 -1.846552401022457 168939651066634
1.6363270862715664 -1.2829172769130324 -2.651936745036716 168939671208184
0.29349770417350296 -1.3594514973116762 -1.0243814272793728 168939691351139
-0.3577433405674477 -1.5724733072243406 0.6563981784890021 168939711492481
0.2338370658272919 -1.6534254231232222 0.5897791873224518 168939731634134
0.9313079339118335 -1.715147565061077 -0.6408109274857883 168939751775945
1.0954491791607168 -1.8093861184551123 -1.2365623162073809 168939771917337
1.2065961597348234 -1.8941397541390899 -0.6665936029659048 168939792059095
1.2378965566941087 -1.966007604092522 -0.04295505815397371 168939812510437
0.904892440667787 -1.691324149680268 -0.442530550429429 168939832342194
0.6080814330029798 -1.1671950619317144 -1.1044883075310432 168939852483640
0.5838040135898839 -0.5912389597016219 -1.6115203335248347 168939872625293
0.32456274212190706 -0.1914481990112975 -0.34533198947611776 168939892767260
-0.14280341958372444 0.03939515172846164 1.5401162443566059 168939912910110
-0.23943804816697956 0.6023046956015197 2.0295173118915346 168939933270098
0.16804428802891636 1.6136919010124657 0.2304131659194777 168939953191960
0.5806390437043831 2.650767973934972 -1.201057650858168 168939973333458
0.4798066451197567 3.083431761960478 -0.30637834724903446 168939993475111
-0.1533250940604447 3.032248339255883 2.0541282792320223 168940013616712
-1.361405192435856 2.8402029682797068 3.3384198108856182 168940033758367
-1.773816536761185 2.954742941030016 2.210347665114745 168940053899707
-0.672849616127698 3.0092289231365132 -0.17777899681445408 168940074041413
-0.1673446343084084 2.71852815804046 -1.5520376505765632 168940094183171
-0.6191662347904767 1.5666804365886193 -0.02439379233625072 168940114324460
-2.0823691206448816 -0.2242069202603556 2.9412149465997497 168940134466271
-2.3423357262034052 -1.7924758877707845 3.9064631682173 168940154607976
-0.5752968036189738 -2.4436364719353776 1.4837398705113403 168940174749578
1.3902996664798208 -2.488527341610803 -2.145344529372178 168940194891230
2.0200156120901065 -2.365077244382393 -3.6761755258414923 168940215032676
1.382528602953335 -2.412679471287163 -1.9391459870794439 168940235174173
0.7809984683001683 -2.5499311746859803 0.574879499398945 168940255315932
0.3963197707338848 -2.3745030452175335 0.4816931503004058 168940275457324
0.17229263299335784 -1.9523734322677768 -1.2295868860096753 168940295599135
0.19258264155093618 -1.7009246247204715 -1.9281641377139906 168940315740685
0.36369746089699895 -1.6594945825888772 -0.7373067007961924 168940335882233
0.40149263668634916 -1.633686974664852 0.27326499092554624 168940356023887
0.3163357109115792 -1.4055945992631314 -0.25401984319706283 168940376166894
0.34058077576051327 -0.9020879840980056 -1.1523003472139006 168940396307038
0.3273962612334107 -0.3534330825909038 -1.1213764105836206 168940416448535
-0.09352732695077148 0.1452442565835277 -0.012933647998146558 168940436590345
-0.4165577014043671 0.7708829052668218 0.9287277886327328 168940456731896
-0.26652252831099355 1.5825510507759581 0.4359387738749363 168940476873288
-0.36189966327379475 2.4791511921832665 -0.3471718324625508 168940497014994
-0.8081598673377859 3.211531402965363 0.40769954574870937 168940517158210
-1.5373115852764787 3.50016994659104 2.4887817069114675 168940537298302
-2.4834625494711835 3.4576188674290815 3.4558813225604244 168940557440006
-1.7580591020769472 3.3184144298807663 2.068452616642089 168940577581400
-0.2543720863490577 2.8289380868733627 -0.3301133949675785 168940597723105
0.2799373895145041 2.0832554499674405 -1.149478899567813 168940617864655
-0.4467287993258968 0.927859242786452 0.047909556126999764 168940638006101
-1.6993996410232173 -0.2792458088958387 1.1409887777140995 168940658147963
-1.3880475448498242 -1.1709186197729213 0.5496074284212797 168940678289356
0.4860829602138903 -1.7411782551933381 -1.168016693981726 168940698429811
1.8817008408273623 -1.9544660416546709 -2.632069605185381 168940718571413
1.90470149297439 -2.0635972473862374 -2.8855995318045546 168940738714472
1.1397279912545124 -2.2193958643152403 -1.836360484818644 168940758855866
0.3462672562848601 -2.1988199141084426 -1.1408535245736653 168940778997416
0.5802852894028878 -1.9586530992555051 -1.0805661204401822 168940799139278
0.6410226651160604 -1.7192906434669037 -1.056188736195896 168940819279421
0.6209480149053483 -1.6171927686797734 -0.44908917255046665 168940839420970
0.38196349004927876 -1.4848308751000685 0.6350890135221268 168940859562676
0.5133710850081727 -1.3020004422675546 0.36832511706770155 168940879704121
0.758438567225288 -0.8095691038140442 -0.7386040665020888 168940899846192
0.4599613029989804 -0.47580469711373574 -1.1143939953891713 168940919987324
-0.043774121663315846 -0.27964278112848806 0.06917816306366298 168940940129134
-0.6892917582681526 -0.14119469365278992 1.5769367687321805 168940960271882
-0.2009695394270219 0.3464924872652677 1.0535293954544946 168940980413431
0.45311597002088244 1.1041104937184638 -0.6196276555114044 168941000555033
0.875676369766706 1.6000852699747714 -0.8014150150341235 168941020696842
0.10126131065711497 1.8016624542610664 0.08737140594145121 168941040838497
-0.10561204522430812 2.1020477368463535 1.044579741940661 168941060979785
-0.07101307367944631 2.536166998070833 0.8565988521462788 168941081121335
-0.20031631831855723 2.791812016425416 0.7752449020295231 168941101263302
-0.6613272734048459 2.475295316265333 1.8988458239673687 168941121404850
-1.2318572288801266 1.8354730694185157 2.780941893548895 168941141545828
-0.4356200604478513 1.3803413461598115 1.0809424796828662 168941161686908
0.4185205532042189 1.2919073542715989 -0.7038861529724572 168941181829500
0.858485876157125 1.0141533248235302 -1.7264023794092158 168941201971049
-0.34288659204305016 -0.004570894828676231 -0.17924202071487283 168941222113067
-1.33672382441569 -1.266889137737941 2.781569762334352 168941242254147
-1.2092228095325517 -1.8443950992528517 3.417089305961232 168941262394655
0.00851286565520848 -1.754251430964782 0.09683062445648538 168941282537663
0.4071520893991667 -1.4815627658655757 -2.089759621528562 168941302677806
0.31024315589433327 -1.7210534353487112 -1.3227232245665994 168941322819356
0.1880626887779666 -2.1423456779664694 0.16230481878422065 168941342961061
0.4728134322723734 -2.2758272259669248 0.32876963627737643 168941363102715
0.7989538708178987 -2.0953199838985395 -1.0407684706655989 168941383244160
0.7318144638418191 -1.8865221004000823 -1.9454443663762295 168941403385815
0.5222679773234553 -1.7353163131325662 -1.3751787352884839 168941423527884
0.22405217482751416 -1.570162230193553 -0.5169642772932872 168941443669069
0.4066831461120113 -1.3340472646235924 -0.3475069687096295 168941463810827
0.8370408528271089 -0.9041640812301237 -0.7609889734052038 168941483955033
0.4665443033554373 -0.47659054232784825 -1.1921285810679132 168941504096009
-0.17963320965940022 -0.034165500268528604 -0.2870402671980805 168941524237715
-0.1095512942900203 0.24957189666017676 0.9100894659290355 168941544379682
0.5471123825367339 0.6151726540468916 1.1648757719619782 168941564520710
0.6780585583731371 1.0702631232375133 0.3737463206945826 168941584662780
-0.24880071189524022 1.5636323735900106 0.49557908780566606 168941604801882
-1.1418872492036924 2.074575332465759 1.7235262585257831 168941624943431
-1.4376308931129542 2.5484786253476077 2.0418092880706267 168941645085086
-1.4489206324591137 2.9406261619968355 0.9867555359252513 168941665226790
-1.153509064561041 2.8307479999099687 0.3284058935839509 168941685368393
-0.982743775086333 2.520128185084225 0.24294932424216054 168941705509889
-0.7668346685065668 2.5826796965048793 -0.5032723765437712 168941725652690
-0.5949496683990034 2.6217834056414038 -1.6477228817037668 168941745794291
-0.5909621761254527 1.9042260409193723 -0.9951680514567638 168941765935736
-0.964249233087862 0.4665815163292475 1.3881917307095888 168941786077546
-1.8916874724077903 -0.9487928924053506 2.151410318161421 168941806219251
-1.6122635521449826 -1.8073009154867812 1.1099466139041372 168941826360854
0.5681603496902641 -2.3042147558269246 -1.2135075526266905 168941846502610
0.3897333578772111 -1.7047487577865397 -2.9191092647576027 168941866643953
0.00863727223926869 -1.090031916385481 -1.7540740328998323 168941886785865
0.1866461459164146 -1.1913248495146345 -0.5070922341323656 168941906927416
0.3770512917331317 -1.7042195475804576 -0.10441646308714247 168941927068914
1.0044486505740053 -2.0969327669706157 -0.17907760406346362 168941947210775
1.4339788423342044 -2.168940256545243 -0.7067386457507707 168941967352168
1.5123686207423637 -1.9736898028924443 -0.7674905259756164 168941987493665
1.3367625723751413 -1.6387418813764558 -0.4945710340617433 168942007635736
1.001392479775113 -1.2701976066636647 -0.9116358311556447 168942027777129
0.37315988225759034 -0.8779012493934317 -1.2909297586745159 168942047918522
0.20405769096232218 -0.6654191440459956 -0.38961636553336265 168942068060333
0.5515274027698576 -0.6675648074242959 0.15225954429206 168942088202298
0.8198107894033861 -0.6132388576581871 -0.21400779425385186 168942108343484
0.4955458971477089 -0.3139797580015493 -0.5166041846218317 168942128484824
0.07491572162441695 -0.034203825932489273 -0.010927390666215286 168942148626843
0.18098970620578347 0.20339865800400858 0.9818830874670279 168942168766881
0.31141774152712687 0.640831719371957 0.8323814699736225 168942188908380
0.1059457166592015 1.3335393989350663 0.231310449416398 168942209049824
-0.09891041886013885 2.0487529058668033 -0.7468852342168817 168942229191478
-0.42331778821311117 2.308533574693443 -0.32068933971725544 168942249333028
-0.5228339180704888 2.137451859754755 2.293595012601196 168942269474838
-0.7566338336751413 2.4384160776475543 2.037781283518457 168942289616284
-0.029977477096363003 2.590759717586794 0.6332401635335159 168942309758509
