-1.23548583984375 7.5472656250000005 1.7844970703125 168871894719166
-0.7934667968750001 5.897773437500001 1.1201879882812502 168871914860976
-0.5445390625000002 4.4981625976562505 1.1810747070312502 168871935002369
-0.3851185546875001 3.4289500000000004 1.2478993164062502 168871955143970
-0.1727310742187501 2.6852986718750005 0.7510172070312504 168871975285572
0.019249222656249954 2.1898038789062504 0.12421464453125042 168871995427122
0.1357851203125 1.8025144898437508 -0.07659263984374975 168872015568775
0.065317549375 1.4397044629687503 0.3471609467187502 168872035710378
-0.16925474956250008 1.190606343812501 0.7776433081562502 168872055851927
-0.334280752775 1.0596017742687511 0.5956986309000003 168872075993580
-0.18787137956375 0.9211433334775005 0.25340216643875024 168872096135234
0.033308853380250025 0.6540777527195001 0.24512895971350002 168872116276836
0.02011632098545002 0.5655351513943501 0.11929652714580019 168872136418333
-0.22310372055538996 0.6463612265842293 -0.20236551265835967 168872156559987
-0.15554596472556204 0.5820914226736331 -0.28874787887668774 168872176701745
0.26338061103205035 0.29669120454515685 -0.22190406482010006 168872196843242
0.35992323882564037 0.09217474097987477 -0.14339239248108004 168872216984948
0.18712071996676227 -0.015676711122349474 0.019612257890136098 168872237126496
-0.11479317012034018 -0.027421739991629224 0.3793006461558588 168872257267995
-0.36909283687752215 0.004551865819196976 0.7623028216121872 168872277409544
-0.12133628122076767 0.021402723124106515 0.55869479635225 168872297551093
0.6238049984608859 0.1909380964680345 -0.33978732698070013 168872317692800
0.48604351048745875 0.28673485217442796 -0.6356726350220603 168872337834349
0.16422543338996698 0.21395819423954165 -0.24085011973639814 168872357976055
0.041255834993223606 0.02436479757913368 0.7019854315546317 168872378117551
0.13966970705707893 -0.11787388459294235 1.4170937163374555 168872398258477
0.2005052968956631 -0.06437967408060352 1.0148151097887146 168872418399973
0.2691688859540305 0.15103532323551683 -0.14025972857527869 168872438541575
0.1355255384507244 0.26448060233841275 -0.6730842477039727 168872458683751
-0.2344018348644205 0.1442627045269802 -0.14770812081942797 168872478825456
-0.5719819171102865 -0.11627928950341548 0.6590185619382076 168872498966484
-0.5458911977507293 -0.42266210347773203 0.8789604550193162 168872519108033
-0.2529605167943334 -0.6925364210634353 0.34248721167170304 168872539249636
-0.022229253279216654 -0.7846321641944982 -0.38179636347513757 168872559391914
0.0306174762828767 -0.8228107118243475 -0.8928638485926101 168872579533515
0.006525231026301315 -0.9372280616469784 -0.9154019187178384 168872599675168
0.004597626227291096 -1.0131857696300823 -0.5957980974742707 168872619816667
-0.02123644979941719 -1.0142839672665653 -0.4305813490731665 168872639957592
-0.15508730437078366 -0.9357435800632521 -0.39450170035228327 168872660099244
-0.12680421849662693 -0.8605089265506018 -0.4026252860630768 168872680240951
0.20700389082769843 -0.7278846803029815 -0.6588922210379615 168872700382447
0.48030037828715877 -0.5120318653361355 -1.0503071362053693 168872720525091
0.612267646379727 -0.3687685586751588 -0.5822134824017955 168872740665754
0.4573800350725316 -0.30014180006512703 0.46566231954731374 168872760807669
0.3544660397767753 -0.14985465098960216 0.8230425509503512 168872780949739
0.5754429490089203 0.2528945995208183 0.27176411888528107 168872801090820
0.44466832405088624 0.5695886288354046 -0.229732259579275 168872821232474
0.04308817486570901 0.9279121140058244 0.03254720014907986 168872841374440
0.03405550083006721 1.5667437537046602 0.562268228869264 168872861515990
-0.04061448605469624 2.223499983432479 0.6605445635641614 168872881658684
-0.830526256812507 2.853629088308484 0.4210259828825791 168872901799141
-1.8719039156062558 3.5876884268967864 -0.20102101056893673 168872921941002
-2.0370983277975045 3.6356414641736787 0.002427820451100793 168872942082291
-0.24812348645675364 3.125871569776443 1.0402357133921307 168872962224414
1.321935781147097 2.196278310508653 1.4555284144637048 168872982365546
0.2030076092926777 1.5016149335631734 -0.20392443639778612 168873002507149
-0.722542643034608 0.7767680210692873 -0.3497484358369789 168873022648853
0.7757134441660636 -0.20245032923832085 0.7286485169554169 168873042790404
1.089430618614101 -0.688596005578157 1.3006678370018334 168873062933046
-0.36340423557746926 -0.864866062275027 0.5681587813202165 168873083073451
-1.8175544431494757 -1.4410383576325216 -0.04768244760007656 168873103215260
-1.8838287107695808 -2.2916124243872673 0.13012796770118884 168873123356862
-0.09771238267816451 -3.033778220759814 0.10996174916095125 168873143498412
0.9616860508887184 -3.233553338326601 -0.588458823327489 168873163640013
0.8191901493047247 -3.1282000925362805 -1.7196562188182414 168873183781615
0.6864800491312797 -2.7772915193415244 -2.667192260210843 168873203923111
0.8309101135237738 -2.40352266859822 -2.2699842769186747 168873224064870
0.9862368798815191 -2.1658601270660762 -1.1699058785661898 168873244206314
0.9180666523427152 -1.6385840977466115 -0.732287007540452 168873264347968
0.11541035312417225 -0.9695220633535389 -0.8041767740011116 168873284488842
-0.3294856823444122 -0.24064450615158073 -1.0033145637321392 168873304630442
-0.4813619833755298 0.1126601763287356 -0.23579374082946147 168873324772721
-0.34722337576292395 0.3050207191879881 1.042322038586431 168873344913645
0.6113814556396608 0.6998515362878903 1.0906935683691448 168873365055403
0.8546447152929787 1.355047244655312 0.263692550007816 168873385196849
0.10120844801563295 1.9837204129117492 -0.037776428743747203 168873405338398
-0.9115137103374937 2.1596569943919004 0.5324253413800022 168873425480365
-0.47730667139499505 2.0469394627010207 1.6629275777915018 168873445621653
-0.004696899615995953 2.1882229568795672 1.7350783903582014 168873465763464
0.08897929671345328 2.677958736597404 0.5256115404115613 168873485904804
-0.8931598243479875 2.8547693330279245 0.21871921279799889 168873506046510
-1.70349270322839 2.2375630250160903 1.612743924925899 168873526188736
-0.5510265844577122 1.4149405567316222 3.114108714159469 168873546329870
0.8859121308713303 1.1651555703852985 2.3288724205463254 168873566471367
0.1622453296970643 1.0681351984957388 0.06357401065581048 168873586612864
-1.0680552987423486 0.8382972212965925 -1.196259932100352 168873606754935
-0.476062891337629 -0.014909097962725326 -0.01661487927403149 168873626896327
0.18991384708614678 -0.9520884111826806 1.0283218661120248 168873647037617
-0.051047437956082575 -1.5265511000398941 0.2837170632021193 168873667179271
-0.257354063646116 -2.110132481594416 -0.9018349431883044 168873687320872
-0.1643061024793928 -2.697517606369283 -1.2449298686131436 168873707462630
0.40253949301648584 -3.100604417126675 -1.128793015984265 168873727604336
0.8683328639444388 -3.191311170420091 -1.2392160534124121 168873747746146
0.959937287249301 -2.931161729304823 -1.6285798739799295 168873767888164
0.7970147712056909 -2.485945008443858 -1.544721809340194 168873788029505
0.07801709040205274 -2.0939928231613365 -0.588621685753405 168873808171106
-0.6338509761158578 -1.6662220905603196 0.5071177881160258 168873828312812
-0.7565192574551864 -1.2259220083857558 0.6693172773678207 168873848454362
-0.0840239997141492 -0.8082278410836041 -0.24650418591824375 168873868595859
0.6279712299161806 -0.38770776114813366 -1.2302111612345952 168873888737617
0.6764736636204446 0.08465800983149308 -1.0181533039876762 168873908879062
0.2601974855838557 0.6399920328651945 -0.08515252600264112 168873929020977
-0.1854089060641655 1.067804173167155 0.6047051276353872 168873949162422
-0.23059030844508244 1.4511793736899747 0.7686884185145599 168873969303920
-0.055932207693565994 1.7566100028582294 0.563766652780398 168873989445677
-0.20351041459235275 1.927675697599084 0.40350355659931836 168874009587071
0.24760426598236784 2.458534601048017 0.2811402476232048 168874029728671
0.5609862448171443 3.037298872244664 0.360349209817314 168874049870325
-0.35492194164628454 3.468327867326982 0.589280344416351 168874070011927
-0.8906270064420276 3.539237489174086 0.8324472247518311 168874090153736
0.36812583625262785 3.155791846808018 1.099051041520215 168874110295911
0.3138366065021023 2.1461544735401645 0.785051380091172 168874130437356
-0.820366261673318 1.336662348363383 0.7452774321979376 168874150578489
0.03035249847384569 0.8154358357219564 1.11253053950835 168874170720195
0.7831687175290766 0.25521732092131444 0.7077612480129303 168874190861640
-0.37152410800798874 -0.27620944404419845 -0.7922870953396561 168874211003450
-1.754043016875141 -1.1725788833603588 -0.9910318247092249 168874231144843
-1.271667030687613 -2.3781632043445367 0.1434416300763699 168874251286445
-0.0020504214250902653 -3.2635535126943793 0.3109080892173459 168874271427369
0.6117873972349277 -3.416970739843004 -1.152433196594873 168874291569700
0.8015148787254422 -3.267634209061903 -2.6977766354008987 168874311711197
0.985804188136604 -3.182942816468273 -2.667352167695719 168874331852643
1.1413777255092832 -3.0022624562996185 -1.7156444294690751 168874351993671
0.8749674147824267 -2.2723543986334445 -1.1420467935752603 168874372135325
0.1660750060446914 -1.437439182969256 -1.1493552082977083 168874392277656
-0.15322397953924694 -0.7719117955941552 -0.8385393424194167 168874412419206
-0.00931014066264757 -0.0922364677253249 -0.4637269817480334 168874432560911
-0.11578551487386801 0.5630394391009901 0.05138169585157326 168874452702616
-0.7347304626803445 0.9824139731557917 1.1483441262125087 168874472844115
-1.0034581982692756 1.3045713152433827 1.3768295978450071 168874492985559
-0.32671675392792054 1.5479295131322068 0.5201404360885058 168874513127266
0.36791126482641356 1.7967786690995151 -0.5104135300354453 168874533268919
0.6117362384236309 1.8559654157483614 -0.5385188123096063 168874553410416
0.9755340102701547 1.6265081724424384 0.5608597548398151 168874573552070
1.1936840441536238 1.8171611277977 1.1534973741843522 168874593693567
-0.02447170998960091 2.77688564051941 0.9525708485662316 168874613835274
-2.3732150633041806 3.066393766321779 1.5497275772904855 168874633976874
-1.7639651170495947 2.6576804427449225 3.106957354801138 168874654117748
0.2743991954228242 1.593881170602188 3.677191860403411 168874674260285
0.06754181727575936 0.7134716357005004 1.912224679728979 168874694401835
-0.6296823664918927 0.0762826796541507 -0.8552422288730668 168874714543333
-0.03824296350601397 -0.9608610633079291 -1.0077533534109535 168874734684987
0.18642223075768882 -1.9289671709588436 -0.10172270226001245 168874754826484
0.03483114398115106 -2.3887425844233245 0.0778991819419903 168874774969023
-0.07338020200257933 -2.684761157382411 -0.6435034083526578 168874795109739
0.05889837746043658 -2.724322597780928 -1.6486528243383765 168874815251340
0.26838335040584926 -2.6896509493184926 -2.1037977477519516 168874835392943
0.5031954498559295 -2.5570552321110434 -1.7967833153890616 168874855534544
0.5275929809784934 -2.3608785606888354 -1.003576554654999 168874875676198
0.2617472363452946 -1.9211857587073187 -0.30103018903649925 168874895820196
-0.3359879531112644 -1.2089090561846048 -1.0747719051354496 168874915959505
-0.23970100702026143 -0.7214851551039345 -1.2647613717646098 168874936101211
0.06478216313379082 -0.4656768936143978 -0.35457032788043774 168874956242500
0.029889695350782564 -0.13682374145401877 0.7518661986331499 168874976384153
-0.28098326325062395 0.393727041993035 0.7913733300002699 168874996525859
-0.8254335832567494 0.9050329031256776 0.35294729681271586 168875016667565
-0.9903639564491495 1.196804642813042 0.3619598882314228 168875036808958
-0.22217397765931968 1.328073597062934 0.30520511761638836 168875056950455
0.46703620849754435 1.6109574128065969 0.0881094065931105 168875077092058
1.0158286738292854 2.261471008370279 0.2981730721494884 168875097233763
0.6845989742196785 3.1512056152899746 0.8300057428758407 168875117375261
-0.5459121292180074 3.7372975000444804 0.7938019575819224 168875137517695
-0.5023791174369059 3.5613101680043346 0.7598950816905381 168875157658620
0.9015879169879752 2.5973513570597184 0.9485654794149303 168875177800168
1.1611384976528805 1.6960085270540244 0.7062644929069442 168875197941771
-0.4882889089089457 1.0687941263307188 0.15953063729430506 168875218083372
-1.2395080802521568 0.666009422158325 0.41579589655419413 168875238225599
-0.5641040227954754 -0.06558113414833855 1.0935498031808555 168875258367408
-0.4057509916738804 -0.8133413721624212 0.36808935426343403 168875278508749
-0.5974401488078545 -1.434633058667437 -1.0414782236205027 168875298650560
-0.4329936229525335 -2.2139540055277003 -1.7627968367089024 168875318792004
0.297977660231723 -2.95193713020341 -1.816035809210872 168875338933763
1.0108552727166287 -3.3466937471314786 -1.4168056981499477 168875359080208
1.0716236712983032 -3.2418081227051836 -1.2131564725824582 168875379221184
0.7281485464136424 -2.7951676895703965 -1.5020071116597167 168875399363099
0.801439735568414 -2.300489620406317 -1.7079289315152733 168875419504961
0.8032489564234813 -1.8740098603875541 -1.3076395319309686 168875439641354
0.502267133888785 -1.4218397242475431 -0.431402152888525 168875459782903
0.12379857039227793 -0.9472740254917849 0.30404819956417994 168875479924557
-0.3203214952486777 -0.31715759929967735 0.308668247151344 168875500064960
-0.5124095399489422 0.4013764596227585 0.1746689727210753 168875520206510
-0.30367763195915387 1.1052686481669571 0.6094495336456103 168875540327901
-0.09300314072357319 1.6300034927523157 1.1069688066039882 168875560469607
0.027904616327391496 2.068358262951852 1.3979773890331906 168875580611365
0.007248009468163175 2.566625086923983 1.8421123799765526 168875600752705
-0.7412230768004695 2.9148967492266866 1.8383261344499924 168875620894464
-1.6384740669091258 3.0449545087563497 1.161969501309994 168875641037262
-1.197571245714801 2.599183821848831 0.8929911283917455 168875661178760
0.2831539409281594 1.833643932479065 1.2075569652133966 168875681320467
0.2049289144612776 1.495504013170752 1.221831704983217 168875701461963
-1.2458347004622279 1.3522992066303523 0.7577388014865734 168875721603617
-1.1060183463072826 0.7024692481167829 0.3694722911892585 168875741745114
0.017443623735423852 -0.22868622260032367 0.24574873138890663 168875761886768
0.303163883363339 -1.1150534702677604 -0.1328321672326247 168875782028265
0.4110613801281713 -1.9010759793392094 -0.28575792128609967 168875802170075
0.537662580665037 -2.4652577561276185 -0.51766883702888 168875822316364
0.5863068223445298 -2.718299954902095 -1.2326043079043543 168875842453487
0.7620996570943739 -2.665106272515427 -2.1936395986672337 168875862594880
1.0757563858317492 -2.534160213324842 -2.729447811746287 168875882736481
0.9418917297591494 -2.2549404753473743 -1.8688976048657797 168875902878395
0.35556416505731947 -1.9992648802778996 -0.3299813651426238 168875923019476
-0.3172942734228945 -1.6560037010973199 0.9316203766359008 168875943161442
-0.6068139343633157 -1.2585187811903555 0.8558920044337208 168875963302887
-0.22175485842815257 -0.9363682476085344 0.13833909182822657 168875983444438
0.0798470898199779 -0.6300394223055772 -0.7571509921624189 168876003585987
-0.05893726955026768 -0.40727860815696193 -0.7866045827924351 168876023727641
-0.32186905392146414 -0.15820814043182008 0.150452661891052 168876043869242
0.22351061623782864 0.31745204234204394 0.9728279498253416 168876064010895
0.05948476252151291 1.124615930748635 -0.1731048276397269 168876084152550
0.2757738451734604 2.1514261430364074 -0.9621410886742816 168876104292900
1.5056776698887684 3.0468245081791263 0.1595229689043247 168876124434502
1.1116344210672648 3.9720665401370514 1.4317321446547098 168876144576051
-0.7124014475211882 4.890116611015891 1.4714721415050178 168876164717653
-2.4578606111419505 4.528377468500214 2.4808886507040144 168876184860766
-1.2476727662573106 3.4459441623001723 2.6769838697819615 168876205088825
-0.5285459278495983 2.067021443121387 0.577512388794319 168876225142458
0.16351579678282135 1.094962369340859 -0.8566668467770446 168876245284268
1.002870742895007 0.07770329391018649 -0.8876406063278859 168876265425661
0.24029708259725568 -0.7591630484656022 -0.7625294772498088 168876285568565
-1.2139268847034457 -1.560064813772481 0.24361411351265305 168876305708969
-1.3421498085440065 -2.4846729447679845 1.1841002751851226 168876325851664
-0.41440588199145534 -3.0893130628456387 0.6430932084293484 168876345993369
0.3268249037818358 -3.1502712510577613 -1.1796782652877713 168876366134868
0.7375219347442188 -2.9350241297524597 -2.610270932542717 168876386276625
1.016213836857875 -2.669503678801968 -2.7952479960341736 168876406418071
0.9835887452675502 -2.2957958141353245 -2.452629060889839 168876426559567
1.0294125001202903 -1.945840752870759 -1.9882385026181215 168876446700440
1.1308542188462323 -1.7239333444841076 -0.5450707825632473 168876466841676
0.7700764414832358 -1.3772179646497857 0.4103545067619021 168876486983383
0.19804357506158865 -0.664274371719829 -0.040075769590478316 168876507126182
-0.40245381182572904 0.02028948699913702 -0.7132129594223827 168876527267575
-0.8410060182105832 0.2951378395993096 -0.28193511363165613 168876547409333
-0.24760950206846655 0.26886173652319734 1.234644780188425 168876567550934
0.42720536709522683 0.4966079439060582 1.7951865272757401 168876587692380
0.6557779655511815 1.287069069968597 0.6705608429143421 168876607834242
-0.05112225646530477 2.0822065255061277 -0.5151260326997764 168876627975791
-0.7082439965784939 2.320953208686152 0.012032474621428868 168876648117185
-0.07251560741904517 2.0788084653864214 2.880097171103393 168876668258890
0.7030226703147638 2.171408588715387 3.3852178736014644 168876688400440
0.13669792140806114 2.8981742342535597 -0.33921339643132864 168876708542093
-0.5659224245923011 3.2855926100590978 -2.655525990582563 168876728683747
-0.521304834205091 2.5908764317972786 -1.1873358315285505 168876748825348
-0.5352323439265729 1.2519980204378225 1.1839203972771597 168876768965752
-0.4288328477975085 0.20194021322525835 2.144487392040478 168876789107197
0.0011842100432430946 -0.5653155052010437 1.3954605191011327 168876809248903
0.02295664537834452 -0.9862734002545857 -0.767200920656594 168876829390610
-0.5200624180723246 -1.4130543647349185 -1.8570590763690253 168876849532002
-0.8868140946141096 -2.190575327725435 -0.5051540970327202 168876869673709
-0.725540142878788 -2.969244930149099 1.1670925426863237 168876889815309
-0.1583007666467804 -3.297380807400529 1.0525949325865591 168876909957172
0.5251294062138256 -3.0982806224829247 -0.6547136047120028 168876930098721
0.9469956148148106 -2.6454091659550905 -2.0492713720508524 168876950240115
0.9516638746643484 -2.279681824951573 -1.862744734359432 168876970381873
0.5252959434814788 -1.9090481943362585 -0.31788133436254573 168876990523265
-0.021413635839816925 -1.4090500789065068 0.24532872157246333 168877010666169
-0.23215776414060363 -0.7004212154689551 -1.0707536243045293 168877030807771
-0.18860707068748295 -0.09686040987516442 -1.7342029970998736 168877050949269
-0.41914737529998636 0.15379829319361882 -0.39891024924239904 168877071090817
-0.5325957322712394 0.43937164236739523 1.4570192615435809 168877091231378
-0.38911369519199157 1.077840087331416 1.3040065225161148 168877111372926
-0.008580995216093346 2.2838785151776326 -0.6565628483933581 168877131514632
1.2219437975771255 3.7432893355796066 -1.3781189310584365 168877151656495
0.7657630458742004 4.366750609088685 0.15537839030950074 168877171797627
-1.2675775515818897 4.695793065395948 2.2238510520913506 168877191939386
-2.049340361578012 4.329656913254258 3.182645294798081 168877212081195
0.0582205818313406 3.355205022790905 1.4877422124009652 168877232222589
0.3797917974963225 2.2082729049514747 -0.07263581992297796 168877252364138
0.02556195362205793 1.0928146130236804 -0.3066316051571327 168877272505792
0.7052273949288963 -0.084036883799806 0.22531239165554418 168877292647393
0.5758884589118669 -1.025176284383594 0.44156583129318516 168877312789411
-0.47852263130800665 -1.6863153439131242 0.4879572548782978 168877332930961
-1.1130793355151554 -2.2442182907554997 0.29004842109013795 168877353073292
-0.5275240152871243 -2.8003306872918987 -0.6974412435966397 168877373214736
0.5651267838640504 -3.1420101553022697 -1.406756705814812 168877393357380
1.1966692981849905 -3.193613007054317 -1.79779305996435 168877413498929
1.1663930557354925 -3.019929468143454 -1.6620381589089799 168877433640582
0.8111784094321439 -2.7397228713897626 -1.7776163669709342 168877453781612
0.4427903837957152 -2.3829770275805604 -1.7151839138892475 168877473922901
0.22732801016157222 -2.034701934564448 -1.220303869392648 168877494064711
0.3243794979730078 -1.5492581296828085 -0.8392924119203686 168877514206417
1.1468449069721562 -0.7508566990587466 -0.37842855844254486 168877534348278
0.451020847452725 -0.16289239049699766 0.1190711180897141 168877554489620
-0.9672594939128201 0.768025931352402 0.3861504491592713 168877574631325
-0.9385781029427561 1.364152190394421 0.7834931132336671 168877594773135
-0.1758991034479549 1.6919443109092862 1.8611939046494337 168877614914477
0.11940034614788608 1.9580110151336791 1.392385299500797 168877635056078
-0.42777073870669113 2.364602171481943 0.7626142942881378 168877655198774
-0.603141883934103 2.4050362293730547 1.2060264940242602 168877675340010
0.1798278014464676 2.224407401467193 1.823121976469408 168877695482028
-0.4239111963428259 2.1874360774237545 0.9252456280505266 168877715622640
-1.029094777386761 2.332639291626503 0.3771471860341711 168877735763877
0.18690484215309122 2.378941023144952 0.35611228007733686 168877755906155
0.7900145963787231 2.0389926622659615 0.3241232224993693 168877776047445
-0.15719730727202164 1.5644949110627682 0.2644011170619951 168877796188682
-2.2765635098801176 0.8034025694752156 1.2180516553683463 168877816330543
-1.8384261008728444 -0.3249659327010779 1.9593290196071766 168877836472042
-0.22768668147952553 -1.393163664129613 1.3153513992794919 168877856614112
0.3758828813788795 -2.1522262438036908 -0.5148453454201567 168877876755453
0.5166975160406038 -2.7445471083242037 -1.7302722724298754 168877896897315
0.9421910206449831 -3.2868486241593633 -1.6127944781001506 168877917036989
1.2183890469847365 -3.5951527274524917 -1.2175793324801205 168877937178540
1.2300579172752892 -3.6322256975869944 -1.1254794816090965 168877957320140
1.2160653767889815 -3.134955362757095 -1.9289968665372772 168877977461794
1.0548347233061852 -2.389617122236926 -2.8254240557298216 168877997603344
0.5662798880199483 -1.806371432164541 -1.7910765492713576 168878017744893
-0.09491310130279129 -1.2769086691691331 0.35883797933291417 168878037886650
-0.8551907349484831 -0.5887022283040562 1.4441138404975815 168878058028305
-1.0703464356150365 0.15186536579425525 1.0204522052105651 168878078170010
-0.8285793945857793 0.6974932691979046 0.04147162744970201 168878098311508
-0.45654027348112347 1.019798814577073 -0.44619281522773835 168878118454203
-0.3144631758161487 1.1244205946304087 -0.012654935775940679 168878138595856
-0.38767893909041895 1.3544070811730773 0.8804766373167476 168878158737875
0.26826261044641475 2.1343557430634625 1.1128529895408983 168878178878956
1.3703107719508818 3.2259904538257693 0.23189616116396872 168878199020973
0.44746932068570544 4.264203007591867 -0.4808038718500751 168878219162106
-1.4853228832951857 4.502170511542243 0.8983036798636901 168878239303969
-1.652967779292399 3.4051177568900446 3.1511624751409526 168878259445571
-0.22889277812141895 1.944785123480786 2.780109667612762 168878279587380
0.502664586096615 1.1452934308158795 0.4414583395589595 168878299728566
0.8871536415335419 0.7458001743402036 -1.3017893830403326 168878319870218
1.0669372686955836 0.2650605496284122 -1.5439339478385166 168878340011872
-0.06401610301228322 -0.2416747048285206 -0.30583807623956316 168878360153264
-1.8725141519410768 -0.7762621271440668 1.0799511210395991 168878380295284
-2.1385386653028613 -1.5096937837465028 0.8159750569879294 168878400435479
-0.7324007564610393 -2.2905797340284515 -0.6274567708159067 168878420577132
1.0647019534249185 -2.7939994317540116 -1.8332276236839755 168878440718734
1.776883633052435 -2.9336248383719603 -2.2437671575409306 168878460860231
1.3945904025356979 -2.7140507496038175 -2.0321719291577445 168878481001782
0.8142074782785582 -2.2254398184330544 -1.8831227972324456 168878501143486
0.5313708654353466 -1.8328420891214439 -1.0255534135672066 168878521285193
0.3687856571920274 -1.374464589265905 -0.19204917616626527 168878541426689
0.16133711950362195 -0.8669300698502242 -0.05468914562051208 168878561568291
-0.5884229801783525 -0.3836197394739287 -0.1384046368089097 168878581709841
-0.49919297398643203 -0.2218249907978933 -0.03534529147837773 168878601851391
-0.1436048674703958 -0.14359768795081518 0.3368726925985479 168878621993096
0.2916468677424333 0.13221657620184857 0.3908848728288383 168878642134697
0.6416304824751966 0.4444329289302287 0.23985633576307075 168878662276247
0.7076403234801574 0.8106244681441828 0.5380032326729567 168878682419151
0.9290761259716259 1.4923594377965959 0.49477026191961526 168878702560752
0.9060660765585508 2.5075228041435267 -0.07040693499555783 168878722702197
-0.2938971387531594 3.317822442533572 0.3787330457535538 168878742844112
-1.8784404649087776 3.275888813401858 2.742366319415343 168878762984256
-2.1690853797395224 2.6304888827527364 3.929793934438525 168878783126012
0.4730446844896323 2.211739739014689 1.94533661239457 168878803268760
-0.05398612740829423 1.798017279493001 -0.204179928834344 168878823410205
-1.7583622417703855 1.2410017142194008 -0.6607682594737252 168878843550661
-0.9505130356038083 -0.1676478473744787 0.5813097088272698 168878863692159
-0.12416775270179681 -1.4126094888370826 0.9608485483118159 168878883834177
0.6240910908073125 -1.8467135676321664 -0.8952860051005471 168878903975518
0.63428263827085 -2.152798100199483 -2.188164839236688 168878924117276
0.5633098996791799 -2.4901950231283365 -2.0300606799831007 168878944258825
0.5577402048995941 -2.800163831002669 -0.9972419033614806 168878964400530
0.5303230232946752 -2.870380088239635 -0.4228667648766842 168878984542081
0.1185943561357401 -2.459426629185458 -0.8185058142450976 168879004684828
-0.08074707368515788 -1.9912107369421168 -1.4034862920210782 168879024826638
0.18575634495812365 -1.8155027692411938 -0.7367050492418628 168879044967822
0.20976230252899897 -1.7864964536742045 0.4147375231065098 168879065109372
-0.17995627125805091 -1.547703022314364 0.6661406044227078 168879085251338
-0.29256120841269073 -1.0634798006639912 -0.35523448911808364 168879105392939
0.6220667559260975 -0.5479396022499428 -1.163972747544467 168879125534750
1.0462129750533782 -0.06971154508120403 -0.9361586667855735 168879145676456
0.19965348551145246 0.49629375221628713 0.15251349625904131 168879165817901
-1.3130189108095882 1.0801526775542802 0.816163629038483 168879185959293
-1.5026612223976707 1.4345933334496745 1.0430432079182865 168879206100948
0.4396434830193634 1.7643982995722398 0.5399155233658792 168879226242862
1.5627743567279908 2.732295006845291 -0.36754267896354675 168879246384255
0.7096311064761427 4.164351630476233 -0.6409457642645875 168879266524502
-1.5439162085690858 4.928759136412236 0.8276486620258301 168879286667146
-2.0153087481052685 4.291505844286039 4.125217074151914 168879306808695
-0.2994662367654648 2.619715905897582 5.233987135884032 168879326949151
1.4253806238688782 1.6134729200305653 1.1918772087072256 168879347090596
1.9820647530013527 0.8479438633682026 -3.05102704162797 168879367232249
1.3489940875573323 0.25206114538206315 -3.7204969262711263 168879387373851
0.7028524966083658 -0.4179433688506009 -0.6811826972669008 168879407515557
-0.3084821628695573 -0.9876628005492307 1.5855225921864795 168879427657107
-1.829439538889396 -0.860393912314386 1.3741065503116836 168879447798812
-1.952565302986517 -0.7459689384452588 -0.8503241347506534 168879467940257
-0.8447670861392136 -1.270639896849957 -1.4964946593630226 168879488082224
-0.013972848598870824 -1.978071976073716 -0.5205355712404178 168879508223981
0.35400726799590343 -2.467479553515222 -0.02880638667983426 168879528365895
0.5322780800217226 -2.6808928224996773 -0.3001813398126174 168879548506717
0.5667282257361281 -2.555419824405991 -1.0738975132563437 168879568648213
0.5870861938701524 -2.2287963087435436 -1.8066399832613251 168879588791065
0.8274448340023719 -1.9007494493385853 -1.6596430412965602 168879608932666
0.7642874101706476 -1.6323549305646186 -0.6812788861622481 168879629073070
0.24978442032401804 -1.3310670499204447 0.17469124653895163 168879649214671
0.026646383915464478 -0.9580543235301064 0.21361774332491135 168879669356533
-0.012642853805128418 -0.6947637713240855 -0.12095150846507075 168879689498395
0.06986618570589731 -0.534692852996768 0.05983059010294345 168879709639789
0.3885833782522179 -0.3171707863036639 0.6263312689573548 168879729781338
0.5093164096330244 0.17549921080081887 0.3485747807908839 168879749922783
0.36552197536266956 0.8413637241094047 -0.39003665974229285 168879770064333
0.3340069357588857 1.5530226199125243 -0.12280813638758414 168879790205986
-0.09855372873664148 2.0761949513987688 1.6929156002649328 168879810347589
-0.7577248189268132 2.8652528361190157 2.228233847399446 168879830489033
0.22068782063979941 3.6241480696764636 0.23566324979455677 168879850630740
0.49086910416808954 3.7801412096474216 -1.1570748689143548 168879870772289
-1.2302295213530283 3.221403006780438 -0.002893781850233701 168879890914047
-2.109513206926173 2.194737151518101 2.9092694471760634 168879911055753
-0.6606818546034383 1.1161290766832295 3.602354522584601 168879931197301
-0.055559643839000694 0.5252518941590836 1.1271839110364308 168879951340101
-0.5553241799149506 0.2692249528272672 -1.1306503321083556 168879971481703
-0.4401699884632104 -0.4687386900819366 -1.1144079609991846 168879991623096
-0.20926489702056839 -1.4088898778467982 0.1762592757319026 168880011764645
0.4203566370710452 -1.9379029179024378 0.25581454949177207 168880031906508
-0.015496916905663793 -2.1789966507282 -0.9830680869690824 168880052047849
0.161979907881719 -2.28207671511381 -2.002042848481516 168880072189659
0.4736391020866253 -2.5415305127160472 -1.5488754897227128 168880092331261
0.3024830590130503 -2.802181929704087 -0.17214482537192044 168880112472601
0.7223209198666902 -2.5118505242320204 0.29418111235871347 168880132614359
0.6093142554246023 -1.8018632318856165 -1.3756414382380293 168880152755856
0.5059694707459318 -1.2586536714459928 -2.2700444005904235 168880172897979
0.4606349515967455 -1.091712976219295 -0.6469925517223389 168880193039216
-0.5696268043476036 -0.9961242872254363 1.2967614273721288 168880213180765
-1.438367459103083 -0.7251587071240992 1.356061485647703 168880233322211
-0.4766461157199664 -0.4590942508555296 -0.11490667085683759 168880253464021
0.899408205080277 -0.5622705178719238 -0.8963564890292202 168880273605726
0.5657912125017215 -0.3804804767975387 -0.8640944685671261 168880293747067
0.6886925403138773 -0.21925254550053097 -0.3236974498537011 168880313888774
0.6928485635011018 0.36970294406832505 -0.5844218270704609 168880334030426
0.4413393976758815 1.0672345232234104 -0.8170613874376187 168880354172028
0.3698683931407052 2.074954610766228 0.1765022572374051 168880374313526
0.7311974488875642 3.275075993300483 1.529861473758674 168880394455179
0.5854340333288014 3.9347336462028863 2.3919433782256894 168880414596730
-0.7465575584932089 4.295687307587309 2.2927783353930513 168880434738434
-0.9106981952320672 3.8330220140385975 1.371246594095691 168880454879932
-0.21120015774815382 3.1053702479496277 0.1902223729328032 168880475021637
-1.6606105168235232 1.9683538155472036 0.06475114053374265 168880495163136
-1.4735567728338186 1.1098515094690118 1.8096622405519938 168880515304997
0.4278684489204452 0.548025250543958 1.6499636791603454 168880535446547
0.7688206380426061 0.21527566918516783 -1.144018314484224 168880555588044
-0.202338509097165 -0.4354943084018661 -2.3699753937748795 168880575729541
-0.9637384830589821 -1.3692694701589936 -1.5430384204886538 168880595871143
-0.7092720364471856 -2.089128955033445 -0.15153278717217322 168880616012900
-0.2208233908764985 -2.2624408593392573 -0.43338443286273876 168880636154555
-0.37391213066994866 -2.063309621065157 -1.095218288477691 168880656295843
-0.33631232172345893 -2.080127677320874 -0.6975613495321529 168880676437602
0.2467216269962329 -2.2542022395129493 -0.2834519116569725 168880696579151
0.7971331609719865 -2.284025854110359 -0.3284094785443279 168880716720700
1.0629384623713394 -2.0143300582882873 -0.5906572703354622 168880736862354
0.8119474495845715 -1.5206071130368795 -0.6086708357996198 168880757004007
0.42281235419890717 -0.9698426240232534 -0.4947979967646958 168880777145661
0.17056189507787578 -0.5703931421873527 -0.4433969911617568 168880797287210
-0.1896002886251994 -0.35323834187488234 -0.2102107569919054 168880817428708
-0.32085747699390943 -0.18954868131240588 -0.16293178918727436 168880837570466
0.10207866684237255 -0.015420683331175411 0.05001345536893065 168880857712015
0.4301492615988981 0.1496751720850602 0.4365927955451445 168880877853513
0.08808913584161848 0.3336073251680487 0.40499933409236544 168880897995270
-0.25557849601420524 0.503921992946939 -0.00895951710110765 168880918136820
-0.10408437884261412 0.638721090451301 0.11175328475661384 168880938278317
0.3595913836446587 0.8782376145485404 0.5771101473365412 168880958419242
0.524355235821977 1.2579733924200838 0.38832386005673314 168880978560426
0.2895037199075816 1.4790715850298177 0.3648216857016364 168880998702028
0.048155710301065247 1.512541935992605 1.1800653563738095 168881018843786
0.37350991980335224 1.4211541542628332 1.1974336327552977 168881038985231
0.25078547490518177 1.3775727374727662 0.6459596015167381 168881059126833
-0.7471987685133546 1.4502881704469637 -0.27400380316160966 168881079268434
-1.8339650694981837 1.3113902043263224 -0.7527113433105379 168881099409984
-2.336483579036047 0.834756694711059 0.5592444995703199 168881119551637
-1.7919895976038376 -0.07451642157490213 2.7418047793437563 168881139693239
-0.17969763511432024 -0.9301087427286703 3.0223256594125054 168881159834841
0.6061442356585438 -1.3257032051204352 0.9901017384675042 168881180596442
1.132644880714335 -1.3347691070650978 -0.5837486873509965 168881200118826
