-1.1048461914062502 6.90921630859375 2.6916870117187504 168971736641530
-0.8397363281250001 5.586638183593751 2.0280688476562503 168971756783288
-0.8097895507812501 4.540013671875 1.2762514648437504 168971776924837
-0.7781539062500001 3.7018961914062505 0.8200612304687505 168971797066439
-0.49742546875000015 3.0015804296875004 0.8774601171875003 168971817208040
-0.35962250390625017 2.3773385625000003 0.9713040312500003 168971837349642
-0.42594263203125005 1.8429353031250004 0.8639328734375002 168971857491243
-0.37034394937500004 1.4261670901562509 0.5158533300000006 168971877632845
-0.2102644173124999 1.1730991994687505 0.08215287884375044 168971897774447
-0.20428331119374987 0.9552762345750008 -0.07678257973749947 168971917915996
-0.1947376841112498 0.7458005775037506 0.20604219792875078 168971938057650
-0.10177403400774976 0.5411595049717501 0.5449240903742507 168971958199251
-0.04009842642494976 0.4189261391336494 0.5259295066744007 168971978340853
-0.05964221770245981 0.4309050714631688 0.1314735858082705 168971998482454
-0.05778457494321798 0.4255223970142854 -0.25977474463463324 168972018624108
-0.056005491985824385 0.28029828870517903 -0.14127926836395632 168972038765710
0.0031814462550905365 0.058369490339142516 -0.12236179359741506 168972058907259
-0.04137574143342748 0.13177860008381437 -0.2188977356591817 168972079048913
-0.040034186896741986 0.2565093058483008 -0.38183205571484535 168972099190514
-0.12342139248614359 0.17166252280363992 -0.2292937695718762 168972119332168
0.01038153835483513 0.06049896355541229 0.02669682027999931 168972139474551
-0.05970014040988203 0.0055646981880794755 0.06632815934899927 168972159615267
-0.04415903810915567 0.17840195386296465 -0.04371481627080076 168972179756920
-0.10146492579982458 0.09444275449662243 0.2667859594833595 168972199898575
-0.16323981173360957 -0.09347655812145206 0.3617930253991877 168972220040124
-0.09294536501188766 -0.038782711340910936 0.15197104141310014 168972240181725
-0.013650725603260083 0.12479658483352196 -0.24592804968201998 168972260323327
0.05377668514239198 0.18134361552306721 -0.42032642412061616 168972280464928
0.07286753952016367 0.07090497054345413 -0.15112930335899266 168972300606530
0.011809656616130981 0.07643833190351224 0.1619700924690557 168972320748131
-0.017395536425845126 -0.01831710791469021 0.00480800756899491 168972340889733
0.019518629453074032 -0.047966674613002525 -0.021422148632304072 168972361031283
0.24220181762495918 -0.03020683578415273 -0.014391136874593258 168972381172884
0.21591721581871726 0.006339902466427461 -0.1076921087184246 168972401314538
0.0986370929674738 0.021685691504391258 -0.26637829634973986 168972421456139
0.09297217437397909 0.10212638523476336 -0.15311728551729198 168972441597741
0.13244658715543345 0.07181341287530962 0.0748572458049166 168972461739238
0.022644281443096936 0.08092485139399841 0.03790093336268363 168972481880997
-0.21351299281427227 0.06353138502144873 0.09351654747139682 168972502022545
-0.15358627315766782 0.006257236923408627 0.17713257391461745 168972522164147
0.0026802978801157007 -0.1164175503050231 -0.18649218305580595 168972542305749
0.17534980471034256 -0.14105884493151954 -0.33812196910089476 168972562447350
0.5114834570495241 0.07781454514853436 -0.008974137780715985 168972582588952
0.38225805470211927 0.02808415565007749 -0.30149083366207297 168972602730553
0.13764238126169537 -0.03987398407368836 0.022161825257841716 168972622872155
0.0685001354781063 -0.07970192163394962 0.47180660864377355 168972643013757
-0.021872254898764876 -0.18697931074465934 0.35658347050876893 168972663155358
-0.0300710461065119 -0.023057569689477475 0.037110038125764966 168972683296960
0.08222978420854044 0.12038451065466838 -0.1614008366868882 168972703438561
0.00992445236683226 0.0199037999299847 0.03724895955673935 168972723580059
-0.1534618052940342 -0.08021953818101224 0.41870297623914166 168972743721765
-0.1426424911102273 -0.08846762273230979 0.6002211700538136 168972763863366
0.09958229617431824 -0.05665056302959748 0.42790642823055114 168972784005332
0.19750030959570464 -0.11440004026742834 0.1796664511781909 168972804146778
0.1809738804890637 -0.09058009080769303 0.08291773125505264 168972824287701
0.27389287392250083 0.025497353135095935 0.10565303266029247 168972844429459
0.22210502179425062 0.1680541325080771 0.13761080503448397 168972864570853
-0.2203994786583494 0.13379633335021168 0.20260573387133718 168972884713391
-0.4888562040204296 -0.09642973019483136 0.5188716964720697 168972904854108
-0.04888525618509387 -0.22361595212461438 0.6988375915526559 168972924995709
0.4171662091144248 -0.07503533982469257 0.26359888183587454 168972945137363
0.36141851416654003 0.1305967281402456 -0.4882786093750502 168972965278912
0.31232817070823204 0.22842757782469647 -0.6802347039062902 168972985420514
0.27030931391033564 0.2128079802285079 -0.4254133490625325 168973005562116
-0.039709580121731536 0.0444895482453056 -0.06995714409377607 168973025703665
-0.2228443242536352 -0.14836832234125552 0.4929966870687288 168973045845215
-0.21984040080915834 -0.2246516891230037 0.576208873092483 168973065987597
-0.038506597991076585 -0.11706265989215225 0.20590118050523643 168973086129147
0.29678261223213875 -0.018625713851221803 -0.17484204387706104 168973106270124
0.42512140228571094 0.0839641750127722 -0.4906915061953989 168973126411725
0.16698921167231884 0.08887544157271776 -0.4292719549563193 168973146553170
-0.14160394316214497 -0.024151111585576146 0.14221476025369473 168973166695032
-0.11124458031096607 -0.11625692442471092 0.5740501285154558 168973186836374
-0.014972226748772854 -0.10263688719601838 0.4044793606248649 168973206978080
-0.03152123843026833 -0.014629041006815058 0.033263664281141914 168973227119681
-0.16363251808796464 0.04907557578829724 -0.03215371701258629 168973247261387
-0.3229470300953716 0.1498195426618878 -0.023965161110068856 168973267402936
-0.42775459673254734 0.21666959897325988 -0.24269507810680535 168973287544642
-0.684794009417288 0.3301594096473579 0.02156659376455572 168973307686088
-0.8351765161275804 0.3147867074053856 0.25818345079289484 168973327827689
-0.6044815449333143 0.2711653034243078 0.1686317215718156 168973347969394
0.2578576351470985 0.3372325357081962 -0.1168158141487976 168973368111725
0.12062936983642869 0.5957625910665563 -0.711396987256538 168973388253118
-0.661028242412107 0.7046007955094957 -0.6173475702739801 168973408394147
-1.1142718126796858 0.05548971843884587 -0.07124622028168393 168973428535696
-1.0673818056124986 -0.6233816627489226 0.5476539026809029 168973448677194
-0.34682536636499917 -0.9828850176991377 0.5236089619884723 168973468819159
0.04430484362675058 -1.1116498110343098 -0.36835648275297217 168973488960397
-0.06071091025484954 -0.7741709230461975 -1.263459600264878 168973509102468
0.15281066632737028 -0.37879718765570836 -1.7374278364619027 168973529243600
0.7745678689993962 -0.2963360899683156 -1.5321908043257721 168973549385306
1.2526987287932672 0.40256735849409786 -1.0239337958043677 168973569527480
0.5749373033471137 0.569575859451529 -0.7059634428934942 168973589669343
-0.6476551377910591 0.2257778750612225 -0.18240991447104538 168973609810891
-0.8788052625765972 0.034491928955228346 0.6747385723294137 168973629952441
-0.27583473740502784 -0.18027999199206768 1.103987635207281 168973650094095
0.39127068663847764 -0.1368509467186545 0.7449943073845748 168973670235541
0.7040932094670322 -0.13481034721867324 0.5489739615326599 168973690377246
0.634465973823626 -0.14672767230618966 0.12249215750737807 168973710519003
0.2812666267151507 -0.08004082925120137 -0.1644208247753478 168973730660449
0.03577990293462063 -0.0849555149634611 -0.49733255825777833 168973750802415
0.025132711410196462 -0.024446345564518523 -0.40440901535622276 168973770943757
0.08678097381565708 -0.06845844363911446 -0.05814635290997794 168973791085254
0.09680515014627566 -0.06298208694254193 0.12436914814076783 168973811226908
0.19566921777327062 0.04407233825846646 0.07879219351261435 168973831368562
0.14796603828111632 0.3048135346692735 -0.021658628002408253 168973851511204
0.26294070171864314 0.4646027808604192 0.015009523379323486 168973871651764
0.21385597934366452 0.4794458965633357 0.034969044484709055 168973891793365
0.1115999201936817 0.6863155063131678 -0.04354576050598258 168973911934812
0.048398588498695494 0.669718908956785 0.3100364384702141 168973932076829
-0.08897888310729352 0.562362041227928 0.4824407718699213 168973952217910
-0.4269326182045847 0.5461054532948424 0.3645292776521871 168973972359825
-0.689336621907418 0.41386190169837356 0.4645970549342495 168973992501269
-0.5272261334634345 0.1643170604211992 0.5905863353536493 168974012642872
0.1260462416667525 0.004000035055709006 0.5743855721891697 168974032784576
1.0584541808334023 -0.0867779992991835 0.438390293688836 168974052926230
0.988303872010472 0.07726949509190284 0.25287287948231896 168974073068196
-0.16994039848537246 0.24532389685477263 0.22032808874210552 168974093209381
-1.408217943788298 -0.2263116832974319 0.3175588577124344 168974113350930
-1.5522091206556383 -0.6718086239816952 0.035577847888697445 168974133492480
-0.7731881949620107 -0.9125811765291054 -0.3956832295015422 168974153634291
0.2871745416866416 -1.1782094724732843 -0.30383906406998396 168974173775683
0.9935091645993133 -1.0735124021973785 -0.04176509891223734 168974193917441
0.8379836012107007 -0.6500574803516521 -0.28991842678603996 168974214058835
0.4327281895623105 -0.2733540897500717 -0.3863903078350819 168974234200540
0.09505950477484859 -0.24463542023755735 0.15053130841943485 168974254342298
-0.3607688024301212 -0.29054476197129553 0.4696682107980479 168974274483639
-0.6898357450690968 -0.15780202051453607 0.1539816389509383 168974294625502
-0.5656137132427774 -0.12707169453662814 -0.09884838024549936 168974314766946
-0.07932202528172194 -0.10594202359805216 0.12309414736610025 168974334909226
0.16150575868087236 -0.0752321345034428 0.33435178273663 168974355051087
0.06754689210094789 -0.007597816977753524 0.15916843790805402 168974375192064
0.11277774805575835 0.12248619954279683 -0.2809416168610568 168974395333978
0.24379885860085682 0.25798651822798746 -0.7993626684888455 168974415476205
0.3605420165681854 0.36218755442613926 -0.7582279277598265 168974435616608
0.29186378903579824 0.3677895943221614 -0.0867092953328612 168974455758262
0.02674054294738859 0.16010081608272841 0.5544728957649614 168974475899812
0.04590415310791096 0.11724080911618273 0.6504386681744694 168974496041725
0.057267756080078724 0.36370231526169583 0.19105405953957533 168974516182962
0.06473510330156285 0.6503368522093567 -0.2801523578370899 168974536324460
-0.07944971032749981 0.7736264153612353 -0.1696785268946721 168974556466217
-0.36769795185574994 0.6645066010389886 0.19178403395301213 168974576607818
-0.4085870724220999 0.35421270270619054 0.7831635552874099 168974596749733
-0.4957417282501799 0.06613383403995243 0.9226978364174281 168974616891283
-0.029076292756394118 0.2445574578569616 0.6615347339776925 168974637032676
0.6034479501698848 0.2858193061293193 -0.295613521411596 168974657174382
0.432465391385908 0.5873712652159551 -1.2458780241605267 168974677315670
-0.43005307751627364 0.1722895902977637 -1.0281233177659215 168974697457533
-1.493749493263019 -0.697178093386789 0.413292361412263 168974717598873
-1.8386885594541655 -1.4264192325219316 1.3633609399110607 168974737740684
-0.8949376639695825 -1.4871803078925456 0.4946926581788489 168974757882337
0.5349165680430841 -1.0803936603765365 -0.7160622797069212 168974778023783
1.6681310083407173 -0.36294774080123027 -1.8936750190780374 168974798165280
1.7548050996413238 0.30053536204651543 -2.43660749573118 168974818306934
0.999766931275559 0.6518662779184616 -2.444476426272444 168974838448744
-0.1464511034170528 0.48726450670976895 -1.3984766488304552 168974858590344
-1.2472390077336422 -0.008967691507184128 0.923784598904386 168974878731843
-0.8856330030619137 -0.5082361649244973 2.0077044369360086 168974898873444
0.335902777237969 -0.19833697881459678 1.8387807370488072 168974919014212
0.6621914600716252 -0.05608169242667671 0.3531534958890461 168974939155762
0.6521042422760503 0.06276404058990792 -0.3025968321950132 168974959297415
0.3936072219458402 0.13793095903442598 -0.14592268059976066 168974979439017
0.46871878536917233 0.18557670082129185 -0.2748558202610587 168974999580618
0.24958440329533782 0.3529169270632835 0.06068175004115295 168975019722168
0.039950725761270345 0.3156831510256275 0.5643779195641723 168975039863821
-0.024887563922233902 0.261152477851752 0.45637294112008764 168975060005371
0.11977500745596292 0.2915391697814016 -0.17848074866643016 168975080147024
0.3939035020585204 0.3278724491063709 -0.3044423137768941 168975100289460
0.4810407703968165 0.38474668975384674 -0.08615639008401521 168975120430801
0.22865585850495318 0.47420360180307775 0.16923406762028792 168975140572559
-0.1620338092897875 0.2961231353487115 0.27470610175248034 168975160714056
-0.2188482388380799 0.14744538327896883 0.6826921274957343 168975180855918
-0.23131638403921406 0.12459693162317542 0.7843617098090876 168975200997519
-0.1996283025438712 0.15996807264228963 0.3839468873785199 168975221193288
0.290944330621153 0.22607016123883206 0.24054374037156556 168975241280775
0.6101480426219226 0.25738200789731636 -0.14273346473399728 168975261422064
0.11935622706628801 0.29694564538035273 -0.8359885295996978 168975281563717
-0.7158675574094695 0.0820755592730329 -0.5680950228985084 168975301705579
-1.2341198271775757 -0.6337169939878233 0.767997126212443 168975321846973
-1.1351962523670607 -1.212796349096509 2.0272150837824547 168975341988626
-0.8879543651748989 -1.3778176456834572 1.509980074838464 168975362130071
-0.14268771088991894 -1.1133381009217658 -0.26092463153547873 168975382272038
0.8279885031630649 -0.47162751198741226 -1.6845819903846335 168975402413379
1.1633063298742021 0.18442894744132055 -2.2035493813702067 168975422555189
0.5310845170243617 0.3064054626405568 -1.5800514191586652 168975442696738
-0.3467144176305106 -0.041679829106303856 -0.26893615485818234 168975462838235
-0.5213900887919083 -0.3098209140662931 0.9658935565822042 168975482979941
-0.28942652415852654 -0.4100027273467841 1.4967138687032633 168975503121647
-0.1861432701080712 -0.4093742521899273 0.9635209973063605 168975523263040
0.06063128235104309 -0.19620057362694254 -0.044441991217411214 168975543404642
0.2853824672870846 0.08718016609844526 -0.599262089067679 168975563529911
0.07747589570466773 0.15198290241000656 -0.4876616243791432 168975583671669
-0.07161303343626568 0.17416200552175454 -0.3465135768470642 168975603813166
-0.10790077831151246 0.21952979972990327 -0.26767717007140135 168975623954820
0.052314631257039945 0.27357305853392333 -0.0974913454321209 168975644096317
0.25906361906813213 0.3382798335458883 0.05763924787305319 168975664237918
0.2721312663482558 0.31658333949296136 0.11870661314219255 168975684379520
0.23807854823485464 0.37663092940687015 0.28240425535750413 168975704521486
0.0440639128066338 0.4558457591504972 0.5719561191297533 168975724662723
-0.136111174442193 0.5922767049766477 0.6708583523350526 168975744804533
-0.3770285879912545 0.5630547624188189 0.49706265843054176 168975764946447
-0.42442560476800373 0.30768257946630584 0.2942687790881835 168975785087632
0.04875297321684702 0.0957920596667936 0.1902001795205468 168975805229182
0.6534310895109776 0.3530862844521856 0.10537059283518735 168975825370626
1.038955809108782 0.5678572111554985 -0.4636283304193505 168975845512749
0.4915406238495257 0.8156871361118991 -1.4938396760542303 168975865653881
-0.8373827352953795 0.6352035174832693 -1.2430942017808846 168975885795535
-1.8600673210488037 -0.39510867038838526 0.8442453417002924 168975905937502
-1.6397262201202931 -1.1684795144357079 1.8443293788289843 168975926079259
-0.7517223823462347 -1.3387264826423166 0.5991939718131873 168975946221174
0.38996730896676235 -0.9661105806451022 -0.6619045881744503 168975966362775
1.0557970893609099 -0.45485867935983215 -1.3342844127270603 168975986504169
1.023189917582478 -0.14837180676911643 -1.642464151275398 168976006645926
0.3712008598472325 0.2582190584909565 -1.6453678053953182 168976026787319
-0.36195044493471396 0.02221245382401449 -1.0051492247850047 168976046929128
-0.5644504926665213 -0.25223736115953876 0.3860539600157462 168976067070575
-0.2197976988207171 -0.3814773889276317 1.0899710977000971 168976087212072
0.35937912609967637 -0.42579958692335573 0.5705242414413276 168976107352528
0.7551546680672412 -0.3041406461011853 -0.026307657628187986 168976127494390
0.6547951211725431 -0.05643507547469895 -0.1935314776650503 168976147635783
0.46776920240678455 -0.007159779129759514 0.36558497411795976 168976167777228
0.10542874083167764 0.1236178798211931 0.5640255964818679 168976187918829
-0.304231226084658 0.2738088546382045 -0.16488059703325586 168976208060640
-0.11309933633647629 0.2922404430855643 -0.783454770595355 168976228201929
0.37390041374331884 0.5308138388434518 -0.8778746563200341 168976248343582
0.4002922059946552 0.5952809538872614 -0.5696947445872773 168976268485184
0.016828003076974296 0.4319010326410595 0.1695249660489282 168976288628608
0.04343066418032948 0.3151619393940983 0.7800413595578926 168976308769742
0.35062587900051345 0.40962466870277936 0.6470677556150641 168976328912905
0.13797140632541094 0.5333882115247235 0.17301309121080166 168976349054455
-0.24290656634592112 0.5232437723447791 0.04479475031239133 168976369196525
-0.09577788979548685 0.432950486625824 0.297041854937413 168976389336043
0.08642700456986052 0.23979300648815993 0.5162345581686805 168976409477541
-0.3351186502503616 0.14448333097177724 0.6340569824724445 168976429619194
0.5402424821434608 0.2949689889961711 0.5930366016029556 168976449760796
0.7893350989960186 0.5180430622906869 -0.46805118746763563 168976469902709
0.04817950497806489 0.8095394303012995 -1.3290063796616085 168976490042853
-1.188238622580048 0.16390351689729066 -0.31246047482303707 168976510184506
-1.9896167769702886 -1.239604725544666 1.6905833779540704 168976530325952
-1.2620303356387312 -2.055770694498232 2.6284920929882567 168976550467762
0.3183054189890151 -2.028100442317335 1.6986676978281054 168976570609207
1.5065974601912122 -1.4659007640101187 -0.25965715033126546 168976590750914
1.88528285096547 -0.4152377010518453 -1.8394273804212626 168976610892410
1.119713097178626 0.3172727297835234 -2.2382045019932604 168976631034168
-0.2088926081945992 0.44639630882681836 -1.4570797148758583 168976651176915
-1.3386106685869295 5.130431552053949E-4 -0.19658418205693673 168976671322319
-1.2654319919007935 -0.27004854985083604 1.3125690801357006 168976691460118
-0.5288983278956347 -0.3706897187869185 1.8065982328585606 168976711601825
-0.05784766622275783 -0.2682436695607855 1.0110500706618484 168976731743270
-0.03833135563445622 -0.017658900492378393 -0.4027566231580213 168976751885028
-0.05971781888256489 0.22284797726234729 -1.3841803961826673 168976772026525
0.16593424098769827 0.22786334274737818 -1.228267168508634 168976792168074
0.18538411154015866 0.08710024451040255 -0.26281393011940724 168976812309884
-0.026851402174123074 0.08230226592082168 0.2537747348107242 168976832452163
-0.14932536002054864 0.230661148674157 0.17229469019232946 168976852593244
2.5406745231104644E-4 0.35211925097057595 0.09119268574761374 168976872734377
0.2854449531805989 0.4344908109327097 -0.14434321468315892 168976892876135
0.37901514223197896 0.5060887424961678 -0.1212362904965274 168976913017892
0.17761396925433304 0.4984012674344349 0.31726878010277826 168976933159286
-0.12203235975278348 0.5106228694162986 0.5297183443947224 168976953299898
-0.3812196378022268 0.5093405806892886 0.48501735129702794 168976973441447
-0.42730237039803143 0.4368914098639305 0.2764782365063727 168976993583257
-0.30227890803717505 0.22445209273489475 0.197183565767598 168977013724545
0.16606261575775982 0.2671471234066658 0.24676052448907848 168977033867293
0.952124994949958 0.43040471044408335 -0.19532839681498704 168977054008739
0.8181331014287165 0.6947998425740174 -1.0234502174519897 168977074150444
-0.2930276985445268 0.6859302060904646 -1.1356913263053419 168977094294494
-1.5901960846168715 -0.311241186690129 0.2665812162994765 168977114433022
-1.7833629223809973 -1.2501037891958529 1.9486897777270813 168977134574520
-1.0689632871235477 -1.6567236563566823 1.725480142494165 168977154716329
-0.13233127423008817 -1.5111455266478462 0.08648762962033185 168977174857827
1.0023869337409295 -0.8968558744432773 -1.2663201502099848 168977194999116
1.8060355235552437 -0.04287532455462184 -2.012982877980488 168977215140769
1.424320606344195 0.8070937833250529 -2.1229839586343906 168977235283726
-0.23897369070589392 0.9121056907225427 -1.6733383387825127 168977255424806
-1.5549851049084653 0.2680146307030338 -0.3854236007135101 168977275566565
-1.4234192362705222 -0.11874259231257334 1.629087877241692 168977295707071
-0.2018091194851679 -0.3430409488500583 1.9459460830433537 168977315849923
0.7441313176931157 -0.43460121611129665 0.7540591125284326 168977335991524
1.0940599369669926 -0.23840362913903768 -0.4505735107585038 168977356133334
1.0836585941048442 0.00892309278252057 -0.8032932812630529 168977376273323
0.5650836135651254 0.0081760718822661 -0.1959427304791923 168977396415392
0.07654198850835026 -0.035097326087937475 0.15236446796039615 168977416556578
0.14344794627543012 0.13245680709840002 0.026078586087066924 168977436698438
0.38521734139534414 0.28125841442872 -0.3883168186303463 168977456839624
0.3090894004600253 0.25249696591797566 -0.41873450959177694 168977476981486
0.14210794614927025 0.10254688914063159 0.08948748998282818 168977497122879
0.0719993452006662 0.07156387850000456 0.6165240740175126 168977517264794
0.2706609995980329 0.10780041920625294 0.76126125140151 168977537407384
-0.03480176672782376 0.292026468177502 0.4260988448712082 168977557548934
-0.32997764385100914 0.45187068626075266 0.021030443084466555 168977577690639
-0.40072527914330736 0.3947973302586014 0.5205841200925732 168977597832293
-0.1836051256583957 0.2635673563943808 0.7171020616990584 168977617972801
0.3885773252545335 0.4508441194905046 0.29567871967174675 168977638118517
0.6812720164536268 0.4502749049674044 -0.2290454031688527 168977658255691
0.6105937850379015 0.5123317403801728 -0.6465297795663321 168977678397241
0.2643539342803213 0.38980923996038896 -0.5613766556843158 168977698538947
-0.8089636299194931 -0.3238093463129381 0.05902855826504716 168977718680652
-1.5206572320605947 -1.0582173989253505 1.2188659130182877 168977738822151
-1.402036039554726 -1.5501872003902815 2.1820385311958805 168977758963647
-0.054685472268780844 -1.3082283735934759 1.3582162741754544 168977779105353
0.9004410753099754 -0.5242194176247814 -0.5415031525346361 168977799247839
1.0273474891542305 0.2223603057439245 -2.010814826715209 168977819388609
0.41316217101088437 0.4699780883451403 -1.9083344785596674 168977839534846
-0.23459477491004255 0.10939311520736261 -0.6269605515977337 168977859673061
-0.8333057027405342 -0.37310562502161027 0.8126405430968133 168977879814455
-0.7211733707861774 -0.5648785429860386 1.422353645414951 168977899956264
-0.12635275912894195 -0.41568457267008085 0.7752974671132105 168977920097762
0.13652765597809635 -0.14071416204231468 -0.37801642084068154 168977940239311
0.06309175368872721 0.10039253755364896 -0.9400962421412955 168977960380965
-0.09223899939276814 0.1283364909804181 -0.6946673257442866 168977980522514
-0.025280457326714467 0.022114993565583774 0.005667506592070826 168978000664273
-0.19758032289262162 0.08199863547746666 0.19668488417990693 168978020805718
-0.33642119190784725 0.12845291228822298 0.08536304406267581 168978040947528
0.1837316988174722 0.2281285407680791 0.025077544625140558 168978061089130
0.4736577223352276 0.5298050787082129 0.003460473200112446 168978081230834
-0.12010946666306799 0.6225623246853207 0.19528546840383987 168978101372176
-0.7084166748929546 0.5085356995920076 0.5880154840980718 168978121513777
-0.8647435938206138 0.20049311045485574 0.5836081880597073 168978141655379
-0.42989301958774107 -0.17092875382361505 0.1704632106040158 168978161797033
0.5741397835485573 0.0724610985036076 -0.7971621463605376 168978181938478
1.704502256526346 0.6725929022403854 -1.32483909208843 168978202080288
1.9026032700648268 0.7832891655423087 -0.8610187346082441 168978222221733
0.7331055652706115 0.5693437347775969 -0.38228422596784517 168978242363700
-0.7583885946585107 0.49274305422832754 -0.7940598026492762 168978262505092
-1.6249359733830588 0.21013682619516239 0.012249716474328931 168978282646486
-1.4039282708939473 -0.419512609356369 1.4105688161482135 168978302788296
-0.5239238667151578 -0.9115622359225952 1.843396459168571 168978322929637
-0.2573104800908763 -1.1195085778005769 0.8661234173348564 168978343071395
-0.07823607938520105 -0.7776625263029615 -0.5323454067571145 168978363213049
0.6179409216480893 -0.26148548979236885 -1.399106305874442 168978383354546
1.1530075224747214 0.05159041675985421 -1.5040628767308037 168978403496199
0.9929016234485271 0.275207880282883 -0.9738435631033933 168978423637697
0.14124512688382174 0.3024294878200564 -0.5238258270452145 168978443779402
-0.6637739180241926 0.2782473011935451 -0.2629815600736718 168978463919806
-0.876905364888104 0.1805202042360854 0.0612089902223123 168978484061357
-0.1980941161292331 -0.08922641473613169 0.12375967264659993 168978504203009
0.49890996100286356 -0.21134695210140464 0.10976213264852985 168978524344611
0.7007759180210409 -0.2644755108998744 -0.09716343841242603 168978544486108
0.6417852851980828 -0.20839437356364954 -0.24549198119869065 168978564627814
0.37041065003346607 -0.08016764728841963 -0.32735061620895256 168978584769571
-0.0457735307544771 0.08540201498176359 -0.26229553202966205 168978604911069
-0.15264665663483168 0.17073860417291087 -0.15528320296747955 168978625052514
-0.022471329214115432 0.21677887161957798 -0.16609667956148355 168978645194221
-0.09640723915254235 0.2443215347956631 -0.02720107411793693 168978665337021
-0.11815362335328383 0.1648175793990312 0.29728210945565037 168978685478517
0.09506450366112285 0.1162656846129746 0.4927817422520202 168978705620432
0.34051693496014845 0.1325999500341304 0.1142205109891159 168978725761928
0.2259657940618689 0.21082849518355395 -0.30265435292745746 168978745903426
0.01618523290574503 0.27894111645934316 0.022695853595534166 168978766045027
-0.06285747773790407 0.16294781504247347 0.6618212336576774 168978786186577
-0.15487582594032312 0.15098813484647877 0.8016493697386418 168978806328283
-0.15307546543975836 0.21195261725218373 0.24515250360341367 168978826469728
0.17340144405444313 0.31582674223924734 -0.04897077055476906 168978846611643
0.4295414677435545 0.09848658910389751 -0.01890073753756516 168978866753035
0.7118948929448436 0.06331075565811872 -0.08534764081130186 168978886894533
0.39091484013712496 -0.0019026650047546667 0.13817940688220842 168978907036238
-0.19221197554655012 -0.14576041325380373 0.5406582715995167 168978927177789
-0.6278296390309901 -0.2951849907592923 1.1029856016546136 168978947319545
-1.041985390912292 -0.3003203558886849 0.8937043992924414 168978967461252
-1.0242499338235835 -0.38040521049219755 0.3180274842777031 168978987603010
-0.09519340409011678 -0.5429472152687573 -0.008187875859087868 168979007744507
0.6441821907904066 -0.5601268151837555 -0.032990730374770294 168979027886056
0.8661636237260755 -0.47261317089700405 0.039842767262683765 168979048027866
0.24600707085586038 -0.28718477499885253 -0.11081377447110308 168979068169364
-0.5650961987840617 -0.04959645281158309 -0.3364903750456323 168979088310809
-0.9285784238709995 0.11678035728198388 -0.4762235500365062 168979108452515
-0.9202064890967998 0.03979879754433746 -0.042514484560455035 168979128594013
-0.4174884334649398 -0.12055354008952968 0.38595911547663597 168979148735717
-0.08717678192820166 -0.18842281254037374 0.6157619212875591 168979168877372
-0.13999289038631124 -0.08934908987604828 0.08778775968629704 168979189018973
0.013542797065951184 -0.02166237736958898 -0.46978444068846237 168979209160836
0.25269214780901095 -0.02054035111442154 -0.6152318494257702 168979229301916
0.4780814526222088 -0.05389565979778688 -0.04039104594686593 168979249443986
0.26778010350401704 0.034446948724271564 0.606102690586257 168979269585223
-0.10799271407178646 0.16500873085441725 0.7543523673127552 168979289727137
-0.030449347038679075 0.1277833518710345 0.13608687431895428 168979309868635
0.43141444815030683 0.07039074399682832 -0.6475269849198368 168979330010028
0.5636618319577456 -0.148765529802537 -0.2614908262171194 168979350151890
0.4110979225974465 -0.28732297071702995 0.9451896632450545 168979370293231
0.49032853339045723 -0.2584472437611236 1.001036984502294 168979390434937
0.46543177202486574 -0.24562498250889853 0.29219921650808534 168979410576537
0.25341231215114246 -0.3250278180383699 0.28711630680021827 168979430718088
0.018769888783414013 -0.46472196146194555 0.7163141391901746 168979450859898
-0.07617061241076883 -0.47269309651330715 1.0429243582271397 168979471001290
-0.415147915709865 -0.3975514498668957 1.171961556894212 168979491142945
-0.41269694584914207 0.0057747580752334216 1.3202840892653693 168979511284702
0.5988585566019364 0.477800958803936 0.9894792245372956 168979531427345
0.6052098921565492 0.19853715376189918 -0.08678576099516278 168979551568842
-0.3774898011185106 -0.1993734019904796 -0.8120433548898802 168979571710444
-1.2691915479260585 -0.5595109286236344 -0.053174722974404176 168979591850899
-1.1275602695908469 -1.1661146022739075 1.0054338544329768 168979611992606
-0.08905993442267746 -1.147198322444126 1.1190077280776318 168979632134259
0.505961525118108 -0.4836888337365508 0.3668004207433553 168979652275965
0.2400841615007363 -0.2118656177704903 -0.11619101106156648 168979672417515
-0.04985161611191091 -0.16109405671639276 -0.17760857056800283 168979692559428
-0.20268646867077877 -0.22836255006061457 -0.02150580176690209 168979712699155
-0.401150639780373 -0.29603232520474165 0.051960397648977974 168979732840808
-0.6683448282305484 -0.25368377032004297 0.05134615015043309 168979752982307
-0.7642534993031891 -0.18173119594353437 0.3900881505890972 168979773123908
-0.39643697913005127 -0.20368573800482803 0.8709572392212781 168979793266864
-0.001964036429041194 -0.22895200837261243 1.0741583695020225 168979813408361
0.008414122419266867 -0.04184080591684047 0.31795706669536816 168979833548661
-0.18434536222083642 0.23965967948527744 -0.6949995810187062 168979853690315
-0.15159005930791913 0.2350504974944716 -0.6975768132524651 168979873831967
0.14828361661616452 0.02541832768307728 0.15163093221052826 168979893973413
0.09924212766793161 -0.24959941988478818 0.534109921549673 168979914115118
-0.032129735365654444 0.11987612815466964 -0.6503487815102611 168979934256773
-0.41532781173002364 0.44653566814873535 -0.8823151580207087 168979954399156
-0.15010892907151874 0.2850971868627381 0.27296867436468286 168979974540497
0.2785212551802849 -0.10528406691605952 0.8292758183979965 168979994681578
0.28744102758172785 -0.31788203868909726 0.7130666508121477 168980014823126
