-0.6448486328125 7.61942138671875 0.1442138671875 168894815857488
-0.2840917968750001 6.070573730468751 0.24870849609375 168894835999141
-0.11830126953125009 4.798915039062501 0.36055126953125005 168894856140691
-0.17081289062500005 3.7821129882812503 0.4516124023437501 168894876282241
-0.13376945312500005 3.098847128906251 0.5198958789062501 168894896423842
-0.4869227890625001 2.527966863281251 0.35600459375000004 168894916565444
-0.5797970203125001 1.9883891156250009 0.3047743781250001 168894936706993
-0.22439669828125008 1.4966683237500007 0.30616081109375004 168894956848595
0.25651779762499993 1.0386554597812516 0.3740180043437501 168894976990196
0.38381531231875 0.7626382350125009 0.08057426675625001 168894997131850
-0.0865634728012501 0.6638459395725 -0.18969097722000006 168895017273400
-0.3009646454285001 0.4721289977517493 -0.35327866068225 168895037415001
-0.08407005618655017 0.47367487788890017 -0.13075525276455002 168895057556655
-0.01708514651174009 0.4812714452798694 0.36734403997586007 168895077698204
-0.14121938674064216 0.5712964530988955 0.3783112671369381 168895097839806
-0.1399286343925138 0.4986753460728668 0.21021737308455046 168895117981407
-0.4024824582952611 0.47059555029579414 0.11395026565514033 168895138123009
-0.21895862288620882 0.32723327617413567 0.1533794508053623 168895158264610
0.11894931262853292 0.17926708968930782 0.45298920517553976 168895178406212
0.03221999697782629 0.062273535032696614 0.21170777039043176 168895198547814
-0.12323523288648897 0.031630351463658 -0.19042382275015468 168895218689363
0.2611286105658088 0.11945711320217711 -0.47732685116887374 168895238831017
0.18091216579639702 0.059750260874240624 -0.36958120749759893 168895258972618
0.13535473263711761 0.0714818493243925 -0.1941512941230792 168895279114220
-0.11559316701530586 0.006782647428263289 0.2019543553265366 168895299255821
-0.23587052970599476 0.022772309348860986 0.2808994217612293 168895319397528
-0.049328747983545806 0.0476367927915895 0.07463408819023343 168895339539025
0.02284168911316342 0.1051504498582716 -0.1830661669478133 168895359680678
-0.13098201980321922 0.07911547707411692 -0.11567900777700069 168895379822228
0.0020625286886746252 0.016246483221793895 0.2108381414346494 168895399963881
0.09054162451343972 -0.08182703217256382 0.4911802787727195 168895420105484
0.008383006642001867 -0.0711378952693007 0.21374500426817566 168895440247084
0.04680650296985145 -0.03197135137169127 -0.3376343676792095 168895460388634
0.2502625851883812 -0.02267180765985266 -0.5732691152371177 168895480530287
0.10926768533820497 0.019826421059617516 -0.7956758390646941 168895500671889
-0.042847082198186115 -0.024202339714806342 -0.42955824937675535 168895520813491
-0.06723665013354896 -0.044020074896845784 0.3068294747173458 168895540955092
-0.02222193729433919 -0.07321654819872592 0.4103927789926267 168895561096694
0.12343338766452872 0.0082236364410182 0.21762086381910128 168895581238295
0.14387610466287293 0.051158987277814205 -0.027905262069718995 168895601379793
0.11866533685529834 0.023996037478500654 -0.24767821356202524 168895621521446
0.057114886671738585 0.007221732326550878 -0.10082811772462019 168895641663153
0.004261245274890912 -0.07659566101375859 0.2664688534765538 168895661804546
0.09188555871991277 -0.12875699756100722 0.41411502418749313 168895681946095
0.24626235322593026 -0.14526634023630614 0.3342705349749946 168895702087644
0.10759337867449426 -0.1381246932827942 0.27663273657374576 168895722229767
0.024368159970845404 -0.07441577025123536 0.36777835722774666 168895742371264
0.21101064125792635 -0.007884666982238997 0.21521877953219737 168895762512761
0.3347631028500911 0.03655115313295809 -0.0660696052804921 168895782654363
0.4210331385300729 0.13882344203761576 0.042603300150606316 168895802795964
0.20739535848030832 0.3211417614425933 0.09815734715173496 168895822937618
0.058738552409246664 0.4286175107165757 -0.02307324337236194 168895843079325
0.08615099817739733 0.3387680320107602 0.3623275381146105 168895863220769
-0.09938974833308217 0.1749450896711089 0.6922424015854385 168895883362372
-0.35657478694771577 -0.010593244669362178 0.6103735111121007 168895903504024
-0.012847720183172595 -0.14154344339173974 0.15568162138968056 168895923645522
0.48730483166596195 -0.1573631726821425 -0.3772613435132557 168895943787071
0.3864503106452696 -0.22398624127071365 -0.3837304615293544 168895963929037
0.16622811960996567 -0.2648091102040713 0.11734424405776656 168895984070327
-0.023438402749527465 -0.24229162410075666 0.4168856491524635 168896004212188
-0.10321117141837197 -0.18946318209310498 0.21406271854072068 168896024353947
-0.008691984009697576 -0.013228260518234336 -0.23342511813617328 168896044495600
-0.20874802080150806 0.14538662986666218 -0.5556731999776887 168896064637202
-0.4744569127349565 0.25783762420583045 -0.37239500529465097 168896084778543
-0.2775147489379652 0.27086970873966365 0.2944790152955292 168896104920666
-0.1512476389941222 0.24840963417923057 0.7996090911426736 168896125061954
-0.14354449791404778 0.5330782932808837 0.41880104244538874 168896145203295
-0.31643471942498824 0.8460182986872073 -0.16836492776243905 168896165345158
-0.5496321505399906 1.1660968655122659 -0.027404344553701332 168896185486550
-0.8591149001194925 1.2806313986598123 0.4343265243570389 168896205628309
-1.206151783376844 1.1405207439278513 1.1893435437043811 168896225769806
-0.35931839935772514 0.7890889584235321 1.451120831057255 168896245911460
0.7919886398888198 0.5797330808013257 0.4055011570333038 168896266053217
0.2956148376923059 0.7909593162035602 -1.2883920431233569 168896286194663
-0.13122053218990537 0.6066810271815992 -1.3645759391861856 168896306336316
-1.0853353124706744 -0.07052676028597205 0.10118592833855145 168896326477814
-2.0178043827890395 -0.781592306666278 1.4705605590770912 168896346619415
-1.4075052249812319 -1.6132987476767724 1.6232257910116732 168896366761225
0.6299894723587645 -1.8181170254851668 0.025973210934338464 168896386902566
1.0457030036682617 -1.6795180344506342 -2.1203835406275293 168896407044428
0.7913353521533595 -1.394114915841758 -2.974553902814524 168896427185769
0.5655389848476875 -1.4660487686109072 -1.530741755064119 168896447328516
0.15553177381564987 -1.5640865734824754 0.07413706469870496 168896467469441
0.32872229405251985 -1.328832735348481 0.241450765040214 168896487610523
0.2463762727420158 -0.8642624773412848 -0.9494663410928288 168896507752436
0.17263812756861263 -0.6148352748417771 -1.343105787718013 168896527893882
0.1806642129923901 -0.6460186104984214 -0.6819065051744104 168896548035899
0.17016613601891217 -0.7299496540237369 0.10123993257922165 168896568177449
0.36132822131512976 -0.7417233950939899 0.8191145046571273 168896588318529
0.5530152137708539 -0.40941875513769155 0.38457627169445185 168896608460496
0.5148486944541832 0.1444132380773464 -0.46057628733193856 168896628601994
0.2641372563445966 0.550918774055627 -0.3612832954905508 168896648743439
-0.05662232383057275 0.9208497653382519 0.3183097893888094 168896668884989
-0.35666260515820825 1.1922340114893508 0.7869964643235475 168896689026954
-0.32710254506406666 1.4445464865352307 0.336970218333838 168896709168296
-0.06898184073875324 1.6441747868844345 -0.8448281222079297 168896729309897
0.17090095319024734 1.6704667826325483 -1.2083942360475937 168896749451394
0.0812398055209479 1.662398816731038 -0.314176326338075 168896769593047
-0.20513755011449164 1.720910264322331 0.8807146029920401 168896789734650
-0.5203478330603433 1.8362496958328638 1.500287014424882 168896809876512
-0.43943500472952457 1.8114191902600414 1.2627540256024057 168896830017749
0.28965072668513037 1.6101827154892838 1.0324566384506746 168896850159454
0.7242620852543543 1.4534293755164285 0.7576669709167896 168896870301056
-0.11058056617151657 1.2813470160381417 0.02681228767093158 168896890442658
-1.7616944334059634 0.5909223393930141 0.22649133404299526 168896910584414
-2.027202226412271 -0.7156654487980898 2.1244547859843963 168896930726173
-0.5719815076923167 -1.8204937848197211 2.7783235944125173 168896950867463
0.5161086415023965 -2.246543953637026 0.8457057505300138 168896971009220
0.6070763663269174 -2.1901184636908706 -1.3149759269197387 168896991150665
0.32832466728028376 -2.1824048295464475 -2.2254792766920413 168897011292318
0.30965680413672714 -2.3672617542621595 -1.764563108853633 168897031433869
0.6940633339343818 -2.531797684659727 -1.0584888659891565 168897051575418
0.7706437335537555 -2.4674913703840318 -0.8173599404475753 168897071717175
0.44898568996800436 -2.0340394830259747 -1.0384582648580603 168897091858568
0.3253262472869035 -1.5062843207957801 -1.2979785259489482 168897112000483
0.23438209157952283 -1.229063101167874 -0.07262354341540855 168897132141929
0.2261897552948683 -1.048106437965549 1.4730901301114234 168897152283425
0.40788051517339463 -0.7066003847474391 1.0518973970578889 168897172425132
0.48692452932621566 -0.16752640154795184 -0.546055324541189 168897192566577
0.2042246820547225 0.228454464699138 -0.8152744354142012 168897212708335
-0.10089027388747196 0.5014159155093108 0.15457976807488905 168897232849884
-0.09566583239122761 0.9589208183449491 0.6706242636786612 168897252990600
0.08258598643076787 1.5432108734259593 0.2305423796929289 168897273132359
0.3100141016446143 1.9072127417095182 -0.06372283452690697 168897293273959
0.24763286334694146 2.118494802742614 -0.007191646527775486 168897313415717
0.037083341458803154 2.2418539476628414 1.2604820343402796 168897333557423
-0.4033899674579575 2.3138811073490224 2.025914924347224 168897353699546
-1.027606993497616 2.3064759796292194 1.0621137754152792 168897373840990
-0.8089142080793428 2.3266016821408755 -0.18873671404277692 168897393983113
-0.38581544849472427 1.93795370899395 -0.19991515248422154 168897414124454
-0.22934327676452937 1.3821866976639114 0.04153272176262268 168897434266003
0.41029979265087657 1.0277342214123788 0.28495957584759823 168897454407658
-0.7364086033792987 0.6758372794736545 -0.10201280807192159 168897474549415
-2.406997976453439 0.15594081967267215 -0.8783997972387874 168897494690288
-1.7296267014752513 -0.8060090630118619 -0.3784766737285299 168897514831888
0.41551738881979894 -1.5925733636907395 0.09278750867342622 168897534973127
1.0221966258995892 -1.7670152339213416 -0.8136972391550092 168897555115873
0.42253024993842137 -1.6942884566683247 -2.2224177522615074 168897575256329
-0.5575446477055128 -1.946544046584659 -1.4889693580592058 168897595398035
0.15746769980433983 -2.2232020341427283 -0.36931269347861484 168897615539480
0.5561987692184718 -2.2540254945016827 0.27527738427960813 168897635681082
0.6625737614685274 -2.0853370948200958 0.09364720039243657 168897655822683
0.6128837162060721 -1.6644854961685773 -0.46526778656105083 168897675964389
0.11444027374610766 -1.1673549984973626 -1.0404759479988408 168897696106355
-0.03979543725311396 -0.8677951316103902 -0.7229325162115726 168897716247540
0.15296589629125878 -0.859665792788312 0.3004503737494919 168897736389350
0.5859835568767569 -0.8198859545431496 1.0599647911870935 168897756530640
0.34847434550140544 -0.39194391988452004 0.23055239935592486 168897776672450
0.30243670296362435 0.20860062581113326 -0.9280580805152602 168897796814050
0.35861196002714946 0.8389019850239068 -0.9987697065997082 168897816955600
0.05950919692796952 1.2789585020816254 0.06419224253273345 168897837097201
0.17155755285487562 1.5743508836965505 0.6383655127761868 168897857238699
0.37036371806515056 1.9435993593009897 0.2704336211584495 168897877380352
0.06916695101462045 2.2006680616595418 -0.32488845463574045 168897897523100
0.19793609987419636 2.2448972422963838 0.2859632597289077 168897917664234
-0.002161374006892869 2.183210274305857 1.1828843773143762 168897937805574
-0.42075986092426443 2.1308943913196856 1.740301642476501 168897957947332
-0.09437156061441154 2.1544835794619974 1.2712208061687007 168897978089350
0.3815828296334708 2.114224070600848 -0.11415128475253944 168897998230796
0.2716969277692767 1.9135960533556773 -0.7247805004582817 168898018372345
-0.6629281023158287 1.4083914911220425 0.7531589980708748 168898038514051
-1.842207716227663 0.4320598725851337 3.37670932736295 168898058655495
-2.3537710557946303 -0.8003481956818934 4.07677029392161 168898078797045
-1.0050017079169544 -1.9123244549830147 1.9655300046685387 168898098938803
0.8612208016351866 -2.451160833517662 -1.0788577345464194 168898119080248
1.2917720514643993 -2.4584140183766294 -2.9542360899808857 168898139222111
0.7222237935152696 -2.566950941263805 -2.381919145422209 168898159363972
0.3039997379372157 -2.8350304795735433 -0.970208167900267 168898179505157
0.3634268411310224 -2.8866401063150846 -0.3450019835389635 168898199646811
0.550177508061068 -2.585544995208318 -0.40128234854992084 168898219788725
0.38886026816760433 -2.0935702735104043 -0.9131401366524368 168898239930066
0.16318782390908348 -1.6685329766208232 -1.0654242186969496 168898260072084
0.3489828763147669 -1.4253659320779093 -0.34828664058255976 168898280213478
0.5476555393330635 -1.1259861050373274 0.3645103359714523 168898300354766
0.26487003693520095 -0.5557327316861125 0.131891471902162 168898320496264
-0.06980563060808931 0.13928832636985966 -0.7650434631032703 168898340637918
-0.2284519263614715 0.5686450165646377 -0.8070665087638663 168898360779676
-0.33411652155792715 0.7282680640329602 0.371058218770157 168898380921276
-0.5121540570900918 1.0308322246638681 1.3553426687661256 168898401063087
-0.08156162457832339 1.5608718344185952 0.8384855607941506 168898421204376
0.5357516768998414 2.0469884831598764 -0.4173096958959295 168898441347071
0.7852907946448732 2.308184048246652 -0.5776465848417436 168898461487788
0.3042214052471486 2.3631488010973207 0.674711345407855 168898481629232
-0.6732244383022812 2.4427285135341066 1.8887314786700342 168898501770834
-0.44769820298557494 2.583308787389786 1.0767200462172775 168898521912280
0.01580383995529 2.5519741783493277 -0.26342865052617803 168898542053934
-0.04123876397326798 2.257460690335712 -0.29061352588969225 168898562195691
-0.33169706586611447 1.7033196264873194 0.430167870694496 168898582337137
-0.49334837534914167 1.0444916386898555 1.039349140305597 168898602478843
-0.6240366104355635 0.4008276859518851 0.9740940583382276 168898622620444
-1.586753702410951 -0.4785199801447426 0.9852200708893322 168898642762202
-2.315203743178761 -1.5256626638032955 0.8502243965552156 168898662903595
-0.584902252355509 -2.2504129435426368 0.08308479068167252 168898683045144
1.188157299678093 -2.296753694677859 -1.9855219135484123 168898703186954
0.8992929295862244 -1.752759401054787 -4.3278340347449795 168898723328452
0.2500129569502296 -1.7741069349063299 -3.3525748449834842 168898743470002
-0.19358094303356643 -2.0931258799563146 -0.6650798955180374 168898763612228
0.34380467916689694 -2.082752657090051 0.4977334468668202 168898783753674
0.6693064386460177 -1.6897128678595408 -0.43572437531904384 168898803895535
0.4519124360730642 -1.2362429505376333 -1.6107010822864851 168898824037033
0.45271647229595136 -0.9717946533988568 -1.016844557235438 168898844178686
-0.06214322841323905 -0.9327579883440862 0.3719491588991495 168898864320235
0.08065651101940863 -0.8606717227065195 0.9542854013380696 168898884461525
0.663267884596777 -0.4218259523839656 -0.23658388596079433 168898904603439
0.4453237803336716 0.06987566387407806 -0.6196870306436355 168898924744728
-0.07547925698306268 0.38672328500551245 0.36108631298509164 168898944885704
-0.4263868235552002 0.5403112451919103 1.2064837964818234 168898965027983
0.05781632240583989 0.7908549531847786 1.0473403574979587 168898985169740
0.840149542299672 1.2284847437978232 0.617657442248367 168899005311863
0.6578129932147376 1.72260713097576 -0.04310549151380638 168899025453047
0.5378592812905401 2.0289768180618584 -0.0711543150860452 168899045594389
0.29455744456368205 2.4198123138244867 1.502390512774914 168899065736303
-0.45449076309905445 2.8933571752783394 1.7708821367824312 168899085877540
-1.0643250323542437 2.8733405253789215 0.511615377394695 168899106019506
-0.861982486820895 2.194729549209388 0.5303738448845061 168899126161160
0.20660541679328404 1.272018990930011 1.0080026891888547 168899146302606
1.4542980053096273 0.5297489818065095 0.7686702177573341 168899166444154
0.7088485604977018 0.3221634432577076 -0.1950125562628826 168899186585600
-1.7205554289455887 0.22367313741866646 -0.8830486192290561 168899206727202
-2.425296882218971 -0.6639325838150683 0.1905581749292553 168899226868907
-0.9735627010876771 -1.926898020177056 1.6778737860371544 168899247010457
0.5621532570986085 -2.7662010333291445 1.3157975639859734 168899267151954
0.9736850080226369 -2.7080169790070645 -0.4396837261549713 168899287293765
0.8996999595431097 -2.1303173917994016 -1.9254896567052273 168899307435157
0.34908125669698764 -1.9957822337520206 -1.496959108176682 168899327577019
-0.0325758149549098 -2.022553521376617 0.11420029158365441 168899347718777
-0.513316511338928 -2.001905121788793 0.9910428504544235 168899367860431
-0.3066981309461425 -1.7606915778997845 0.4415647491135388 168899388001721
0.04906288196183595 -1.2755576568510776 -0.6964674389904189 168899408143218
0.07985089150696867 -0.8595452465746121 -1.0333946543173351 168899428283830
0.13578012726807498 -0.6109394199159395 -0.5670843757976183 168899448425535
0.01881697290821016 -0.3828921609327516 -0.06724171938809476 168899468568699
-0.075022105267182 -0.14431421702745162 0.28502498386452424 168899488709727
0.058610245473754485 0.21156278653428817 0.07229488943536921 168899508851694
0.16346534481650354 0.6468137057899304 -0.3081797134517048 168899528992983
0.3483137797594529 1.083027136506944 -0.376609688730114 168899549135886
0.24626576990131221 1.5475984670180551 0.09695443651590896 168899569277280
-0.27964754032895023 1.9809254533019445 0.9687866937439773 168899589419038
-1.0045163721069104 2.4079459290478056 1.4187061128076817 168899609558192
-1.1503538203417785 2.570106743238245 1.5548257300898953 168899629699636
-0.4768382320546727 2.352044867246846 1.4294440801656663 168899649841291
0.18904943388751194 2.297712553953726 0.388660244601283 168899669982839
0.45537773070375964 2.4981065666004802 -0.8191133082252238 168899690124598
-0.5489180302807424 2.504161522811634 -0.9503467989239289 168899710265991
-1.8436510257870937 1.8528653510618085 0.2481087913296065 168899730408009
-2.096002363598425 0.47924052303694786 1.6539191619699354 168899750549611
-1.4619093127537401 -0.9997496714141931 1.7845855248884481 168899770691264
0.16949842870325815 -2.027289971506354 0.26577877147325824 168899790832501
1.6009307742126069 -2.482024848298833 -1.7165517875088936 168899810974154
1.9090161037450857 -2.3495481012953157 -3.185179906569615 168899831115704
1.4366367111210685 -2.118981742755002 -3.558226933068192 168899851257306
0.6840627868656048 -2.1164256285790017 -2.3580805698920537 168899871398907
0.035006577148733786 -2.1417855223944517 -0.7430928738823932 168899891542072
0.12057117968773712 -1.9277594726030607 0.10137531026908542 168899911683517
0.6293671000001899 -1.6063677343324487 -0.47868979084723173 168899931823712
0.8062036409376521 -1.2486195780909588 -1.0676075943965355 168899951965730
0.5558759986876218 -1.0515812093477663 -0.0640225989547284 168899972108739
-0.07756482604990267 -0.9489309831032138 1.8358668817737174 168899992249610
-0.734219829589922 -0.5486345325763207 2.4010055171377243 168900012391316
-0.5727884613281877 0.06676864347019418 0.5839025582414294 168900032532866
0.06122723874994973 0.501498410869905 -1.3400190666881067 168900052674624
0.29877427146870983 0.5310693341646742 -1.0258604681942354 168900072816485
0.37838709295621786 0.4052509751442397 0.07634531685086166 168900092957618
0.36982393217747433 0.7098453113653918 0.31907185894943924 168900113099376
0.7738254543357295 1.3180349404985634 -0.5512366534654486 168900133240821
0.7527761837810836 1.9746183820863514 -0.9134014321473589 168900153382527
-0.011475342037633118 2.3981029087940815 -0.5545370636866372 168900173523087
-0.5569463869113565 2.5696175809415145 0.8792951537381903 168900193665001
-0.8159794728103351 2.6604548069407112 1.2078062401780523 168900213806082
-0.9309574063732682 2.715375564302569 1.0939183319861918 168900233948100
-0.36300322978611455 2.495933263942055 0.7580082007452034 168900254089233
0.25682642007735823 1.9391294236536432 0.6858499199711627 168900274230938
-0.2744460905006134 1.2248997303291649 0.9860578656644305 168900294373686
-1.733253161462991 -0.1139400790179188 1.1807286167502946 168900314515027
-1.7912289940141428 -1.6386862429018354 1.9240384598064857 168900334657098
0.5727052813511859 -2.6010612990089683 1.1041111389389382 168900354798855
1.6375099282059489 -2.826332437644675 -0.7796261279113494 168900374940301
0.9151593097522592 -2.13943509074074 -2.5671823476415794 168900395081903
-0.7893203061044427 -1.6624269788425927 -1.1031965617070136 168900415223452
-0.8697985300398043 -1.774228692449073 1.3739368912593894 168900435364845
-0.3563368709068433 -1.7269879344280081 1.4742715833200117 168900455506498
0.29873177280577545 -1.6968735506674069 -0.5202165224064905 168900475648204
0.6809287776196205 -1.604727844440176 -1.4267200929251924 168900495789754
0.6879925338144464 -1.4042046388333906 -0.9045474610589039 168900515930157
0.30887791377030727 -1.3354486720042127 -0.20793972665962324 168900536071707
0.3175124872662458 -1.2815303243221203 0.3191462655473014 168900556213725
0.5510558882504966 -0.8688399821139461 -0.14585486256215896 168900576402774
0.5470458824753974 -0.22390499350365722 -1.8484709994247273 168900596496667
0.2514672723865681 0.22690627863457458 -1.6128222096960318 168900616638269
-0.01641651412199563 0.3856265854076595 0.9828257283369246 168900636779766
-0.09857022301634655 0.9176565417636269 1.6130550162632897 168900656921317
-0.15699338544432706 1.7330510146609015 -0.2969949518331183 168900677063022
-0.21780662241796178 2.270229874228721 -0.8376936177164946 168900697205301
-0.13331512215311947 2.336435364226727 1.2248402230143043 168900717346798
-1.0762565899099958 2.4628738773188825 3.1886002057551934 168900737488139
-1.7947332992717469 2.8508533010738564 2.2244153208541544 168900757629845
-1.0800249206673977 3.0301211174215847 -0.35551413003542676 168900777771498
-0.1673646630964183 2.635266327531017 -1.2167111087158418 168900797912892
0.4452830742103653 1.9235450932748144 -0.7811447658789237 168900818054962
0.3099862249932923 1.2100030668073511 -0.10256473848438885 168900838196146
-0.6176482270366161 0.32808546125838056 0.2583046545249892 168900858338217
-1.4073387964730433 -0.6810863184932963 0.09276432908874144 168900878479559
-0.6221967207721848 -1.5154134883883863 -0.44735836094775694 168900898621056
1.1909999476010023 -1.8973405563357097 -1.2138803411019556 168900918763595
1.6404830635495515 -1.7839002770998178 -2.2691267338190646 168900938904936
0.3423058844333915 -1.599935163086105 -2.134649531586502 168900959046902
-0.8825517768282869 -1.7170208843751347 -0.25035878542545165 168900979188399
-0.5407948394313795 -1.8856284262501077 0.8169126786908887 168900999330158
0.5902523120486465 -1.9463933660000858 0.0011619788902108574 168901019471707
1.1293551699514173 -1.8867899857688197 -1.2685406317315813 168901039613361
1.3429616750236337 -1.8179280823650563 -1.427637681166515 168901059755013
1.115397172050157 -1.8233976416732949 -0.6676106332144621 168901079895001
0.8925740852963757 -1.7307518047448855 0.0757137395221803 168901100036655
0.8035368072996005 -1.3880560336396588 0.16534394083649423 168901120178152
0.6020823755271805 -0.877827639411727 -0.17559838248705462 168901140321161
0.2273324043279944 -0.24009170137313163 -0.18283710442714374 168901160462501
-0.20624442810010457 0.43660095530774523 0.240888519583285 168901180604572
-0.2397514018550837 0.9204477564336964 1.0055648195728781 168901200745704
-0.17045102382781696 1.4251887715532074 1.2376061525333026 168901220887515
0.047257345000246476 1.9677999430238158 0.07847603530789216 168901241029167
0.6076545088126972 2.3962004036378026 -1.0312133123786862 168901261170457
0.5023833726751578 2.6762010455664917 -0.5661571733404491 168901281312162
-0.12964847764112386 2.7411073208281937 1.0310830503901407 168901301453972
-0.2408403641441491 2.5613673019750554 2.2841559910933626 168901321595262
-0.5581508069403193 2.4399996032987943 1.5327813358434401 168901341737123
-0.7843380283647554 2.5012672607640347 0.23439157258100218 168901361878674
-0.06603243441055429 2.297156386736228 0.1449473400960517 168901382018972
0.5773498337215566 1.8250420039202329 0.7757479111393413 168901402162085
-0.0742407384915047 1.1027093843861877 0.9584767468802231 168901422303321
-1.8123222782932038 -0.2867900120222995 1.7661222178166787 168901442445132
-1.9793866312283133 -1.8380379666490896 2.5258494344095928 168901462586525
0.10671286298609939 -2.7329547873817717 1.2094246647151743 168901482728543
1.4480900169513795 -2.543504943186667 -1.7198015768216108 168901502870092
0.4296390057486035 -2.1586076654868336 -3.352306105207289 168901523011381
-0.41811740868236735 -2.365301659733218 -1.5693204701033316 168901543153452
-0.11099539178964402 -2.7863331246615743 0.7563112020423346 168901563294636
0.4134741943807847 -2.729750093479259 0.6918531608526179 168901583436238
0.7874566015983777 -2.3286487075959075 -1.1144251861616556 168901603578308
0.8028656719037022 -1.7800942590454758 -2.016332629398075 168901623719337
0.5088941000229618 -1.4674958173926305 -1.3752365136747098 168901643861303
0.31258403001836943 -1.2096167711016044 -0.30044555859601774 168901664002592
-0.1493224244228044 -0.9437066004750339 0.8252197249981859 168901684144246
-0.41086418953824344 -0.39123237022377744 0.3147778307797988 168901704286264
-0.5487475039743448 0.2666771897584779 -0.869881836938661 168901724427293
-0.19428364771072593 0.427074661963033 -0.3966256843946787 168901744569311
0.07129427323766935 0.4593843389454264 0.566219960296757 168901764710548
0.19951588734013548 0.8402003422500908 0.7820287026124058 168901784852618
0.6842831200283584 1.519657832393822 -0.1536250847850753 168901804993751
0.5556906561789368 2.199429879196307 -0.7532833686093101 168901825135561
0.3281340679118995 2.7124003486695454 0.12771998480005187 168901845277110
-0.6488696987954805 3.017613150029387 1.4619904409650415 168901865418556
-1.0734780832551345 3.017130070804761 1.9085449894907835 168901885560521
-1.0545710408228577 2.7641190957063095 2.137297417373877 168901905701811
0.08012246421671376 2.375284534377549 1.7147695745241016 168901925843516
0.7223987526233708 2.0006426665645396 0.3780412455567812 168901945985378
-0.48841400571380333 1.6185561254391327 -0.4925010855858254 168901966126564
-1.939010013164793 0.7401818144138055 -0.1806341692499105 168901986268530
-2.5109248074068344 -0.6852837476877056 0.25861766460007196 168902006409767
-1.4467769553004675 -1.8543305137751656 0.15423299886755748 168902026551472
1.0665408381033759 -2.4770923407076335 -1.045473464187204 168902046693178
1.7736306197014509 -2.1807461381911057 -3.1528826775997634 168902066834675
1.0539752965424107 -1.7108078480528857 -3.674747548329811 168902086976590
0.16279693645267868 -1.7094665909423092 -1.1147492105388488 168902107117879
-0.06088793911910706 -1.956623565722598 1.6669774870376712 168902127259428
0.01867246120471444 -1.7184482666405785 1.307080524786387 168902147401239
0.26985740255752155 -1.3531277539374624 -1.1272847989208905 168902167542631
0.5522628751710172 -1.2267404843999703 -1.8553678781992125 168902187684546
0.7417248509180638 -1.2761555711137262 -0.93990953693437 168902207825782
0.543514158078201 -1.2333756287659803 -0.15903212173499592 168902227967436
0.35373222490006073 -0.8919251123877849 -0.31492100988799676 168902248109350
0.20342035023254867 -0.4194238789727285 -0.9684651282228974 168902268250535
0.01631294034228903 -0.2387739664594335 -0.5808756182033179 168902288392294
-0.06580706960116878 -0.2446690755112968 1.1903898374685957 168902308533894
-0.45514809708718507 0.06460409505971221 2.1794969285686268 168902328675600
-0.3824778526697481 0.7733263424540198 0.6483338709799014 168902348817410
0.4774649834892015 1.5364833395882158 -1.0593114188410788 168902368958648
0.9003557758538612 2.239806788858072 -0.9273929827291132 168902389100405
0.21164204255808894 2.5980099818677083 0.7115157895979595 168902409242319
-0.6601785534535289 2.6984031026816666 1.8142077488658677 168902429383452
-0.6169856162003233 2.8219915251140844 0.7259511600301942 168902449525678
0.4404447101647415 2.7706059154037668 -0.6110115329133448 168902469666707
0.5893430728192932 2.3764456698230134 0.10751645726307424 168902489808360
-1.1258399948695654 1.8943083913271614 2.1706323064354596 168902509950171
-2.6334356677706525 1.1748705411867295 3.2540717631171177 168902530091407
-2.569272948279022 0.01706928451188361 2.5016582893999444 168902550233425
-0.935130272685718 -1.1916058028592431 0.6189413776137056 168902570374662
0.9148230279451757 -1.9833017321311441 -1.2498298080652859 168902590516264
1.440916039543641 -2.2184529091424157 -2.2344951941084785 168902610658126
0.9133285347599127 -2.1928287335639336 -1.6086654912242828 168902630799728
0.18253050358918022 -2.3301174790386465 -0.16652223672942634 168902650941382
-0.06724464009740583 -2.333991444168417 0.4330785973352089 168902671083086
-0.009960262859174396 -2.2246516514284824 -0.15956739556933286 168902691224480
0.20549614518141057 -2.1234835281740363 -0.7276661234867161 168902711365977
0.6031054122388784 -2.048615924101729 -0.6640786995706229 168902731507423
0.5977919469786028 -1.7913951806876334 -0.5417854205939985 168902751649494
0.4454576786766322 -1.3013778633001065 -0.7464044106939489 168902771790782
0.19595354528505582 -0.9077770953275852 -0.5485639582426594 168902791932489
0.17393812919679474 -0.7071176723558175 0.0755165091871226 168902812074038
0.12215831585743575 -0.4570393527284038 0.2993902581309482 168902832215483
-0.2231351637203014 -0.1450748415577232 0.5195903315047585 168902852357084
0.07816911511750901 0.4071334861288207 0.3803573237975568 168902872498842
0.019029432719007033 1.056358644371807 -0.4712512503369546 168902892640339
0.25339493289395554 1.4582216811224455 0.013978003636686331 168902912782097
0.3771055947526645 1.5698976573979566 1.125525664628099 168902932923491
0.5050414093958815 1.9057960556058653 1.1923638910774796 168902953065248
-0.030830153733294896 2.7520660437034437 0.021212890205733803 168902973206954
-1.021612365174136 3.370354006837754 -0.44130605502291287 168902993348295
-1.4742845210455588 3.1287417015639534 1.0726021286379197 168903013490105
-0.8629115035551971 2.224258009688663 2.633374671660336 168903033631446
0.20414101199959234 1.7597164663446812 1.8054790342032687 168903053773101
0.577546208037174 2.143210184794496 -1.5661880616998856 168903073914910
-1.4155265101327608 1.9671560384605975 -2.4445398048286586 168903094056303
-2.461986637793709 0.849261940143478 -0.19741651183167708 168903114198166
-2.1436371617974674 -0.5988741392914676 1.8422743100659082 168903134339610
-0.5830615849067238 -1.6217628856519237 1.2298619285214767 168903154481473
1.2136044430121213 -1.9808819882090383 -1.0546968829640688 168903174623021
1.3245822848784474 -1.9111093991609813 -2.6780470571525052 168903194764259
0.974961238059008 -1.9104793162037854 -2.530377098847004 168903214906173
0.6365729943534562 -2.284779937338028 -1.4535375189213533 168903235047931
0.8745293915765151 -2.556986547526673 -0.27695355029333246 168903255189116
1.0510883570112122 -2.4494954880213378 -0.038432957422166014 168903275331134
0.7777481270152198 -1.8893449255733206 -1.292355252656483 168903295472632
0.500958267237176 -1.4446424443649066 -1.7798925029064363 168903315613920
0.5155981567584909 -1.4413340726794255 -0.5557377327938992 168903335755730
0.5768217871255428 -1.4819857151747904 0.29171352470238066 168903355897384
0.8908641679816842 -1.385136911983583 1.4056120306994047 168903376038725
0.7402426039165975 -0.7517984944306164 0.46959460502827377 168903396180743
0.05088548938327797 -0.19894856116949278 -0.37155331988363105 168903416322032
-0.5175557686496277 -0.038101720029343866 0.21586769565559516 168903436463843
-0.05520672429470208 0.14291950288277455 1.1026746252744761 168903456605339
0.1338131361892383 0.75078579761872 1.047093313500831 168903476747202
-0.5819509558923595 1.5808288334074758 0.4068518968944148 168903496888386
-0.8133634990888876 2.155959453444731 0.19619684954678185 168903517029884
-0.5776683383336101 2.3827509611932847 0.5782709561999255 168903537171849
-0.041590237073138026 2.3807369017671274 1.1309395188661904 168903557313139
-0.07088205293976024 2.459167158132452 0.6340118689992025 168903577454949
0.2032675021794419 2.465636949162212 -0.038334938394388285 168903597596498
0.7647746462748035 2.37429178589227 -0.04946677884051054 168903617737892
0.5776644435823428 2.2876780576200666 0.8088030417713417 168903637879753
-0.6032493045091258 2.042959828908552 1.6806972185733233 168903658021147
-1.1927068654823008 1.5408620037518421 1.6730367787649087 168903678162800
-1.7303495744170907 0.589647610813973 0.5191056925431772 168903698304662
-1.4525657923461726 -0.6281964621300702 0.7319715657532915 168903718445900
-0.33329286825193805 -1.7868589275165547 2.0643614322901334 168903738587814
0.34880759992969956 -2.1668650717007427 1.016052134113357 168903758729468
0.27216131431875956 -1.9771932292355956 -1.6264161052093145 168903778869558
-0.05386518682624253 -2.030314153700976 -2.819309153698702 168903799011577
-0.2478773057109942 -2.325105815148282 -1.984976131552712 168903819153074
0.04715713980620473 -2.5022843591498756 -0.6025561005546693 168903839294364
0.5630675087199637 -2.3039393037261497 -0.02384175544373557 168903859436537
0.6196922882259708 -2.0638911890746705 -0.36213981060498845 168903879577514
0.3579364477682767 -1.8827779903222366 -0.5331810867652407 168903899719741
0.3511196660271212 -1.665585185226539 -0.08079291628719254 168903919861655
0.937463115634197 -1.4384618005249816 0.2994892021264959 168903940004038
1.2160227386011078 -1.3091556708887353 -0.2144125445488032 168903960145222
0.6671541283808864 -0.8235574468672375 -1.1889250551702926 168903980287137
0.1405592402047091 0.04996751906871033 -1.7844652394487341 168904000428373
-0.8560706742424828 0.6624227457237186 -0.7798549064027374 168904020570079
-0.9869073206439862 1.262347864547725 1.4190482037840604 168904040711890
1.095508323172311 1.2312161822631795 1.6588591684959981 168904060853230
0.946682537444099 1.1817014614355443 -1.7096598445132116E-4 168904080994937
0.3341282565177792 1.242773278523435 -0.4294580618500612 168904101136485
-0.25821009009827667 1.4886033884437477 0.13297163645745114 168904121277931
-0.25352852129737125 1.999915913879999 1.0273856099472107 168904141419792
-0.8881133443816471 2.4641661295415 1.7275237223327684 168904161561551
-1.8031542497240678 2.7616893489456995 1.751049739584965 168904181701589
-1.4381288685292541 2.688440834625311 1.4124852994804717 168904201843347
-0.5498195010734035 2.243001202856499 1.6515580638031278 168904221986095
-0.017492319608722884 2.073441489628948 0.6928651033862518 168904242146290
-0.46047823068697813 1.9899787776406583 -1.0382982493222488 168904262269246
-1.6112048501745826 1.3406036275812774 -1.4671620369577991 168904282410795
-2.548912610608416 0.21194823409627084 -0.6932852936287395 168904302552345
-1.2509220806742327 -1.106820807254234 0.017503112753258776 168904322694206
0.6625802065543636 -1.9674878958033872 -0.37061665042239333 168904342835652
1.4950055714934911 -2.1379673674239594 -1.9871793554941646 168904362977255
1.3829673478197928 -2.0531595384704175 -2.8377659453328317 168904383118855
0.9420062024745843 -2.066148236245084 -2.1955911742350156 168904403260353
0.4643471494796678 -2.2447398780585672 -0.5231965722005125 168904423402319
0.5149103367712344 -2.355691804790604 0.9052708672395902 168904443543661
0.7011250467607377 -2.0987624282074826 0.9389139594166722 168904463685469
0.7309073616273403 -1.676800469909736 -0.48104656684166236 168904483826759
0.7630706158643723 -1.3791234813965394 -0.6160872534733299 168904503968464
0.2736278794102478 -1.3985258358984813 -0.06861443168491399 168904524110378
-0.06185941522180172 -1.2620213523125354 0.7252109937145688 168904544251616
0.007531510791308538 -0.7990824138812789 0.229167818409155 168904564392071
0.7542673961330468 -0.3612019662612731 -0.42651681949142617 168904584534663
0.3455037606564373 -0.27685219800901884 -0.9074732212181409 168904604675586
0.34838787180639974 -0.22149396543846578 -0.4296162722870127 168904624954845
0.22077572713261984 0.17782191749297738 -0.24451088892336026 168904645128894
-0.054702660481404264 0.9168913230568823 -0.017386054888688163 168904665099975
0.34846199270862654 1.4278367889142558 0.12302963265154943 168904685241942
0.5298682269794013 2.056209860818905 0.022788940496239585 168904705383595
-0.050238719197729154 2.388742302717624 1.1959533203657418 168904725525770
-0.4415581628581835 2.592854193736599 1.1779174414488434 168904745666849
-0.2179560029427967 2.516312163583029 0.4179320976903247 168904765808296
0.04315228748951272 2.422766527741423 0.42360349065225966 168904785951043
-0.21815150985213982 2.446074550318137 0.6385287886155577 168904806092488
-0.5050387860067118 2.45786061681701 0.1289626793299461 168904826234454
-0.13257106786786954 1.998283122359858 -0.07502809872354321 168904846375952
-0.25091769413804554 1.0333555017941372 1.0486689272711653 168904866516148
-1.4215715576541865 0.03218977252906008 2.2786324074419326 168904886657697
-1.8218519726858493 -1.0538258186955023 3.1925104181410466 168904906799299
-0.6880479843986795 -1.8128970807376525 2.548490756387838 168904926941003
0.19036971794980628 -2.077807898965121 0.6657213160477706 168904947082761
0.486658567328595 -2.2147121394845968 -0.48108261513053385 168904967224519
0.26785468589412575 -2.387297055337676 -0.25158972491692744 168904987365756
-0.007859805972199485 -2.42978393333264 -0.26603008071479195 168905007507359
0.2398547333472405 -2.374124998228613 -0.9509100020718337 168905027648907
0.5353652319902924 -2.1085651353016397 -1.6525492907199673 168905047790770
0.6940148418422338 -1.6945547449600618 -1.9106380653884738 168905067932214
0.6424677328487869 -1.5327311983118 -0.7337106476232789 168905088073817
0.45896930346652964 -1.4923592750556898 0.8355900756513766 168905108215365
0.23254409511697371 -1.2081452325445525 0.43738075192735115 168905128356916
0.5015382057810789 -0.683398510254392 -1.4006813359581196 168905148498725
0.4383155255623632 -0.294777890234764 -2.1063971195477458 168905168640274
0.3381890415436406 -0.2991890114065612 -0.6230693557944469 168905188782971
0.3646064090161625 -0.25003236146899877 1.0580996911456926 168905208923477
0.19227106471292998 0.28217625926230117 0.6251418622915543 168905229064923
0.0990439025515939 0.8760705972535909 -0.39724979141675654 168905249206472
-0.10034251467747501 1.2359150715528724 -0.5789814737584051 168905269348178
-0.07666073049197997 1.3015616470860483 -0.17070471025672385 168905289490143
0.22784377888766594 1.1357195325125886 0.4009118177321209 168905309631693
