-1.2052734375 7.2242065429687505 2.5312622070312503 52168644078401
-0.9238134765625001 6.0455029296875 1.3397680664062501 52168664219116
-0.7289921875000002 4.92513525390625 0.6276738281250003 52168684360770
-0.7444730468750002 3.8794758789062502 0.3184232421875004 52168704502267
-0.7753269726562502 3.03008216796875 0.8512717968750003 52168724643816
-0.7370340390625003 2.38613848828125 0.8750115781250003 52168744785418
-0.7401521335937502 1.9255245601562496 0.1238740085937502 52168764927072
-0.5205274685937502 1.3779684762500004 -0.08871817593749975 52168785068621
-0.05918320534375021 0.7515080817812505 0.7259737014375003 52168805210276
0.025602654474999875 0.4556986529250011 0.75454605099375 52168825354742
-0.0055798881387501 0.4293660512462498 -0.38040856936125 52168845493478
-0.02189555113600017 0.5427360050595009 -1.088653027364 52168865635028
-0.07661067919005005 0.6376189798288507 -0.6426509375162002 52168885776630
0.019888214460459963 0.5450561213630802 0.01368686717454004 52168905918231
0.19504875516211806 0.4124731197467142 0.14246804842713212 52168926059833
0.1556972072546945 0.5632060348598706 0.005991040304205608 52168946201434
-0.1554837381024945 0.6241732263253965 -0.27850794900663556 52168966343192
-0.25760232251324555 0.47452168652906757 -0.2551305779553086 52168986485002
0.25789519277065365 0.10548404844200476 0.6055146782607532 52169006626239
0.839970939372773 -0.09410397218389654 0.9455445551086026 52169026767841
0.6783732358732184 0.03899904881538241 0.04112802689938211 52169046909494
0.09759360822982477 0.19507863358355593 -0.9719193558242443 52169067051044
0.10358758189635986 0.13832609046059474 -0.6261316760656455 52169087192697
0.4011439912983379 0.1098430012747258 0.4585306943037337 52169107334247
0.2220870680386704 0.3064657096135299 0.27422201638048693 52169127475848
-0.07265993541281368 0.35858809503457323 -0.4495310783018607 52169147617449
-0.26644093661150103 0.2638846361839082 -0.7118953704539885 52169167759103
-0.14928556178920083 0.06286552144712587 -0.3391940307381909 52169187900705
0.025737566193639205 0.011510678876451408 0.1819895019719473 52169208042307
0.032015834204911275 0.007951218882411126 0.254661425796308 52169228183908
0.056679561895178976 -0.02784312645657039 0.09379261719954646 52169248325458
0.01078554404739318 -0.08040438397775596 -0.02707772264661279 52169268467111
0.02093312273791459 -0.12635963999470512 0.05872112266395968 52169288608609
0.14155118569033176 -0.12041144246451374 0.15135922234991783 52169308750315
0.1258752258960154 -0.029849661784110637 -0.19826076665131565 52169328891916
-0.08980274897068763 0.07518032916646078 -0.3986476758210524 52169349033517
-0.2897621210515502 0.10864279848941827 -0.061349781281841986 52169369175067
-0.16463440387249006 3.663872290342596E-4 0.40594947184952646 52169389316721
0.033746578464507904 -0.0538206597480233 0.3159583079483712 52169409458374
0.14585712605285628 -0.055519906704669 -0.25861030676630303 52169429600080
0.12444937271728507 -0.09485537848873449 -0.3255405891630425 52169449741526
-0.08725690807617204 -0.07499318950973688 -0.08216098695543406 52169469883127
-0.20936851474218754 -0.034896895357789504 0.02037960887315271 52169490024676
-0.015224303981250076 -0.0330688834737316 -0.10781740665147788 52169510166278
0.01636059587749994 0.012692842439765428 -0.1984487495399323 52169530307828
-0.20083974595425014 0.22664597317056234 -0.2700993316631959 52169550449532
-0.02910441395090002 0.17084314572394987 -0.21936315673680684 52169570591083
0.07877945712053003 0.05342256345415919 -0.17387919726444545 52169590732736
0.2188219055401741 -0.01486692970542336 -0.041703455467806405 52169610874337
0.2933192431821394 -0.18732078985808798 0.11296291921950496 52169631015835
0.24709435938946156 -0.1600372959489711 0.05872971037560393 52169651157488
0.37437226485531927 -0.12877446566542616 0.06124158080048314 52169671299455
0.06429273375925548 -0.02881302956359022 -0.013811911140863442 52169691440639
-0.23649305908634566 0.13348033806787818 -0.3689108570376908 52169711581669
-0.21397472070657653 0.25003378217305183 -0.2811150137551527 52169731723113
-0.14779110469026113 0.16826433042594147 0.05455134837087794 52169751886642
-0.20710007125220908 0.03662562449700424 0.0796151997904524 52169772028297
-0.02614148278301731 -0.03149051602739661 -0.007072000323887995 52169792169793
0.001962790336086151 -0.07953811594691729 -0.2970638502591104 52169812311864
0.03710490023761892 -0.12428723103878347 -0.24741670520728842 52169832453205
0.1757898772213451 -0.13949326139352713 0.15135862802166933 52169852594703
0.051618229902075985 -0.1432230270835717 0.12202684382358542 52169872736616
-0.1891253379533393 -0.05505693729185701 0.01201356490261829 52169892879520
-0.22293112973767149 -0.11476088186473632 0.4067421995783447 52169913019559
0.2117063657411129 -0.14326134221053977 0.3930451268501758 52169933161004
0.37163560040539023 -0.017563175330931102 -0.02440667195735946 52169953302606
0.23313611704306214 0.1800168425477544 0.01019878352786252 52169973444260
-0.004616594646800309 0.2851267552882035 0.26500717135354 52169993585809
-0.3730292132174404 0.3526863651680632 0.24668591286408192 52170013727775
-0.20643118307395225 0.2421588577594509 0.44932626935376563 52170033869064
0.42436921369708824 -0.11349947629243928 0.7372075975142627 52170054010822
0.5204646092389206 -0.14317995212770107 0.38859420301141023 52170074152372
0.37487998817238655 -0.008501481233411212 0.1764881553778781 52170094293973
0.35976727178790924 0.051060143138270675 0.21958407898980248 52170114435783
0.5511194814928274 -0.031148955801883815 0.40288894287934185 52170134577437
0.23725788988176194 -0.1709640865165074 -0.06095300585277652 52170154719038
-0.1495613638758404 -0.31556765593195557 -0.2768751976509711 52170174860588
-0.36870914969442237 -0.5265141833393141 -0.23331656437077708 52170195002137
-0.40079007366178787 -0.6711747255777016 -0.1455155561841215 52170215144416
-0.1864279573669303 -0.7859876320246606 -0.19662484729104723 52170235285964
-0.1449797682372942 -0.8243711603072281 -0.02912604970783783 52170255427410
-0.07227043568358527 -0.8253050337145318 -0.07780523429752018 52170275569117
-0.24905170010936817 -0.6809349449403754 0.06247505084323368 52170295710613
-0.4395611843062446 -0.510470612202301 0.24025103676833703 52170315852319
-0.30285744353874566 -0.6354638921055908 0.17896840753966958 52170335993868
-0.14368976342474649 -0.8489716996219725 0.17114103462548558 52170356135575
0.3594744587914528 -1.0197047034475775 -0.5770398090183615 52170376277124
0.5026186295331623 -1.0533858330705623 -1.0450058706521892 52170396418777
0.39384295050152984 -0.8853478266126995 -0.5680725676155014 52170416560328
0.8721422314949738 -0.5020526753526591 -0.5707666478424012 52170436701824
1.0078944492584792 0.04635590659287292 -0.844357458898921 52170456843583
0.3157393875317833 0.6896115807430485 -0.4247535452441369 52170476985184
-0.5123376891933233 1.1787522528756895 0.6938885700546905 52170497126629
-0.2117012060421587 1.5500696733943018 0.8256186685437523 52170517268387
0.673864132822523 1.6117232191841921 0.4082122199912519 52170537410041
-0.15065478749198158 1.8868883409723551 0.6605785650555016 52170557551694
-1.5746009784310853 2.5892958290278845 1.5690756450131516 52170577693348
-1.5168707241511181 2.935193987441057 1.7949821956980214 52170597834950
-1.1547563449458944 2.799192787609096 0.17822208468341705 52170617976343
-1.3406996072067157 2.4359484683685277 -0.5341923517845166 52170638118049
0.22866101735962752 1.3527993020385711 1.146364380291137 52170658259545
1.143365825606452 0.23745184397460584 1.3946549807954094 52170678401251
0.5064285003289115 0.19920219783593396 -0.3129259177074224 52170698542697
0.5342321557318792 -0.016688046418753544 -1.3667713982284377 52170718684350
0.7672783027105033 -0.6007527808850028 -1.4674161420202503 52170738826005
-0.41410704533159737 -0.7618400176767519 -0.6624949253349504 52170758967658
-1.616197745640278 -1.0505242602351519 1.16569497770079 52170779109208
-1.4395524347934727 -1.6196796620943719 1.7687010016918823 52170799250653
-0.13175669392852818 -2.201676346862996 0.0018870708847558149 52170819392358
1.0553124182946776 -2.441944104834146 -2.3766153432921957 52170839534064
0.8870966143232422 -2.2698760846485673 -2.9400495988525064 52170859675561
0.24805619770859377 -2.134333484906353 -1.3889659486132553 52170879817215
-0.09983385042687498 -1.9653647371438323 0.6134366161093958 52170899958817
0.03979844700224988 -1.7538225514338155 1.3669577889812667 52170920101044
0.7864041872893 -1.3038637052095527 -0.5438727336587368 52170940242019
0.68627667014394 -0.7578004368238922 -3.5294585384894894 52170960383518
0.12443637517765194 -0.22390392367786394 -2.6723095065728417 52170980525535
0.06707839701712148 -0.05417196706729044 1.2912905783354764 52171000666877
-0.021764528480052836 0.4842259029086673 3.8140749431371317 52171020808686
-0.2174238298152923 1.2376614840456837 2.019814642009705 52171040949976
-0.1992442396334838 1.805046179424047 -1.349199555923486 52171061091577
0.28567296766821293 1.9591126271329884 -1.1201555431762888 52171081233126
0.5190168897595704 1.77418707436264 1.505535721708969 52171101374781
-0.9782557264735938 2.325209034490113 2.7972996711171754 52171121516434
-1.9298335850851251 2.9244372471233415 1.3211649322062402 52171141658036
-1.5971383524431002 2.492772453948673 -0.07961590579750766 52171161799637
-0.2900886116419801 1.542704291283938 0.6249425292682438 52171181941186
0.7285736419364159 0.6769368705271503 1.5259916210708449 52171202082840
0.32859865964288293 0.4174772307967203 0.894023277325426 52171222224338
0.16611379099555634 0.3169407690123762 -0.18887073360840922 52171242366669
0.487566325765195 -0.11004601760259902 -0.5384378954804774 52171262507645
-0.2747540682940941 -0.2955929664258292 0.24537273049061792 52171282649143
-1.0081699538540252 -0.821594002046913 0.8927947664237443 52171302790691
-1.2172659435519702 -1.57622051413753 1.1365258522014954 52171322932293
-0.10186451265407603 -2.431130219903773 -0.48459035339505396 52171343073947
0.8733667883142393 -2.9312811290480187 -2.4559706225597933 52171363215601
1.0245723369013915 -2.9570122079259153 -2.2912535488290846 52171383357203
0.6670943929586131 -2.795980860090733 -0.6669872140632678 52171403498752
0.11210569014814031 -2.591496602135086 0.31171052171813574 52171423640561
0.06729685680601216 -1.977909195770569 -0.2982267974692414 52171443781955
0.17565145028855955 -1.5509919073977052 -1.1032420825066431 52171463923660
0.03856803523084773 -1.3433570024806638 -0.8157235488178145 52171484065158
0.20373040474717818 -1.0367705629220314 -0.35779124139800156 52171504206759
0.8026205542664926 -0.7437719190876253 -0.6619654149934011 52171524348309
1.1480168535694442 -0.13378706652010042 -1.299420964807221 52171544491160
-0.004242767144444604 0.6437882178776704 -0.023911771845776864 52171564630835
-0.9296881590280557 1.5198035235208867 2.8065541762733788 52171584772332
-0.3458623436286945 2.5903667445979597 3.0023844542999534 52171604914038
0.3833687188470445 3.8618319698971177 -0.7293058154662875 52171625055587
-0.8923406694536145 5.0818361813864446 -2.09617658596678 52171645197293
-1.3796806410316416 5.423012890421656 0.7259640046640761 52171665338843
-0.6293792784503132 4.385236484212324 2.579660363887511 52171685480393
0.026477045989749648 3.2287946561198595 1.5379470411100087 52171705622984
-0.04505371477070019 2.2787388498958876 0.3140856602317572 52171725764585
0.43558788755844 1.6054861971042111 -0.7728769796270942 52171745905822
0.7076622045780021 0.5428118092458689 -0.9458040251079254 52171766046850
-0.22016174024384827 -0.2801304354158063 0.4519871510074096 52171786188453
-1.0199282203200786 -1.2681229030201457 2.5877249747121778 52171806330105
-0.6110719707873127 -2.1265832833536162 1.8060808586759922 52171826472333
-0.045974275848600143 -2.690805200901643 -0.9165977154029563 52171846613934
0.31302526682112 -3.1143995318150637 -2.6153094223223654 52171866754807
0.8573782212693961 -3.4024815395145502 -2.439037088639142 52171886896408
0.9167253309217669 -3.3368411886428895 -1.8214933427863138 52171907038009
0.7446107334874135 -2.9075833024768123 -1.3993821742290513 52171927179663
0.8250587039774309 -2.476225333387701 -1.3837757589144912 52171947322202
1.0229253811506949 -2.126500286241411 -1.060780372756593 52171967463960
0.6493095432018058 -1.732962924305629 -0.0341955872677745 52171987605353
0.004201052530194649 -1.197161355069503 0.8267572997170305 52172007746642
0.033329103742905763 -0.8274922676493528 0.41528767571112446 52172027888505
0.4476105486193246 -0.5574772125569822 -0.15601448833735043 52172048030054
0.4065869740517097 -0.0011209302018357903 -0.17184528207613026 52172068171656
-0.025914502789882277 0.7551335292760317 -0.3079352100359042 52172088313309
-0.10419107488815582 1.355669323420825 -0.4119975820912234 52172108454755
0.06352214008947532 1.73169122045541 0.31011140698327133 52172128596564
-0.36010758089716977 2.1096571755830773 0.8609553365241172 52172148738009
-1.004663213155236 2.596514802966462 0.8478707145317939 52172168879558
-0.8691846720866887 2.8251854751856698 0.7021613177191852 52172189021368
-0.42193465173185096 2.5547162512422865 -0.0016010239496517809 52172209162866
-0.6248524088854808 2.3840562041188296 0.05786224724652844 52172229304624
-0.5411661067958846 2.0575257250138126 1.702832766547223 52172249446018
-0.29307692840545774 1.4847168690735497 3.4040020530815287 52172269587723
-0.5866710153806163 1.143107967915089 2.4749716619964732 52172289729273
-0.5653939412107432 0.7788540501133223 0.05743094287842876 52172309870978
-0.023469938124844658 0.005907947121908563 -1.542812569916007 52172330012423
0.08846281903137432 -0.8881203219899731 -1.0801484934328052 52172350154129
-0.4110778893061504 -1.5657086599357282 0.505607767753756 52172370295731
-0.6642504950386705 -2.079349154511082 0.5034730306092552 52172390437384
-0.6699746147809362 -2.3539090111088647 -1.1870531184813458 52172410578882
-0.1536554730747488 -2.6003147088870904 -2.3483363424413266 52172430720483
0.49506878560270096 -2.919436337422173 -1.8173775700468113 52172450862189
0.9968851066071607 -3.138564206656489 0.14469413536880094 52172471003687
1.0487532024732287 -2.9222039043876906 0.6991659528262908 52172491144923
0.716370726041083 -2.182074646947653 -0.7861140150827175 52172511288348
-0.06182773557338361 -1.191582569120623 -2.6265352550349244 52172531427606
0.21168283107254315 -0.9106757232652489 -1.0551100399654394 52172551569259
0.6915996828267845 -0.8654668481434493 0.8779456594338986 52172571710914
0.8969198829801777 -0.24693890820225928 0.847827718953369 52172591852618
0.49741871888414213 0.6950025843756933 0.09059127672519507 52172611994169
0.08381143995106366 1.208211540156805 0.27530505263015614 52172632135614
-1.389798992570399 1.987687396187944 0.866569725697875 52172652278152
-0.9685164401500692 2.7558359521066054 1.8580995305583001 52172672419703
0.8582556955361946 3.178325988247785 0.7262623392903902 52172692561252
0.2625933259602058 3.8940890132544776 -1.3051839762239381 52172712703062
-2.077620651731835 4.5854250191973325 -0.1801335091041505 52172732844507
-1.2275628299792185 3.6819630622328674 2.98974329037293 52172752985327
1.3634453414853753 2.466542129473794 2.4523781283920942 52172773126929
1.3577850817820505 1.4745398559227851 -0.4344598019738246 52172793269728
-0.1345116806681097 1.8013237792694792 -1.7728730173603098 52172813410183
-0.5536054382844877 1.365534121071832 -1.350622632638248 52172833552306
-0.23381452640884004 0.4152300312324648 -0.9809131451730984 52172853693752
-0.6235872656583219 -0.6605772054827774 0.07765962058027132 52172873835457
-0.3999806523704077 -2.1050364714174723 1.125128184745467 52172893977372
0.319297704666174 -3.347200563852727 1.0670947352963736 52172914118765
1.0293395309204392 -4.060231154207182 -0.16486669223165107 52172934261043
0.8165380309863515 -3.8312537710219967 -1.9743616155040709 52172954402332
0.34458784666408127 -3.4840948136925967 -2.2311250345907565 52172974543830
0.19968150780001515 -3.1745683314228277 -1.0256226839226055 52172994685953
0.5569375890525121 -2.9619569112320123 0.4100804661431656 52173014827398
0.9319270243670098 -2.50302500164186 0.47775919713328263 52173034969104
0.25353722496235787 -1.4641509583447387 -0.8268258454183739 52173055404298
-0.7720603567488638 -0.47249264167579064 -1.3597761060221991 52173075252203
-0.09263607836784105 -0.1326694063093825 -0.19977156841150945 52173095392553
0.48625490683697714 0.07657931870249435 0.7068087218332925 52173115534103
0.17038820281333178 0.7924280057432451 0.788408403247884 52173135675704
-0.4262504729055847 1.616071310844596 0.17657633197330713 52173155817410
-0.5864959837932178 1.875523064300677 -0.10949577035885416 52173175959012
-0.04400147453457426 2.026590326440542 0.7649546532441667 52173196100509
0.3579384688098406 2.5558914017774335 1.4813118671265832 52173216242163
-0.15816826792087746 3.2956530628281975 0.07301336088876664 52173236383713
-1.8400477979304521 3.855772938543808 -0.9789672409764867 52173256525262
-2.159819000063112 3.5619498938037957 0.8599414415938109 52173276666811
-0.8995470945817394 2.163414895511787 3.3546767860875493 52173296808466
-0.01512107410289154 1.0914741039094285 2.4005505109012897 52173316950172
0.12617218368643668 0.7855816268775442 -0.15520656393521826 52173337091721
0.5307839383553996 0.26633151243953535 -1.3646437667731748 52173357234572
0.4295221702155696 -0.389730200204621 -1.4230504626372897 52173377427945
-0.5135111700775443 -1.0519697070386975 -0.09870648339108179 52173397516525
-1.1856258305932856 -1.757054281255959 1.3599874500058844 52173417659532
-0.39566863322462886 -2.650162467973516 0.7283097842234572 52173437800874
0.9193049371702968 -3.3322149353163137 -0.9934385984024843 52173457942527
1.4346016645799877 -3.4592778076280517 -2.3047240232532378 52173478084025
1.1352423668202403 -3.274587773446193 -1.8974901561025903 52173498224533
0.45995170595619217 -2.801994437506954 -0.30241595300707225 52173518367540
0.08312249757745382 -2.1807679132868127 0.3709700696255922 52173538509195
0.04017963868696306 -1.6363867915669497 -0.3162610536745263 52173558650587
0.2346095312620704 -1.1812285738785597 -0.8057310109083713 52173578792137
0.5863692656346564 -1.031652780977848 0.09816421471080305 52173598933687
0.49674433828897513 -0.8212572833760277 0.7300694577061426 52173619075392
-0.08469681452506994 -0.1677968423258216 0.36509804663366396 52173639217046
0.066178095254944 0.5625154558268424 -0.12230144550556887 52173659358544
0.11469784729770516 1.2210206654427243 -0.3503924259357052 52173679500302
-0.24963576513058583 2.1448096964166794 0.2856040280014358 52173699641747
0.14450525508303125 2.967959573539593 1.3266399606823986 52173719783400
-0.6296472607773251 4.138784162737924 0.9366537654209188 52173739924949
-2.26997757424686 5.458256334096589 -0.575676987663265 52173760066447
-1.105117801584988 5.168863368058522 -0.8685738166931121 52173780208152
0.9043334931070095 3.4435989952280686 -0.9688092486669899 52173800350118
-0.33427246332689253 2.112362106338704 -0.726536656746092 52173820491304
-0.9678208026927639 1.270419470227214 1.1655113972593765 52173840633322
0.7139269515957889 -0.06224108397447736 2.2537958365575013 52173860775081
1.2523061120578811 -0.9698856406170826 1.433822802058501 52173880916109
0.7743912763650549 -1.666985172649916 0.2340699603968006 52173901057814
-0.055938639064206264 -2.198761477963682 -0.3963377816825595 52173921199259
-0.0266845050013651 -2.710840237058447 -0.09279044018979787 52173941341121
0.18454839209265805 -3.049470529490508 0.07431501112941197 52173961482671
0.2278022878928765 -3.137794197029905 -0.5890587332839705 52173981624116
0.3853424162518011 -3.004852056842674 -1.1657660295959267 52174001765770
0.2321386790951907 -2.61396465328664 -1.6581011049267413 52174021907371
0.6224419003074027 -2.3166233827855613 -1.444217700347643 52174042049129
1.1412884811834223 -2.1909573976346994 -1.0611114649656146 52174062190939
0.6537534411967378 -1.5831858399827592 -0.5093017696287417 52174082332176
0.024162420926140182 -0.8722249415174579 0.3606860257032567 52174102474037
0.08847056174091217 0.02427815225478369 0.12836815650010536 52174122615379
0.11060799236147978 0.617042150710077 -0.8886384826124157 52174142757138
-0.8073632154858161 1.232903740099311 0.3154930225038174 52174162898738
-1.429948189576153 1.5493478944231986 3.019435433628054 52174183039143
-0.8298594305671725 2.2700813428823086 2.9415127023711936 52174203180640
0.7390909711712619 2.769556285243347 -0.326282025603045 52174223322190
0.8504646714682595 3.2033525477259275 -2.007363511107436 52174243463843
-0.4160760167316424 3.1694569405244923 0.026494445020301294 52174263605340
-1.266173801666564 2.9388980719508435 2.6963542474224913 52174283746942
-1.5635860139895015 2.9156814458419262 2.3630404291879934 52174303888492
-1.6968404908791013 2.3113659574547913 -0.2651706839933552 52174324030145
-1.007252666140781 1.3648520433075824 -1.6830960198509342 52174344171746
0.9581505038061251 -0.11170723254143411 -0.8188889252557474 52174364313504
1.46838807882615 -1.170530336814398 0.40239618401415234 52174384455001
-0.04761619709532994 -1.3200302264827695 0.7589286659613221 52174404596760
-1.155549012363764 -1.4942810171237149 0.23825865542530789 52174424738204
-0.5905769052035112 -2.1681298918239733 -0.0833188569097536 52174444879859
0.1666498039621911 -2.8081245189279276 -0.581303523027803 52174465022867
0.4169868353572528 -3.0399444393610935 -1.6423865684222423 52174485162957
0.40725890187955205 -2.897678207738874 -1.392205153175294 52174505304611
0.5860366136911417 -2.650918445097349 -0.40709908347773527 52174525446265
0.6208434511091634 -2.1701366115466287 -0.27443414959468826 52174545587762
0.4280956593248306 -1.4598763790810523 -0.7694740774882507 52174565729415
0.08252779699111445 -1.0991877243585924 -0.7775665666781006 52174585870913
0.18533376103039156 -0.8777510583931232 -0.7334424134987305 52174606012568
0.3952030439805634 -0.8025670576519985 -0.3486191651739844 52174626154220
0.025989095340700707 -0.5588627281528487 0.9127062303608127 52174646296499
-0.4160007159149395 -0.0528763153347791 1.1911757264761502 52174666437997
-0.08004178366945158 0.5084435766384265 -0.24284799303783 52174686579702
0.5078537800956886 1.0583417753732416 -1.372708570211514 52174706721877
0.6558801920453008 1.5288999827985936 -0.36827183663796115 52174726862228
0.20214555988624072 2.456945669832624 0.7920036244396311 52174747005079
-1.0477317942785076 4.193181047584849 0.5043060245517048 52174767146630
-1.7844012557353062 5.30845108806788 0.6347924758913639 52174787288284
-1.0695253991194948 4.540205694673055 1.8730805627443412 52174807429728
0.10934550101690421 2.8504995166759457 1.274318942382973 52174827571486
0.5865486664385235 1.6493693399032558 -0.5965726781248715 52174847713139
0.9917731128383189 0.9419808234851033 -1.0048338260936471 52174867855106
1.3287212246456552 0.2532794830068319 -0.6969090530624176 52174887996707
0.42448821018527405 -0.20317475343828484 -0.5397293908874341 52174908138204
-0.5994963459142808 -0.7598908769693775 0.27346551072755254 52174928279755
-0.7683910220439245 -1.5683985414192527 0.903611275769542 52174948421512
-0.41495695826013956 -2.3004707862604015 0.5580452706156338 52174968562802
0.04530494120438844 -2.837190593852071 -0.29860772881999287 52174988704558
0.10697149202601075 -2.9850234711754062 -1.0334662611809944 52175008846213
0.0123594201833086 -2.755950905846575 -1.6865508409760457 52175028987502
0.45700667677164697 -2.5862914863960107 -1.5838720204370866 52175049129155
1.1751268257923175 -2.5469262555230587 0.02294144615033067 52175069271694
0.8755995075088541 -2.182694813012197 0.028216438170264535 52175089412515
0.11074571928833321 -1.4601939363472578 -1.1374488221200383 52175109553960
0.06850380199316652 -1.0199007545465566 -1.2630596436335306 52175129695770
0.8427180806570332 -0.8767482403559956 -0.3424057227193246 52175149837424
0.4577193864006266 -0.3148141196285472 0.4443981757307903 52175169978921
-0.5882434361919987 0.6764812238284117 0.4084238140221323 52175190120575
-0.5300551981723489 1.143968182187729 0.5466120980927058 52175210260665
-0.00465939291287909 1.4924084324689337 0.30203577222416467 52175230402267
0.3158037356696968 2.0693784061313973 0.28022725059183173 52175250543870
-0.009539628651742627 2.8155246975613686 0.8131466442234654 52175270685939
-1.181081409952644 3.475759601799094 1.2786056942850224 52175290827020
-1.7667401279621153 3.6268357087830267 1.309725375740518 52175310968986
-1.4067270633071924 3.210965637338921 1.8154316677799145 52175331110380
-0.6261751076770041 2.493613818464887 1.6848038303176818 52175351253178
-0.5082765119228534 1.9692684961781595 0.7636267556603955 52175371394780
-0.545940057194533 1.4346433125675269 -0.09141793140918386 52175391535080
0.4798251026818736 0.3007419938040208 0.03063762752890309 52175411676629
0.6088234610517489 -0.644550447925532 -0.05496987844562762 52175431818439
-0.7951800006898511 -1.1515534442779263 0.5693541753684981 52175451959937
-1.2794667544581309 -1.7336084780785903 0.40880365279479847 52175472101747
0.09637288549599532 -2.674716372306623 -0.17765678479541114 52175492243139
1.2382799490217966 -3.4048731955015477 -1.516039002055079 52175512386043
0.9707631193736872 -3.5209810759324878 -1.7526261235190632 52175532739624
0.7657950658114498 -3.1990114232459916 -1.3675550003777508 52175552669090
0.8248552909304099 -2.8519581620342933 -0.5225474182709506 52175572809858
1.095919388994328 -2.5884268811899345 0.3743570849144895 52175592952553
0.5226827768204625 -1.956959766670698 -0.8646012461309085 52175613093895
-0.39276686448112996 -0.8931801180240582 -2.172174160967227 52175633236902
-0.2158614408036541 -0.6383355983254972 -0.3141431373675315 52175653377984
0.3213294020445767 -0.7556635958478983 1.8302406658872248 52175673519897
-0.06201606820808858 -0.423244255584569 0.72339663427228 52175693660353
0.4134974969960292 0.22715166584484514 -1.076568337113426 52175713801798
1.7735470210343234 0.6652784615821261 -0.8705320134407408 52175733943556
0.6418356637024587 1.3001182770782016 0.20074235799740736 52175754085054
-0.7279133049755331 2.251972063068811 1.345994277022926 52175774226708
-0.1285220502304265 3.2214140762362993 0.8270639763058409 52175794368362
-0.20456324565309125 3.9776561633327887 -0.43461346739282725 52175814509910
-1.0363678816787232 4.625508719728732 0.4524557104607383 52175834651981
-1.0703418639367288 4.135160393751736 1.5704362480560907 52175854793270
-0.5551870653681332 3.397703510313889 1.0695325921948724 52175874934715
-0.6883635194820066 2.580882534813611 -0.2970594731191021 52175895076369
-0.08089101089810535 1.8345180395696392 -0.41120714880778175 52175915217918
0.8664395350315157 0.7367794707182114 0.04074863642252469 52175935359833
0.5038449874002124 -0.25208032967543126 -0.11796261429948007 52175955501121
-0.65659197882983 -1.2688883848340957 0.42401369762291585 52175975642723
-0.8737843252513642 -2.450633168804776 1.0372944541920828 52175995784325
-0.0844034367635913 -3.3437340741063206 0.19769445007241604 52176015926083
0.49523359824537705 -3.533275833503806 -1.7614489321295674 52176036067527
0.4428055309400516 -3.239206116021794 -3.113944301953654 52176056209181
0.44184208100204136 -2.963838037348685 -2.1388971407816735 52176076350784
0.9256904616766333 -2.8538341017539484 -0.18930374778158865 52176096492436
1.4183844005913069 -2.613914449371909 0.016586786930979036 52176116634403
1.0633940439105456 -2.0940490399662774 -1.0720455118614667 52176136775691
0.02708242262843641 -1.444196751504272 -1.1805123860516735 52176156917241
0.11487882872774913 -1.0770126746409172 0.4204460481899112 52176177058790
0.3890466176696994 -0.8298352373689841 1.588114651051929 52176197200445
-0.6716362410204906 0.14747214213606252 0.6049887911540432 52176217342098
-1.2533734459413925 1.1546354285526004 -0.6502863108267655 52176237483700
-0.6711802020656141 1.4237693779983305 -0.4324849080364124 52176257625146
0.19179118991000865 1.345900268023664 0.5830281868521201 52176277766746
0.5737820730217571 1.8178823237939312 0.5539347565129461 52176297908400
0.6488205802924057 2.8064054684101443 -0.3377970190083932 52176318050106
-0.04025750060982547 3.524335800509366 0.29322674026203543 52176338191655
-1.3320717231441104 3.8093612185324925 2.1092640093971284 52176358333361
-1.6097125542965385 3.537759970919744 2.6416836684552027 52176378474806
-0.7039199457809806 2.7541337579857963 1.3957688097641623 52176398616357
-0.4724499214685345 2.004979369669888 0.8516003993738299 52176418756863
-0.34594089420607776 1.140824316048409 1.2407529757490643 52176438899611
0.2640187690101379 -0.013280488567522397 0.8229002321617513 52176459041421
-0.1475374261981397 -0.7523724377290186 -0.6199512986455988 52176479183127
-0.9114869722085119 -1.1085874033082135 -1.0406753943852292 52176499324311
-0.6121241480793098 -1.7275681648340715 -0.02840213191443297 52176519466330
-0.21371054893219776 -2.4926746490547576 0.20139938821845327 52176539607619
0.17630939288549197 -2.983605051275056 -0.9186534386439877 52176559749377
0.6506544479021437 -3.206976814457544 -1.7564071259151903 52176579890666
0.914163695040465 -3.3081229554722853 -1.1387072437009023 52176600032424
0.9362870107198722 -2.9369646729715777 -0.7019325918357218 52176620172723
0.7678284367008978 -2.3214467383772615 -0.6068585734685774 52176640314272
0.9900684134232185 -1.7087809258580595 -1.059351604868612 52176660456083
0.25852201589482493 -1.1152425141239473 -1.2123494479573897 52176680597527
-0.40009156697164006 -0.8383121753616578 0.4070003244465882 52176700739234
-0.536357433264812 -0.7200760098205761 1.5541525056510208 52176720880731
0.08817479557565044 -0.4220446945752112 0.30524827405206656 52176741022436
0.5718581958355204 -0.044447279097668435 -1.0508819471645967 52176761164351
0.6542150722934164 0.19140750875311507 -0.6523388585129274 52176781305952
0.18424852267848313 0.6029184874712419 0.2939492256896581 52176801447137
0.09632459939278637 1.7457136962269937 0.4924713922704764 52176821588738
1.4331265740454793 2.884363925731595 -0.23915276899611881 52176841730340
-0.031465049357366714 3.8264730741790256 -0.21115864097814496 52176861872047
-2.9543102230796436 4.895919670280721 1.097174161436234 52176882013752
-2.061043393307465 4.449719134662077 4.595366282273988 52176902155198
-0.2900212380834719 3.248764565542162 3.4580313070691906 52176922298049
-0.05121865062302744 2.6966801094649817 -2.0449763215321477 52176942440067
-0.873750799404672 2.2874466266344857 -5.394696877538219 52176962581095
0.4031966261012623 0.9902722427138393 -1.4784528145305749 52176982722854
1.64214958603726 -0.6151308386414289 1.8547255413442902 52177002864611
0.47497455164230784 -1.3107570146631424 1.7877477182316823 52177023005900
-1.2295662571236536 -1.6753023890742647 0.3368387995853459 52177043147711
-1.066880544761423 -2.085224821415661 -1.2536368704879735 52177063289208
0.13178609153461185 -2.825589525101279 -0.5351482659216287 52177083429663
0.8366910802589396 -3.231113709924772 0.6718569732001971 52177103571160
0.8181931962384017 -3.009988624189818 0.2796852855914078 52177123714324
0.47585582652197145 -2.137849297789355 -2.236847474651874 52177143855562
0.6323204034050771 -1.7114146921377351 -3.382288038315249 52177163997631
0.9121795649115616 -1.8780673005851884 -0.7063675400271994 52177184138765
1.0538159175542494 -2.0551027662494006 1.4555358507907405 52177204280627
0.6534897457621496 -1.6178615098745208 1.6192260439138426 52177224422176
0.49022343723471973 -1.0720602039933667 -0.14016603986892595 52177244563569
0.04432718728777574 -0.49481857335094315 -0.9872549022076409 52177264705379
-0.025512371263529454 -0.1443411868057547 -0.13278487879736267 52177284846720
-0.20217259232332363 0.14633124977414624 1.41937024149336 52177304988791
0.0711720823913411 0.7672725193505672 1.193650490069688 52177325130443
-0.12771809580567717 1.547814597511704 -0.38747462747549966 52177345271786
-1.0037003555507917 2.260297576446863 -1.1914372215116498 52177365413960
-0.9515564758468835 2.3557966549074916 0.4239620391969301 52177385554780
0.12999017088499332 2.009954706738494 2.2087741235450444 52177405696799
0.6801395976454947 2.180278218515795 1.3593532832110355 52177425838661
-0.18138881016485442 2.506490641218887 -0.07808133827492147 52177445979533
-0.8078429817256336 2.47280725906886 0.18827955828631282 52177466121811
-0.14706784241175686 1.821678424442588 0.6439586075665504 52177486262736
0.19295363622684447 1.1488832668978208 1.0501400305844903 52177506404442
-1.2484202941435245 1.0067653049245067 0.8115353643113421 52177526546460
-1.8116512743773194 0.8677047244083553 0.19479713910532404 52177546687541
-0.8990646718456059 0.05750606468293462 -0.08333465199699042 52177566829872
-0.271351346851485 -0.797623077941152 -0.059953854410092156 52177586970796
-0.05051613607493799 -1.4601321537591705 -0.11475995852807364 52177607112397
0.24701384895254952 -2.050881601913588 -0.7075306230724587 52177627254468
0.5161901807245397 -2.4504464924683695 -1.538924889082967 52177647395861
0.7031987266108817 -2.745086197880946 -1.3568723331413737 52177667537254
0.7524759734762054 -2.8224971809610064 0.029004086611901014 52177687679013
0.6165559740934643 -2.624037783831305 0.5856178200707709 52177707820353
0.3574171425560215 -2.183055910658794 -0.35020691581838337 52177727962163
0.47160265935731727 -1.8078338886832857 -0.9986713920297068 52177748103504
0.6372308579546038 -1.6370996304778789 -0.44241855893626547 52177768244117
0.15161818245743297 -1.3554560715698027 0.6642658364447378 52177788387123
-0.19188904778405358 -1.0060811658495927 0.8154458722807902 52177808528622
0.2245038984915071 -0.5211735264296742 -0.7277092201441178 52177828670120
0.5228770445744557 0.010844381981260476 -1.7007464776777943 52177848817554
0.3743563231595646 0.7039513844912584 -0.1464980610484854 52177868953374
-0.27170634772234825 1.166395970874257 1.6952283089737117 52177889095184
-0.4986639063028786 1.6464102337306556 1.4194883112414693 52177909536629
0.13667678511394699 2.3886247690157747 -0.24797868694432434 52177929378283
-1.1617401148775923 3.8568470808376194 -1.2977237698679596 52177949520197
-1.067514650495824 4.116190555295095 -1.4513504026131177 52177969666121
-0.9210039078966592 3.8844075223610766 0.7857092286907559 52177989803244
-0.9886219739735775 2.5583805100763612 3.178909179827605 52178009944846
0.16206872941488815 1.4022708143110894 2.420532129018334 52178030086447
0.7397624054069105 0.6284938975426222 0.10137931649591714 52178050227841
0.2097664672942785 0.4785397469403492 -0.6301392225845164 52178070369493
-0.39384454100832755 0.6729929303647797 -0.5597632335363634 52178090511304
-0.6076171367129124 0.6015046958543238 -0.7914507235478405 52178110652592
-0.56821040858908 0.120168600433459 -0.5976625319632722 52178130794350
-0.7596586589025138 -0.7581375805907324 0.10869858771063212 52178150936005
-1.0372923568095107 -1.621744439472586 -0.4027139813939944 52178171077502
-0.4291624987288585 -2.206282270328069 -0.8095369077714456 52178191217906
0.39060554789191304 -2.4223866561062053 -0.06309583481090653 52178211359351
1.1118862937822804 -2.410907371759965 -0.24036924597372522 52178231502202
1.3130319842445743 -2.2404446474079727 -0.9314433459977303 52178251643908
1.1680281264581596 -2.003097905426378 -0.8892953017981842 52178271785562
0.9820421300727777 -1.9286868204348515 -0.4944196398760474 52178291927371
1.1500380009332223 -1.7825246516603812 -0.23598981346333803 52178312068869
1.448753545277828 -1.529095893203305 0.038576313291829534 52178332208908
0.8342835979410124 -0.8950052301876434 -0.28005203530403633 52178352350561
-0.1968309341471901 -0.18780594196261458 -0.7597960227744791 52178372492059
-0.5275331066927521 0.1112176487736587 0.3656495099054168 52178392633712
-0.4368092001979518 0.3460053690189273 0.8835108188618335 52178412775314
0.013797268747888669 0.5299048811526426 1.005136291808217 52178432918322
0.10213888921706094 0.9433697057033639 0.6821119631340737 52178453059976
0.1110324004361487 1.375191370031441 -0.4013197068364911 52178473200172
0.017500236755168874 1.6615544632126529 -0.880308695156693 52178493341772
-0.0658826230958649 1.6269852697888716 0.7887584149683957 52178513483322
-0.41126322738294196 1.512440266612348 2.7548714780684667 52178533624976
-0.7688299178438536 1.864883853914879 1.0263337058922737 52178553766473
-0.6253910827125828 2.001452981569404 -1.3344506134111813 52178573908231
-0.44689489742006616 1.8382717602555232 -1.8416937915101952 52178594049625
-0.8788416015298028 1.2286618417981696 -0.1464263222706561 52178614191798
-1.6529878320050924 0.4825388484385371 2.6411841374959755 52178634332827
-1.128383917947824 -0.5037028079679189 4.0802202592155306 52178654475002
-0.503512798420759 -0.8237630276243362 1.6090614612786744 52178674616604
