0.48692452932621566 -0.16752640154795184 -0.546055324541189 168897192566577
0.2042246820547225 0.228454464699138 -0.8152744354142012 168897212708335
-0.10089027388747196 0.5014159155093108 0.15457976807488905 168897232849884
-0.09566583239122761 0.9589208183449491 0.6706242636786612 168897252990600
0.08258598643076787 1.5432108734259593 0.2305423796929289 168897273132359
0.3100141016446143 1.9072127417095182 -0.06372283452690697 168897293273959
0.24763286334694146 2.118494802742614 -0.007191646527775486 168897313415717
0.037083341458803154 2.2418539476628414 1.2604820343402796 168897333557423
-0.4033899674579575 2.3138811073490224 2.025914924347224 168897353699546
-1.027606993497616 2.3064759796292194 1.0621137754152792 168897373840990
-0.8089142080793428 2.3266016821408755 -0.18873671404277692 168897393983113
-0.38581544849472427 1.93795370899395 -0.19991515248422154 168897414124454
-0.22934327676452937 1.3821866976639114 0.04153272176262268 168897434266003
0.41029979265087657 1.0277342214123788 0.28495957584759823 168897454407658
-0.7364086033792987 0.6758372794736545 -0.10201280807192159 168897474549415
-2.406997976453439 0.15594081967267215 -0.8783997972387874 168897494690288
-1.7296267014752513 -0.8060090630118619 -0.3784766737285299 168897514831888
0.41551738881979894 -1.5925733636907395 0.09278750867342622 168897534973127
1.0221966258995892 -1.7670152339213416 -0.8136972391550092 168897555115873
0.42253024993842137 -1.6942884566683247 -2.2224177522615074 168897575256329
-0.5575446477055128 -1.946544046584659 -1.4889693580592058 168897595398035
0.15746769980433983 -2.2232020341427283 -0.36931269347861484 168897615539480
0.5561987692184718 -2.2540254945016827 0.27527738427960813 168897635681082
0.6625737614685274 -2.0853370948200958 0.09364720039243657 168897655822683
0.6128837162060721 -1.6644854961685773 -0.46526778656105083 168897675964389
0.11444027374610766 -1.1673549984973626 -1.0404759479988408 168897696106355
-0.03979543725311396 -0.8677951316103902 -0.7229325162115726 168897716247540
0.15296589629125878 -0.859665792788312 0.3004503737494919 168897736389350
0.5859835568767569 -0.8198859545431496 1.0599647911870935 168897756530640
0.34847434550140544 -0.39194391988452004 0.23055239935592486 168897776672450
0.34847434550140544 -0.039194391988452004 0.23055239935592486 168897776672450
