-0.06980563060808931 0.13928832636985966 -0.7650434631032703 168898340637918
-0.2284519263614715 0.5686450165646377 -0.8070665087638663 168898360779676
-0.33411652155792715 0.7282680640329602 0.371058218770157 168898380921276
-0.5121540570900918 1.0308322246638681 1.3553426687661256 168898401063087
-0.08156162457832339 1.5608718344185952 0.8384855607941506 168898421204376
0.5357516768998414 2.0469884831598764 -0.4173096958959295 168898441347071
0.7852907946448732 2.308184048246652 -0.5776465848417436 168898461487788
0.3042214052471486 2.3631488010973207 0.674711345407855 168898481629232
-0.6732244383022812 2.4427285135341066 1.8887314786700342 168898501770834
-0.44769820298557494 2.583308787389786 1.0767200462172775 168898521912280
0.01580383995529 2.5519741783493277 -0.26342865052617803 168898542053934
-0.04123876397326798 2.257460690335712 -0.29061352588969225 168898562195691
-0.33169706586611447 1.7033196264873194 0.430167870694496 168898582337137
-0.49334837534914167 1.0444916386898555 1.039349140305597 168898602478843
-0.6240366104355635 0.4008276859518851 0.9740940583382276 168898622620444
-1.586753702410951 -0.4785199801447426 0.9852200708893322 168898642762202
-2.315203743178761 -1.5256626638032955 0.8502243965552156 168898662903595
-0.584902252355509 -2.2504129435426368 0.08308479068167252 168898683045144
1.188157299678093 -2.296753694677859 -1.9855219135484123 168898703186954
0.8992929295862244 -1.752759401054787 -4.3278340347449795 168898723328452
0.2500129569502296 -1.7741069349063299 -3.3525748449834842 168898743470002
-0.19358094303356643 -2.0931258799563146 -0.6650798955180374 168898763612228
0.34380467916689694 -2.082752657090051 0.4977334468668202 168898783753674
0.6693064386460177 -1.6897128678595408 -0.43572437531904384 168898803895535
0.4519124360730642 -1.2362429505376333 -1.6107010822864851 168898824037033
0.45271647229595136 -0.9717946533988568 -1.016844557235438 168898844178686
-0.06214322841323905 -0.9327579883440862 0.3719491588991495 168898864320235
0.08065651101940863 -0.8606717227065195 0.9542854013380696 168898884461525
0.663267884596777 -0.4218259523839656 -0.23658388596079433 168898904603439
0.4453237803336716 0.06987566387407806 -0.6196870306436355 168898924744728
