-0.075022105267182 -0.14431421702745162 0.28502498386452424 168899488709727
0.058610245473754485 0.21156278653428817 0.07229488943536921 168899508851694
0.16346534481650354 0.6468137057899304 -0.3081797134517048 168899528992983
0.3483137797594529 1.083027136506944 -0.376609688730114 168899549135886
0.24626576990131221 1.5475984670180551 0.09695443651590896 168899569277280
-0.27964754032895023 1.9809254533019445 0.9687866937439773 168899589419038
-1.0045163721069104 2.4079459290478056 1.4187061128076817 168899609558192
-1.1503538203417785 2.570106743238245 1.5548257300898953 168899629699636
-0.4768382320546727 2.352044867246846 1.4294440801656663 168899649841291
0.18904943388751194 2.297712553953726 0.388660244601283 168899669982839
0.45537773070375964 2.4981065666004802 -0.8191133082252238 168899690124598
-0.5489180302807424 2.504161522811634 -0.9503467989239289 168899710265991
-1.8436510257870937 1.8528653510618085 0.2481087913296065 168899730408009
-2.096002363598425 0.47924052303694786 1.6539191619699354 168899750549611
-1.4619093127537401 -0.9997496714141931 1.7845855248884481 168899770691264
0.16949842870325815 -2.027289971506354 0.26577877147325824 168899790832501
1.6009307742126069 -2.482024848298833 -1.7165517875088936 168899810974154
1.9090161037450857 -2.3495481012953157 -3.185179906569615 168899831115704
1.4366367111210685 -2.118981742755002 -3.558226933068192 168899851257306
0.6840627868656048 -2.1164256285790017 -2.3580805698920537 168899871398907
0.035006577148733786 -2.1417855223944517 -0.7430928738823932 168899891542072
0.12057117968773712 -1.9277594726030607 0.10137531026908542 168899911683517
0.6293671000001899 -1.6063677343324487 -0.47868979084723173 168899931823712
0.8062036409376521 -1.2486195780909588 -1.0676075943965355 168899951965730
0.5558759986876218 -1.0515812093477663 -0.0640225989547284 168899972108739
-0.07756482604990267 -0.9489309831032138 1.8358668817737174 168899992249610
-0.734219829589922 -0.5486345325763207 2.4010055171377243 168900012391316
-0.5727884613281877 0.06676864347019418 0.5839025582414294 168900032532866
