0.3509646294672135 0.40979167718603904 -0.9091865265396835 52154383845300
-0.5329123784574792 1.184583830030081 -1.441961037637997 52154403986900
-0.32763605510973326 1.5702866929303152 -0.5165449043291477 52154424128763
0.7646245543497134 1.885929061375502 1.711764076536682 52154444270207
0.8449515966047709 2.6646392451941523 2.8646261049793456 52154464411965
-0.062088039122433214 3.579477509436572 1.1817155324209767 52154484553411
-1.3360473844229466 4.071540991924259 -0.3347423201569688 52154504694960
-1.1878442551946073 3.575384649008157 0.746695889968175 52154524837031
-0.313861829936936 2.8046680707690257 2.89856520806829 52154544978111
-0.8274322373870486 2.1447598472402216 2.745744256298382 52154565120286
-1.514509266472139 1.681225358260928 -0.6088855519925449 52154585261522
-0.8313828038027111 0.7781712045774931 -2.647850629094036 52154605403072
-0.5760193289796689 -0.5209444816505044 -1.7227848978064788 52154625545091
-1.8062500334962355 -1.6144972845391532 0.4905709098798172 52154645686171
-1.2332202416407387 -2.208651050287573 1.486926942747604 52154665827929
0.7214926543436588 -2.510988223042558 0.17291557763558352 52154685969374
1.5110320140999272 -2.1996108909340464 -2.5431860925790333 52154706111497
1.482775806592442 -1.7544641033722375 -3.1089507295319767 52154726252525
1.1360131257427035 -1.9886298764477903 -1.1368676148755814 52154746394387
0.6297699732504127 -2.116379975376983 0.578176806537035 52154766534739
0.37873052938158036 -1.935120581864087 0.25021234366712797 52154786676237
0.033611864911514466 -1.49076003971002 -0.7262339336600476 52154806817734
0.23580062474171148 -1.2243096919242653 -0.48007161958428823 52154826959752
0.7787528044808691 -1.2506391597894124 -0.1994747761361806 52154847101042
1.1701213842096954 -1.1965440426752796 -0.30583226231519456 52154867242642
1.0715585331490065 -0.7171717575777237 -0.5602786028209057 52154887384609
0.7668781741754551 -0.11500937871842964 -0.5793386049129747 52154907526002

