-0.6587650926589492 0.11545004010295834 0.1809413811460967 168923034241544
-1.4181253553771596 -0.6957869405738837 -0.07230011773937273 168923054383876
-0.8317537022704777 -1.760792150115357 -0.40356763325399836 168923074526622
0.4225609053711179 -2.576431571654787 -1.2878443409781988 168923094667130
1.1586175719531444 -2.824438714355079 -2.538783773563809 168923114807377
1.1817768700625155 -2.831303901171564 -2.709103190726047 168923134950073
0.8091666132375126 -2.8155924373435006 -1.327609701018338 168923155091778
0.4553777241837602 -2.709041332687301 -0.08005651081467047 168923175233484
0.4631425113782581 -2.384615878649841 0.16469014291076367 168923195375398
0.6126282669151065 -1.9697044216698734 -0.4494490575463891 168923215516583
0.5454004650945853 -1.5429144162421489 -0.7233409843183612 168923235658185
0.4515669541069183 -1.1904472556499694 -0.36336517026718895 168923255799838
0.2296007312542847 -0.7907489178012259 0.36829223878624884 168923275941492
0.44051652250342777 -0.3507387826784809 0.8731982441539992 168923296083302
0.4256676125339922 0.36877420823221474 -0.030591795301800673 168923316224747
-0.13179257012905626 1.201415850960772 -0.5888411120226906 168923336366660
-1.108180638134495 1.712145864362368 0.5289759385068475 168923356508263
-1.2501431433200962 1.8677147383648949 2.3520259656492284 168923376649864
-0.09003150684357708 2.244293861004415 2.1072433311131324 168923396791675
1.5303185445251384 2.8751592098972836 -0.23699586245324422 168923416935516
0.3786615739013607 3.1269828366678265 -1.2988374126188456 168923437074669
-1.6304081432226614 3.024926113084261 1.0982103433424237 168923457216479
-1.5587332528593794 2.40415719906116 3.617716223892689 168923477356674
-0.4944719538500033 1.6524761498739284 3.4587725884891514 168923497497755
-0.8565394771425026 1.1940390253678927 0.7688979536038212 168923517641283
-0.531068984057752 0.4137517281068135 -0.6127014613356927 168923537782104
-0.531068984057752 0.04137517281068135 -0.6127014613356927 168923537782104
