0.5961164924412985 -0.06072066253270485 -0.14362796594355398 168923557923758
0.5961164924412985 -0.6072066253270485 -0.14362796594355398 168923557923758
0.4145518853592889 -1.1978624682303902 -0.26257082978609336 168923578065932
0.14303066844368106 -2.0009657558343115 -0.32151906617262505 168923598207013
0.24268381209869494 -2.530545553886199 -0.73769620996935 168923618347416
0.8292056434289559 -2.7874491384214597 -1.3467975929754803 168923638489071
1.0680886358369146 -2.7566194669871678 -1.9144864142241342 168923658631869
0.7565461039820317 -2.455918132183484 -1.4048069048168075 168923678773367
0.10412604334187536 -2.1155645838717874 -0.16127228166594598 168923698915438
-0.3738646926702498 -1.62122363975368 -0.3506608917390066 168923719056570
-0.3711132385111999 -1.153997954771694 -1.1792591821412053 168923739198224
-0.07987398924645994 -0.8459400630361058 -1.1877066621192145 168923759340137
0.050859109384082 -0.7589664058976346 0.07396797108587827 168923779481427
-0.5292712085864846 -0.6901199020618582 0.9965278924937027 168923799623185
-0.6669228262441877 -0.5726525622744871 0.860955224151212 168923819764631
-0.29373113208910007 -0.42623728419458917 0.10560988244596947 168923839906127
0.4255009341724698 -0.3081529132931715 -0.5567108245119745 168923860047990
0.916999868431726 0.22404651702171208 -0.24369629632832956 168923880189435
0.5459656174016307 1.2839857487736195 -0.008958501906413563 168923900331140
0.2778125329838046 2.567935669331396 -0.8735730515251308 168923920473055
1.227560084980794 3.659658594058868 -1.2890439880951048 168923940614135
-0.09290310389036494 4.0784592971220945 0.6343043603051663 168923960756882
-0.925286838581042 3.8627430236351756 3.370956671837883 168923980896974
-0.6637768341460836 3.011105063439391 3.924365435126557 168924001038263
-0.598953596223117 2.2483860038765133 1.1868312152887452 168924021179501
-0.8863161972909936 1.70245636169496 -0.7802469418315039 168924041321414
0.34536598747970504 1.1055197768559673 -0.9548982370589534 168924061462651
0.6218738446712639 0.4806072277347724 -0.3991969099596626 168924081604460
-0.9801254359817388 -0.1481436123434321 0.2689969642197698 168924101745855

