-1.2688171071684473 -0.0625009884503875 0.9246746697103143 168920476259136
-1.2688171071684473 -0.625009884503875 0.9246746697103143 168920476259136
-1.501162084172258 -1.6171465794780993 1.9466855365495013 168920496400945
-0.8757709759315562 -2.537821267488729 0.7038083901771013 168920516542547
0.14163175441100506 -3.2009113108659832 -1.1449611003583189 168920536684044
1.126720930872554 -3.5843374471302862 -2.1594503255991553 168920556825385
1.6608371939167932 -3.5089982780167297 -2.7209928776668244 168920576967195
1.4617019816959347 -3.3555872942883838 -1.8962401029147096 168920597107182
0.5782483041067477 -3.0743746205869575 0.9225342848557323 168920617248731
0.4979990339103981 -2.317861512875816 1.2951075060095858 168920637390697
0.4292463950970685 -1.0456832532694031 -1.1192118467548313 168920657532040
0.19248158873390475 0.04304324113447677 -2.203194184435115 168920677673588
-0.8212588696378762 0.2880478741575816 -0.1961857186418422 168920697815191
0.515145341557907 0.4059321717249311 0.12971990424287672 168920758241192
1.0878364880900757 0.9177144873799445 -1.6993490766056987 168920778382690
1.3270318857845607 1.7710368242789558 -1.871942640190809 168920798524396
1.3368208211276487 3.1632161781731645 -0.5300004012151472 168920818665945
0.2731065592458689 4.094659856601032 1.5577379602778822 168920838807495
-2.166500104165805 4.2228592329370755 2.976378356503556 168920858949096
-2.2803314309888942 3.4976965660371615 2.259911278952845 168920879090698
-0.24443116041611535 2.4811406512672285 0.8570257028497759 168920899231205
0.2581538021358578 2.060937911638783 0.09152876540482069 168920919372756
0.12346640108368634 1.1407181027485258 -0.28865442908239336 168920939514461
-0.3110169181955511 0.46883668923006994 -0.21687325029716442 168920959656062

