0.5262345417690948 0.09366713063699805 0.05683748721289561 168994919611462
0.36728890294652583 0.3519722787283488 -0.3207043266359335 168994939754365
0.3181353215759708 0.48304266673267904 -0.2950034027149968 168994959895759
-0.20038676227047336 0.4809531763548929 0.18737374267175255 168994980037204
-0.2314275738788787 0.48997494342766323 0.5955044628874022 168995000177868
-0.34717819191560295 0.43121335317963094 0.970873785153672 168995020319418
-0.5106282957199824 0.40718992082495475 1.1548972703104377 168995040461019
-0.6412541014197362 0.38728758119121487 0.8878338318733503 168995060602621
-0.242934921760789 0.3673129751092219 0.43158054206118024 168995080744223
0.7173586055601189 0.7856472550873779 -0.1707023632260558 168995100885772
1.984030927416845 0.9101462220386516 -0.14981872651834482 168995121027425
1.080486460683476 1.1198772315371706 -1.1979433601209255 168995141170277
-1.8010771400469692 0.32010832819848645 -0.5128834966904905 168995161311722
-2.727995501100075 -1.0710861890037098 2.0857015034288575 168995181453324
-1.3108631977550602 -2.049825494171719 2.684515792586836 168995201595081
0.41430993007720174 -1.9133223093998755 0.9716971067257187 168995221736423
1.6973781198430116 -1.2532774764261507 -1.510252177900675 168995241878181
1.6345016169681594 -0.3759618248909202 -2.39512801185179 168995262020043
0.7596398677932776 0.16574665336851346 -1.5285291672939318 168995282161384
-0.29913625029662794 0.15010220550731113 0.4059120177273545 168995302470798
-1.0761986486748025 0.03668332690584819 1.373899536056884 168995322443441
-1.274972590814842 -0.0367055845690718 0.8300766600955072 168995342584938
-0.6526074671831235 -0.0783146629677578 -0.09488642582984452 168995362726749
0.031087854378501145 -0.07473669131170624 -0.4793637305076257 168995382868245
0.3728072952215511 -0.0948479467993657 -0.2691599297186005 168995403009847
0.3365881213334907 -0.13633978322074292 0.10394695856886971 168995423151814
0.12228563378554247 -0.06040239298284433 -0.06523110501990415 168995443293050
-0.10009629765906602 0.056902694988725244 -0.27943097776592296 168995463434965
