0.3658054902865706 0.07025639332557887 0.00983776079437182 168991394831658
0.18918980238550653 0.1053750365354631 0.10561190785424746 168991414975863
0.22150565050215532 0.24334543938462083 0.04695290518964779 168991435114913
0.26896477430797416 0.4031480311951974 0.07653937493296836 168991455256670
0.3749618585088794 0.5027674483936586 0.21433208588387487 168991475398063
0.03417358836960349 0.5583540954336783 0.45702475073835 168991495539197
-0.5613696253980671 0.5529088622844434 0.89550261309068 168991515680693
-0.7740957003184539 0.4405936913900561 0.9633381256287938 168991535822764
0.0838118186514869 0.44877622264329453 0.9357217700342852 168991555964366
1.3298668377336895 0.6787719546771349 0.6369929433711783 168991576106331
1.1002338022182017 1.0248657082729586 -0.5783084773343075 168991596247985
-0.6144418644754387 0.9157665900558669 -1.2444949263986962 168991616389535
-2.189258569705351 -0.02638330998655647 0.25590552372479314 168991636531293
-2.009158320608031 -1.1785651440829952 2.2450686572610845 168991656672685
-0.7192651330489248 -1.9279351230788961 2.322641839871368 168991676814288
0.5346709013733602 -1.8850482937756166 0.18470038595959437 168991696955994
1.5615135765674384 -1.1831484983017422 -1.990984808419825 168991717097386
1.7745160370352009 -0.4369240720788934 -2.15277319829836 168991737239613
0.8405723022844107 -0.02710273422561471 -0.460438773482438 168991757380797
-0.4127594433287214 -0.04489996081799141 1.3934531804327999 168991777522244
-1.4958325546629774 -0.22337114052939278 1.91278500528374 168991797664053
-1.5614853796678818 -0.16448792804851387 0.7463290784457417 168991817805499
-0.5400208232655554 -0.03676612368881038 -0.7391061708371565 168991837947204
0.16670160310630555 -0.1072327231697976 -1.1813117921384753 168991858088753
0.2925653840475444 -0.2926709441608377 -0.5170953321482803 168991878230772
0.1991646119255357 -0.3989316772036702 0.25420703506262576 168991898372008
0.27158754891542847 -0.29912581051293685 0.2586878936751007 168991918513403
0.41397414069484295 0.04959095315215123 -0.5266678491224193 168991938655368
