0.25926803026317646 0.13105763565729767 -0.8122425159547886 169018384572672
-0.01107922813320883 0.2475463038383392 -0.5218032901075809 169018404713908
-0.13516953485031724 0.26263665244567136 0.03379027807018531 169018424855510
-0.0723201981927537 0.29350775945653673 0.4343442341748984 169018444997320
-0.007929400741702786 0.40093169584647903 0.5930564420274189 169018465138661
0.05536302237538804 0.5707575637084332 0.7197332395594351 169018485280523
-0.31766026569343975 0.5827657189354962 0.4517021189912982 169018505422072
-0.5988303609922516 0.7239396259296473 0.008541870974288823 169018525562372
-0.08331233566880147 0.8726453530874689 0.09585937568568115 169018545703973
0.6942998384962089 0.8298545637199748 0.0806791997672951 169018565847659
0.8342484645469672 0.9295818931634798 -0.777277929248664 169018585988322
-0.3259606033624265 0.8070077996870335 -0.996846757461431 169018606130185
-1.9966205334711913 -0.0033805766566228357 0.002937633093355263 169018626271579
-2.435699747089453 -0.8495306332002972 1.1352724697559342 169018646411981
-1.5301027664215625 -1.4734843698414881 1.448672077367248 169018666554990
0.6366599743627499 -1.5841585896231898 0.9391378572062985 169018686696643
1.7476458505839498 -1.5321340006048025 -0.01015211657871129 169018706837933
1.98456687577966 -0.7617789778275927 -1.6992593885754692 169018726980001
1.3848580904674779 -0.04284603382457419 -2.5259846592978756 169018747121187
0.5166267067489825 0.32541555575284065 -1.9707266922820508 169018767262737
-0.5441571306945643 0.3535697492897718 -0.10769707648189053 169018787404390
-1.7371201381494012 0.18920345568181673 1.1783931200644875 169018807546200
-1.6035144698945212 0.3047441122017034 1.2441549257390898 169018827687645
-0.6004995641968671 0.1753260514801127 0.721605678872522 169018847828154
0.6684162666112563 0.03310752087159052 -0.13492248815198238 169018867969546
1.2326578179765053 -0.08363361220897758 -0.4627353538028358 169018888111617
0.5724910004749542 -0.06719985851718135 -0.5308328142922685 169018908253218

