-0.5175557686496277 -0.038101720029343866 0.21586769565559516 168903436463843
-0.05520672429470208 0.14291950288277455 1.1026746252744761 168903456605339
0.1338131361892383 0.75078579761872 1.047093313500831 168903476747202
-0.5819509558923595 1.5808288334074758 0.4068518968944148 168903496888386
-0.8133634990888876 2.155959453444731 0.19619684954678185 168903517029884
-0.5776683383336101 2.3827509611932847 0.5782709561999255 168903537171849
-0.041590237073138026 2.3807369017671274 1.1309395188661904 168903557313139
-0.07088205293976024 2.459167158132452 0.6340118689992025 168903577454949
0.2032675021794419 2.465636949162212 -0.038334938394388285 168903597596498
0.7647746462748035 2.37429178589227 -0.04946677884051054 168903617737892
0.5776644435823428 2.2876780576200666 0.8088030417713417 168903637879753
-0.6032493045091258 2.042959828908552 1.6806972185733233 168903658021147
-1.1927068654823008 1.5408620037518421 1.6730367787649087 168903678162800
-1.7303495744170907 0.589647610813973 0.5191056925431772 168903698304662
-1.4525657923461726 -0.6281964621300702 0.7319715657532915 168903718445900
-0.33329286825193805 -1.7868589275165547 2.0643614322901334 168903738587814
0.34880759992969956 -2.1668650717007427 1.016052134113357 168903758729468
0.27216131431875956 -1.9771932292355956 -1.6264161052093145 168903778869558
-0.05386518682624253 -2.030314153700976 -2.819309153698702 168903799011577
-0.2478773057109942 -2.325105815148282 -1.984976131552712 168903819153074
0.04715713980620473 -2.5022843591498756 -0.6025561005546693 168903839294364
0.5630675087199637 -2.3039393037261497 -0.02384175544373557 168903859436537
0.6196922882259708 -2.0638911890746705 -0.36213981060498845 168903879577514
0.3579364477682767 -1.8827779903222366 -0.5331810867652407 168903899719741
0.3511196660271212 -1.665585185226539 -0.08079291628719254 168903919861655
0.937463115634197 -1.4384618005249816 0.2994892021264959 168903940004038
1.2160227386011078 -1.3091556708887353 -0.2144125445488032 168903960145222
0.6671541283808864 -0.8235574468672375 -1.1889250551702926 168903980287137
0.1405592402047091 0.04996751906871033 -1.7844652394487341 168904000428373
