0.22077572713261984 0.17782191749297738 -0.24451088892336026 168904645128894
-0.054702660481404264 0.9168913230568823 -0.017386054888688163 168904665099975
0.34846199270862654 1.4278367889142558 0.12302963265154943 168904685241942
0.5298682269794013 2.056209860818905 0.022788940496239585 168904705383595
-0.050238719197729154 2.388742302717624 1.1959533203657418 168904725525770
-0.4415581628581835 2.592854193736599 1.1779174414488434 168904745666849
-0.2179560029427967 2.516312163583029 0.4179320976903247 168904765808296
0.04315228748951272 2.422766527741423 0.42360349065225966 168904785951043
-0.21815150985213982 2.446074550318137 0.6385287886155577 168904806092488
-0.5050387860067118 2.45786061681701 0.1289626793299461 168904826234454
-0.13257106786786954 1.998283122359858 -0.07502809872354321 168904846375952
-0.25091769413804554 1.0333555017941372 1.0486689272711653 168904866516148
-1.4215715576541865 0.03218977252906008 2.2786324074419326 168904886657697
-1.8218519726858493 -1.0538258186955023 3.1925104181410466 168904906799299
-0.6880479843986795 -1.8128970807376525 2.548490756387838 168904926941003
0.19036971794980628 -2.077807898965121 0.6657213160477706 168904947082761
0.486658567328595 -2.2147121394845968 -0.48108261513053385 168904967224519
0.26785468589412575 -2.387297055337676 -0.25158972491692744 168904987365756
-0.007859805972199485 -2.42978393333264 -0.26603008071479195 168905007507359
0.2398547333472405 -2.374124998228613 -0.9509100020718337 168905027648907
0.5353652319902924 -2.1085651353016397 -1.6525492907199673 168905047790770
0.6940148418422338 -1.6945547449600618 -1.9106380653884738 168905067932214
0.6424677328487869 -1.5327311983118 -0.7337106476232789 168905088073817
0.45896930346652964 -1.4923592750556898 0.8355900756513766 168905108215365
0.23254409511697371 -1.2081452325445525 0.43738075192735115 168905128356916
0.5015382057810789 -0.683398510254392 -1.4006813359581196 168905148498725
0.4383155255623632 -0.294777890234764 -2.1063971195477458 168905168640274
0.3381890415436406 -0.2991890114065612 -0.6230693557944469 168905188782971
0.3646064090161625 -0.25003236146899877 1.0580996911456926 168905208923477
