0.7668781741754551 -0.11500937871842964 -0.5793386049129747 52154907526002
-0.16085048800338608 0.6778045087440061 -0.6434025245553798 52154927667395
-0.32429806618395896 1.3750805210577042 -0.40870395323805386 52154947808997
0.02265383220908279 1.687381311377413 0.4502341030345569 52154967950702
-0.18961619204523372 1.9501247756644302 1.4684026144588955 52154988093450
-0.11370467238618698 2.454142789281544 1.9824979704733665 52155008234999
-0.25125426525269945 3.035689719706486 1.2907347045036932 52155028376757
-0.6393701114209096 3.165087420296439 0.5831492870404547 52155048517264
-1.3156708938242279 2.8392720846746506 0.9259310507261138 52155068658710
-1.4214698205281322 2.2660221599272212 1.9731667155808914 52155088800155
-0.7540948017350058 1.662121927160527 2.0199762435584634 52155108942070
-0.2011762320130046 1.1981545729784209 0.9630513073467704 52155129084818
-0.4470127629541536 0.3941071544764867 -0.7450985049038339 52155149226262
-0.8280814017695732 -0.7719823428250603 -1.3320895461105673 52155169366719
-0.6689836761031587 -1.6393265969162982 0.16035375373654626 52155189509882
0.4778379614612227 -2.54599496893929 1.6179436475204874 52155209651328
1.1807322832314782 -2.930899979057683 1.4113471055163895 52155229791574
1.0261654164289324 -2.5300715457461465 -0.748082960118138 52155249934375
0.3891574307993957 -2.1849825295656675 -1.8527876571570108 52155270074883
0.13748561260826664 -2.1456666877150337 -1.2511998522881087 52155290217577
0.2249787244616135 -2.370988916578277 -0.37945109276798705 52155310359127
0.3458765342567909 -2.541066035606372 0.11879020000436036 52155330499478
0.2231489813116827 -2.209097945672597 -0.029528386871511714 52155350641185
0.4171422319243463 -1.6253105831005774 -1.2385763227784592 52155370784192
0.8176981605394771 -1.128190361011712 -2.2035319566602674 52155390925533
0.5447835284315816 -0.6938120544343693 -1.592439823140714 52155411065885
0.13599772118276543 -0.3074056005787451 -0.13255781554382118 52155431207643
-0.06958317071003761 0.23541096875575374 0.49218372803369315 52155451349140

