-0.06958317071003761 0.23541096875575374 0.49218372803369315 52155451349140
0.1299169595257199 0.7497545562546035 0.1389252050832046 52155471490638
0.46334518871432584 1.1847523754724332 0.07525149219156368 52155491632396
0.5246556431589608 1.6257193808466965 0.618453146878251 52155511775090
0.08910928015216868 2.3078020671773576 1.3918450370338507 52155531915494
-0.6521744899407651 3.172938431085637 1.6836542522833304 52155552058450
-1.2769275802338622 3.82827994408726 1.5228633432329142 52155572198698
-1.6589566149683401 3.8415546193323085 1.9488326667738316 52155592340195
-1.615153573224672 3.3402480899970968 2.968477754512815 52155612481953
-0.9477747140484878 2.488384995435176 2.3030903090790025 52155632623502
-0.6971968220200404 1.7262426643168922 -0.3538046082055475 52155652766301
-0.8377379263660325 1.0176274322347627 -2.3472404639081876 52155672907904
-0.7907591887490759 -0.11160606202468948 -2.2115326055015503 52155693049400
-0.9279076439680107 -1.4976588730572509 -1.1439209086199904 52155713191210
-0.6359906659556587 -2.2751900867270507 -0.9626342854897425 52155733333332
0.563729439891723 -2.39998605375664 -1.440627447923044 52155753474309
1.2950875558196286 -2.015984936755313 -2.3629755911509354 52155773614766
0.8213971930932034 -1.2786937111229992 -3.1076168010457486 52155793757512
0.3455821099433125 -1.1070247931171497 -1.786606136149099 52155813899531
0.2573250629546502 -1.4866330180874705 0.5272092317057209 52155834040767
0.3543829995824703 -1.7207761410324753 1.284511525989577 52155854181120
0.5483257356034761 -1.6466160300134796 0.18299252157291157 52155874322720
0.9513314869202811 -1.5867874529170338 -1.1108081311791709 52155894464322
1.0456721231299748 -1.4570398256148778 -1.3376089072870867 52155914605872
1.05036826491023 -1.452680200335653 -0.6583195477046693 52155934747578
0.772240412709434 -1.3927960157372725 0.34091027980501454 52155954889179
0.5865789512612971 -1.0679965782148182 0.4741320324377618 52155975032083
0.5487675555402878 -0.45246855163435473 -0.25222513576854055 52155995173685
0.2547733217759802 0.16561304931751586 -0.6905862609585824 52156015315129

