0.1907886045682312 0.40783376729986287 1.0284541629282618 52158210748658
0.17987697740458497 1.0585179904023905 0.9990816897176096 52158230890103
-0.1602610157325821 1.4652470095094126 1.4739723830240876 52158251031706
-1.115647777429816 1.96206577167003 1.6680206798567703 52158271173306
-1.0896617766313528 2.5570793751485237 0.784721719666666 52158291314856
0.6058340552574177 2.9448334219938186 1.617206086670833 52158311456457
1.4284782793621842 2.7501782610325556 2.903579322461667 52158331598060
-0.5621001890102528 2.104500518982295 2.0951657040630836 52158351741172
-1.5998022215207022 1.6721380128420869 0.5725559030942167 52158371882772
-0.14781052721656174 1.9450468360549191 -0.34610566814962684 52158392024062
0.8022838047892507 1.7153758477501864 0.2515578482927987 52158412165872
-0.3427066475748495 0.16522060007514838 1.3718639544154891 52158432307369
-2.4352493024348796 -1.3508923675961313 1.8896542494698911 52158452449022
-2.478326395072904 -1.973536159701906 1.491923594888413 52158472590624
-0.49290281527707336 -1.5984944551052749 -0.012650088933019887 52158492732226
1.0133071423095914 -1.2551505445529703 -0.6562260281776657 52158512873776
1.571668663066423 -1.4020086192361259 -0.5677542600421326 52158533015430
0.9432846374843886 -1.6534672469514007 -1.102824013502456 52158553156874
-0.14993771969998893 -1.8612991881861216 -1.391206964708215 52158573298632
-0.22667624997874114 -2.191578413048898 -0.9236467241103217 52158593440234
0.18559015236075727 -2.393362828095368 -0.4541883753820075 52158613581992
0.6154276882948557 -2.5728811804450444 0.026651741100644166 52158633723592
0.8311605100108848 -2.223014417012286 -0.21658143915073458 52158653864309
0.4107780173837079 -1.3650814554848294 -1.358580092726838 52158674005703
0.04508969906321636 -0.8351559847003633 -2.0260364374627207 52158694148293
0.568225079563073 -0.6095676588540409 -0.9233560054389267 52158714289114
0.5189111183379584 -0.40238801380198286 0.11872486361760881 52158734430612
-0.1768266717358833 0.005201405364664069 0.4978241291753367 52158754572266

