0.42104635532739976 -0.514829615126775 1.7715252705246345 52152792658515
-0.5324011969880802 0.35186921805482996 1.6764975601697076 52152812800012
-0.39074029352796424 1.1161267221001143 0.5640496106357662 52152832941561
0.28848198392762847 1.7812192487738416 -0.38350152242888713 52152853083424
0.3126215246421027 2.482519344331574 -0.3925678195056097 52152873224661
-0.23292279981756803 3.0485154754652584 1.0839804123642622 52152893366522
-0.43657017344780447 3.359393435059708 2.24180591192266 52152913508124
-0.21086502547699348 3.438564552735267 1.768163967819378 52152933649674
0.1627044639934052 3.095321857031964 0.7573900609742523 52152953791380
-0.04174804989902592 2.4761110012505725 0.022379333935651502 52152973932720
-0.3513061547629708 1.651005988500458 1.1156817874610212 52152994074687
-0.10642334177912671 0.6752237361128675 2.362137715125067 52153014216029
-0.0955146499858015 0.08090164514029397 1.0786506017875537 52153034357890
-1.3959429699886412 -0.06983678935651483 -1.295661061538707 52153054502930
-2.3249208798971632 -0.5660989236727119 -1.4480767007934658 52153074640832
-1.350818051573981 -1.7534894905006695 0.7717998698339774 52153094782487
7.664571783152496E-4 -2.8357627838067856 1.9330404818046816 52153114924348
0.9827176579301522 -2.981207883295429 -0.3875886106500044 52153135065742
0.9536301810316217 -2.6838310527300937 -3.3743531150825037 52153155207342
0.6175550237315472 -2.5624823226528264 -3.391560128784753 52153175348893
0.2538828861727378 -2.606235858122261 -1.2965855053715525 52153195490547
-0.018890761374309673 -2.6526400536853094 0.48229946679650837 52153215632252
-0.004565734099447827 -2.365459210916998 0.3424191632809568 52153235773801
0.6236423345954418 -1.7439176617023486 -1.8786525600002346 52153255915402
1.0455447270513534 -1.3617723129556287 -2.711259450343938 52153276056900
0.3903542386723329 -1.2685316198957528 0.13596070144359973 52153296198502
-0.2025969801558838 -0.9987852568541022 3.43566065099863 52153316340104

