-1.852259955792234 0.05194661555841584 0.6146937204126375 168924645569305
-1.2814295466650374 -0.4315628247407659 0.5115425739863602 168924665710698
-0.09666463342577991 -1.125352798855113 -0.015021311904662049 168924685852352
0.412487629196876 -2.07887110627159 -0.06126021358622946 168924705994005
0.5710301424200006 -2.732274131111021 -0.28100279977523357 168924726135450
0.3283695240922504 -2.981473601763817 -0.762961419507687 168924746277156
0.03259308021130036 -2.826157885317304 -0.6067680613873998 168924766443654
0.2842897962002904 -2.417493691066344 -0.29979433192241967 168924786560360
0.6810329111789823 -2.0589461247280747 -1.3048012858504356 168924806701960
0.5920065047244361 -1.8673351224387105 -1.5141657357115985 168924826843458
0.7365812779982988 -1.6093710276384687 -0.15088336981927863 168924846986571
0.3521312333361388 -1.2980314900795253 -0.19260610991792282 168924867127026
-0.1938443297373389 -0.7308202115948701 -0.8485551027780884 168924887268263
0.369961157303879 -0.19934122786964625 -0.6945545314412207 168924907411218
0.9875460742806033 0.12769742786053317 0.03788664828452326 168924927553081
0.7613015078619827 0.23013645791342618 0.3415764084713686 168924947694265
-0.4804485398041638 0.3990871936744904 0.2076117127145949 168924967835919
-1.107930609187081 0.8288400674395922 0.6796269678279261 168924987977729
0.328096430619085 1.593845979732924 0.884534093793591 168925008119070
2.016114839807768 2.576663697848839 0.697348954722373 168925028260932
2.2086438249712144 3.637576075466571 -0.4070378284096017 168925048402326
-0.28241355330427836 3.9762351767795074 -1.0848709853839313 168925068543980
-2.3621002762371726 3.490765973454856 0.15667596559910502 168925088685789
-1.5675610803647384 2.7952983256388855 2.893504834979284 168925108827443
-0.2194297236667908 2.0189779183236087 2.9774625593896773 168925128969043
-1.0304754195584327 1.3619230573151384 0.5459470982929919 168925149110333
-1.0537626598654963 1.0786497739771104 0.4666282841031437 168925169252040
-0.2295335653923969 0.38921376449418865 0.4366693265012649 168925189393640
-0.2295335653923969 0.038921376449418865 0.4366693265012649 168925189393640
