0.4934267561456045 0.11007382072430971 0.015415888933858035 168918945496271
-0.025754200552266404 -0.6954980723268029 0.44333857052208625 168918965637560
-0.9851785557543131 -1.385902852392693 0.018477008761419 168918985779994
-1.4602986063222005 -2.350921988945405 -0.04597278752211498 168919005921335
-0.7870377131827606 -3.2165041927188245 -0.05938565189269207 168919026063145
0.6913903372662915 -3.4710915377688085 -0.9711291269829037 168919046204487
1.2775263323130333 -3.198443054433797 -2.602586895336323 168919066346141
1.2729854213191767 -2.767763232609539 -3.183534360019059 168919086487794
0.9492110909615913 -2.398610000150131 -2.124537448952747 168919106629343
0.24169309151927304 -2.041178039182605 -0.005843338068447723 168919126770945
-0.32068361272208157 -1.435078661814834 1.433496716263992 168919146912703
-0.32648097220891525 -0.5853309958581168 0.9542680761361936 168919167054149
-0.1772248168296322 0.3271697736260064 -0.20734969924729513 168919187195750
-0.13761725580745576 0.8815600376508055 0.34779211560216394 168919207337455
-0.16424419527096468 1.2176381668393947 1.4996570323254812 168919227478849
-0.7497913523105217 1.5039078967527661 0.900848672735385 168919247620867
-0.43788239825466735 1.7253431142772122 0.08996604756330795 168919267762208
0.8165764056150162 1.9031504679842701 0.5874757677381464 168919287903653
1.0687640541795131 2.0767562142311657 1.023667137628017 168919308044786
0.2660586066248604 2.3760656159161826 1.4240484561961637 168919328187064
-0.5051951068876117 2.4077616724204454 1.542766596988181 168919348328666
-0.9876277651975894 2.1451912715301074 0.9907440393092948 168919368470321
-0.4662740871580715 1.686453310192837 0.691508805666186 168919388612286
0.05243239042979286 1.2009692887792696 0.9154506968766989 168919408753628
-0.10072986890616575 0.7634243568046664 0.8479245223451093 168919428895177
-0.21505655137493251 0.32896458309998344 0.21491188350108725 168919449036570
