0.047385957959121594 -0.35143545697585843 0.3818199013680825 168919972718262
-1.4362367414452026 -1.1216146741744382 -0.09888978203053389 168919992859812
-1.4782008189374123 -2.1751237705895505 0.2336323150005728 168920013001623
-0.14023887780617983 -3.0016590750653904 -0.26547451909329167 168920033143068
0.6674231555675563 -3.3062955217710623 -1.6605851816808834 168920053285346
0.6690825674227951 -3.059867960385601 -2.4368177547197067 168920073426270
0.366467225813236 -2.6462952472147308 -2.210941020182016 168920093567768
0.34068354627558883 -2.4436841469905346 -1.2307157067706127 168920113709681
0.6189945909267212 -2.1927524933736775 -0.12624737010399023 168920133850971
0.3645560243038769 -1.6928982837614424 0.035879545323057815 168920153992885
-0.30089668446314843 -1.0286960684154032 -0.12061276999155379 168920174134331
-0.44988482803926866 -0.45381622973232183 0.128192401194257 168920194275725
-8.624522751647934E-4 0.07397094199539289 0.5562404443929057 168920214417430
0.37267429599236823 0.577194331721314 1.0883883516080746 168920234559240
0.15004373366889467 1.064099215377051 0.7434645875364596 168920254700581
0.32853108068511583 1.6476172629266408 0.2605553614354177 168920274842339
1.4762159778293427 2.361953673622562 0.5114350118045841 168920294983731
1.4091099892947243 3.207104442804299 0.3096729117874173 168920315125646
-0.8194771452829706 3.6919042573684404 0.30640532161743383 168920335267092
-2.5614777123201264 3.361177214488503 1.8700021869814472 168920355409265
-2.1916382245436012 2.4949720450283035 3.1934748941164077 168920375552325
-0.924794954634881 1.5977110344601435 1.965302376230626 168920395692573
0.4269853253545952 1.108881718193114 -0.5594475521404991 168920415834070
1.0901966587211762 0.8091390659607409 -2.1750116549936496 168920435975932
-0.04720302458555903 0.22354416292484203 -1.2285713357136698 168920456117221

