-0.42160529958955495 -0.15272688888976482 1.1798561002981147 168921463199070
0.807613221265856 -1.1086072923618122 -0.4767816236677582 168921483338797
0.8291472176376848 -1.8438682557644483 -1.6368330137779568 168921503480763
0.2941649420788979 -2.499349975705309 -1.4716246141473652 168921523943719
0.07194084038186821 -3.092167968845498 -0.3844285975678918 168921543764122
0.28664202777424475 -3.455045410232648 0.20344345007068654 168921564242599
0.5519576651881459 -3.489011914123619 -0.36851965400595077 168921584046752
0.6369518743380169 -3.239695859423895 -1.2875037114860106 168921604188979
0.13276706587666354 -2.9035242656641156 -1.7018657621575586 168921624329748
-0.3033566597986692 -2.566874588312543 -1.2780331370697968 168921644470932
0.08393820731731472 -2.189156408931284 -0.5299460409058376 168921664612065
0.7141476361663517 -1.7156805958950274 -0.017938766318420063 168921684753667
0.9238693784643314 -0.8665386173410221 -0.47072308336723623 168921704896674
-0.01622676285353486 0.14221832487718267 -1.408731787006289 168921725038068
-0.9225273087203278 0.9087087419329958 -0.5453448046050313 168921745178419
-0.7412445032262625 1.3487565443276468 1.014407750065975 168921765319969
-0.42176757523725983 1.6366590440558682 1.2489773719277801 168921785461675
-0.20892284925230786 2.0451670789946945 0.24284644832347402 168921805603225
0.5017826190356538 2.7735726280395063 -0.8553078022787208 168921825744929
1.7337991421035233 3.5575543914941044 -1.0377130386979767 168921845886427
1.0362702707140685 4.3551255444452845 0.14955369013536868 168921866028392
-0.8468016545224952 4.481463716806228 1.898744514608295 168921886171245
-2.109521401742996 3.4620264421949827 3.3149672913741366 168921906312585
-1.8975658518631469 2.0539839467247365 2.5804406299743095 168921926454135
-0.22700043539676762 1.1769395987860385 0.6428681289794476 168921946595685
1.1938513118388359 0.5185292180913308 -0.9253539343164423 168921966737703
1.0123686471273188 -0.13166100052693608 -1.0868041435469036 168921986878055

