-0.88504638671875 7.3721923828125 1.37611083984375 52202542420186
-0.9071704101562501 6.0058227539062505 1.0212255859375001 52202562561684
-0.9228676757812502 4.849763183593751 0.9013798828125001 52202582703285
-1.0139289062500003 3.8411630859375014 1.1185526367187502 52202602844782
-0.8816021093750002 2.9716975585937515 0.9449275585937502 52202622986385
-0.4354208476562502 2.1983053125000014 0.4886080625000002 52202643127986
-0.013607674218750088 1.5706681757812513 0.2814137937500003 52202663269588
0.22589364578124993 1.1917274117187509 0.14640789046875025 52202683411190
0.2663838619375001 1.0840093707812501 -0.10528579699999963 52202703552842
0.23352945283125015 1.0224931411562501 -0.1806397704124998 52202723694392
0.16803694117125012 0.8368665832374997 0.02932851570125017 52202743835994
0.15947838106199996 0.6530992236212505 0.009058515686000135 52202763977647
-0.02794708030664994 0.59710096092825 -0.10233570698244998 52202784119197
-0.12964526190157 0.5816724679613507 0.03613680550778997 52202804260851
-0.1944266587400061 0.4882871931190813 0.1670930381562321 52202824402401
-0.3558831238670048 0.4916063169952647 -0.023210335100014357 52202844543949
-0.16212349128110404 0.1824696239087107 -0.18335098292376162 52202864685759
-0.14103912505613336 0.18998204678321784 -0.0018077394640094724 52202884827361
-0.06560229613865687 0.17348221945782427 0.09304843733504242 52202904968910
0.21556015527657446 0.14766028728501013 0.09447048814928394 52202925110564
0.07263122969000957 0.1927376048280074 0.049416722550677195 52202945252166
-0.026672848279242434 0.05572816979990591 0.2495309366342917 52202965393716
0.025219338564106186 -0.13255369462882527 0.7392365657136835 52202985535316
0.04340545132003504 -0.18477830726556022 0.06487558069594668 52203005676918
-0.22278296316272206 0.08829795965630183 -0.9434730705994929 52203025818728
-0.026151175217677736 0.5090294810062908 -1.5168145892920943 52203045960382
0.4413227121696077 0.2450043465237819 -0.9255854604961755 52203066102035
0.6002505525481862 -0.34213128840597484 0.6517069245718097 52203086243741
0.245447024069799 -0.28874409322478023 1.0881257935636977 52203106384978
-0.1738450174629108 -0.14304361442357383 0.23628432625720808 52203126526736
-0.3875379280328286 -0.025482254820108352 -0.5370467577442335 52203146668078
-0.1469077838325128 -0.07089849916858704 -0.6558703163516368 52203166809887
0.29678041355898976 -0.2307666508973707 -0.19223775698755952 52203186951437
0.6012915183471919 -0.27901029337414585 0.3962342084724524 52203207093038
0.4796904412402535 -0.09968528548056632 0.3741773081842119 52203227233702
0.1858519623672028 0.17148468177179765 0.1248423348286194 52203247375303
-0.15307624260623776 0.4435598157299374 0.1936116608316456 52203267517062
-0.22991949017874025 0.43136152445894993 0.6535587622590664 52203287658664
0.07792964223200782 0.1675623640984103 1.0794265996510033 52203307800109
0.15267574503560633 0.006693934247477884 1.294522725033303 52203327942492
0.13670358430973517 -0.013199540102016627 0.9112773597141421 52203348084196
0.22025153932278818 0.0455194694808867 -0.1071353387911862 52203368225538
0.2509082627082305 0.08333940370970971 -0.9068752632204489 52203388366514
0.02372465704158444 -0.04774498093848223 -1.037255581670109 52203408508168
-0.6118674423354824 -0.36945819178203543 -0.30835671142983734 52203428650238
-0.816947567149636 -0.6100318854568787 0.2945499824186302 52203448791371
-0.45704926465720885 -0.7065069536780033 -0.15264126406509604 52203468933129
-0.20952368906951713 -0.7940507777861523 -0.5785217026583269 52203489074626
0.10154608780688634 -1.0967518526976718 -0.36496579962666154 52203509216177
0.6537222218080091 -1.3870694509081378 0.06203126654867086 52203529357778
1.0075969180714073 -1.41260966228901 0.1296665171451865 52203549499327
0.4179183547696259 -1.0642918313937084 -0.3972433487838509 52203569641189
-0.6607336755592993 -0.6510062190212169 -0.9387663587145809 52203589782583
-0.7902568623224395 -0.5646038033419742 -0.7181395518154148 52203609924289
0.07958650232954834 -0.725267027048579 0.11972663979766818 52203630065889
0.8767673463948887 -0.7603894028888636 0.5086841438693845 52203650207335
0.6876443458659109 -0.30812841684234105 0.39858549868925763 52203670349821
0.013518797005228733 0.2641173837136268 -0.28539185495484376 52203690491580
-1.135766993645817 1.052565879627151 -0.43368457771387514 52203710632921
0.07993620977084648 1.681261688076721 0.7921636659539 52203730773949
1.6479699639104273 2.0589864012426267 1.33352341323187 52203750916123
-0.3009233452779082 2.8389982030253513 0.27431384777299606 52203771057725
-1.8137245160660767 3.225300124920281 0.7622611368121468 52203791198598
-0.10090637066536134 2.930655138998725 1.9451238508559676 52203811340199
-0.7787841785635392 2.74768573229273 1.2534135338097743 52203831481801
-0.7237963858195815 2.9112101092716838 -0.5049718096709306 52203851623298
0.28873632884433476 1.4762092983548474 -0.25079141258049464 52203871765057
-0.1122848627057822 0.6128277902463779 -0.1282210206893959 52203891906553
-0.3175866792271258 0.3020664314158523 0.8404407615734835 52203912048468
0.9100663988057993 -0.3614962689298178 0.8879165741025368 52203932190694
1.2157850526383895 -0.6842653745188549 -0.9414367602492208 52203952332191
-0.6757850438267884 -0.8602174753963325 -2.152893060543127 52203972473064
-1.8724273514676808 -1.4844264217233167 -0.7932617140595015 52203992614613
-1.2067675647678946 -2.484208617847404 1.0545385779711491 52204012756216
0.4984653427169343 -2.971827343496674 1.0144804717519191 52204032897817
1.0772268640172975 -2.734261191203588 -1.4550660132234645 52204053039678
0.5100847138700879 -2.2579289724941205 -3.333913650422522 52204073181904
0.4964466773460705 -2.180110267839046 -2.666105529713018 52204093323506
0.5594009942206065 -2.335274737708737 0.20147836919833584 52204113465161
0.08696171334523517 -2.1410469386044895 1.9617198047336688 52204133606762
0.06029202692618807 -1.4506427266648414 0.32621178128693495 52204153748312
0.3002599887284505 -0.5581582243006231 -2.845842098407952 52204173890225
0.7324199050452604 -0.14199777084674903 -2.9455091279451118 52204194031411
0.9304061388799584 -0.04969440808364922 0.7106215062376605 52204214173012
-0.2950061435835333 0.366225918845581 3.5100987674901285 52204234314665
-1.0005068679918268 1.3175901100764644 2.752829990554603 52204254456216
-0.08415793579971131 2.1352976739986715 -0.7035831755250677 52204274598077
0.379402166985231 2.6785140181051865 -2.435669274795054 52204294739470
-0.05643920391181523 2.6396740074529 -0.32926051749229335 52204314881071
-0.7413305623482023 2.2441000458060696 3.7264475430374153 52204335022778
-1.107224606128562 2.3925456616448564 4.369915358648683 52204355164275
-1.0315682591215998 2.7579818418158855 0.5913668572314461 52204375306033
-0.8671003104222801 2.7453503172027087 -1.733022236871093 52204395447634
-0.33891950615032407 1.9807529100121677 -0.8735149574656242 52204415589184
0.11176234429849075 0.8383376795722342 1.4216226043400009 52204435730577
0.4564264770012927 -0.010177024310962679 2.506389880347001 52204455872230
0.8862227245697842 -0.6036006038237698 0.902914638652601 52204476013936
0.3760558163745773 -0.6703560689965151 -2.0650095976716694 52204496155434
-1.0156592531503383 -0.6899469645722114 -2.9593318968873357 52204516297192
-1.5671538673640208 -1.497990286501519 -0.2484835839161188 52204536438584
-1.0271117657662168 -2.6017857838887153 2.651005613335855 52204556580447
0.059877970199526676 -3.1589066544547215 1.7203040023874343 52204576722101
0.7116352863158713 -2.904090655595027 -2.522352989496303 52204596863494
0.5391568618651972 -2.607317934632272 -4.535423895503293 52204617004992
0.6273215832421577 -2.908376320362068 -1.7480168507776341 52204637146905
0.8822771884687264 -3.0380902164459043 1.5935176717216428 52204657288299
0.4871938210874811 -2.4158847708129736 1.2133395280023143 52204677430004
0.15824870921373502 -1.5412039104003794 -1.1263742760356488 52204697571502
0.21667465096473815 -0.924039788476553 -2.425757623953519 52204717713259
0.5513182363967906 -0.5414657174999924 -1.3987603960378157 52204737854809
0.41505361255493245 -0.10702511306249463 1.5181987144197477 52204757996255
0.11436710879394596 0.5609009056437539 3.059151256692048 52204778137075
-0.14272262155859328 1.5503930877962535 1.1384220795723885 52204798278624
-0.9257869839656245 2.997699724143253 -1.1709273754045892 52204818420225
-1.0691818332662497 4.0977081191583515 -0.5237658261049214 52204838562608
-1.0113513259879998 4.288383780482931 2.420220737553563 52204858704262
-0.5612172912591498 4.352057122042595 3.868818191605351 52204878845760
0.3342781201176801 4.046025580446576 1.0926497681280307 52204898987361
0.19297181250039408 3.707181792482263 -2.9375134862788257 52204919129067
0.06562012578156518 2.399888500392061 -2.59385844527306 52204939270877
1.0415463935940021 0.8238048432823994 0.6774889273753018 52204959411644
1.1672092828439518 -0.044691476936581154 1.9912709270564917 52204979553038
0.8997342231501615 -0.49520142373676457 0.13310463227019342 52204999695629
-1.0272585199173707 -0.6131777405519117 -2.1609601418400954 52205019837075
-1.6064259565588968 -1.698977251035279 -1.5087607892533264 52205039978623
-0.5602262144658674 -2.847206703171974 1.175877110784839 52205060120434
0.16251238780230626 -3.4584172180063284 2.4132480753466217 52205080261932
-0.03859360538315504 -3.100779184561313 -0.9353805436289528 52205100402751
0.05602697116222588 -2.391524226555301 -3.6646374427156623 52205120544457
0.6195896433360306 -2.2866446742129902 -3.51545018854753 52205140685954
0.9622000349813247 -2.3415960128078925 -0.974054486775524 52205160827609
0.7275359068913099 -2.292710403996314 1.6441328754233309 52205180969522
-0.07586922370570215 -1.6611824833533007 1.9129381362761646 52205201110655
-0.2248555352145618 -0.8213165921513905 -0.5792442175415684 52205221252414
0.3785628374533505 -0.08691167215861206 -1.8123943974707548 52205241394015
0.8924742934001805 0.03657417789811035 -0.3019907132891039 52205261535513
-0.3035498621548556 0.2968740884122383 1.973531941087467 52205281677373
-1.3637749483176345 0.973107180886041 2.080473502088724 52205301818820
-0.4518842164666077 1.5546332056463328 -0.20626328817277106 52205321960264
0.8087318846392137 2.1508110567045655 -1.863887583663217 52205342101919
0.632483554586371 2.477509196926153 -0.7080656333368236 52205362243572
-0.045246066487153236 2.679260775509672 2.127151008955541 52205382385329
-1.1479156031897226 2.8493412375952367 3.5213252993519335 52205402526723
-0.6463964473955282 2.8625662517949397 1.437836606669047 52205422668376
0.43948684598982757 2.5717058334672025 -0.6301384295085124 52205442809979
-0.009726441176887812 1.880069744898762 -0.2355926772005601 52205462951632
-1.1727225591915102 1.2460235693565096 1.668325174645802 52205483093078
-0.5246648637594582 0.5540820390789563 2.448869124091642 52205503234782
0.4526069761799336 -0.25552587264308535 1.0694224477108136 52205523376332
-0.4186517237435532 -0.7480486278019676 -0.7577310848000991 52205543517830
-1.2092377852448428 -1.3908217147415733 -1.5219075240900795 52205563659639
-1.0357496031958742 -2.3969713366370087 -1.025594866928314 52205583801189
-0.30998395990044925 -3.2302113466533573 -0.1992356591676514 52205603942687
0.6772081445796405 -3.5443009132601855 -0.6806775898341209 52205624084288
0.9921083125387127 -3.251602839983148 -2.2568711734297966 52205644226983
0.6493507125309701 -2.814600143080268 -2.7629310207750875 52205664367907
0.691953714556026 -2.6654252316517146 -1.20830624240132 52205684509353
0.8008041825823209 -2.4728553220401217 0.521318873266444 52205704651007
0.583343541378357 -1.841223710757098 0.5314349814256554 52205724792608
0.3371460245089357 -1.0485038709494283 -0.5411239875157259 52205744934783
0.19776857741964848 -0.5524383506657919 -0.8385144243875808 52205765076333
-0.054919903689281346 -0.19986083678263356 0.06523582377118542 52205785217882
-0.06362586435767503 0.21204736573014316 1.3947789910481982 52205805359379
-0.4082737383611401 0.8288542011778652 1.3689481928385587 52205825501189
-0.8981033656889121 1.737570665629792 -0.4286451566666529 52205845642791
-0.5205823019261298 2.6556204973475834 -1.8559288206458224 52205865784653
0.31569968580284624 3.2943206166280667 -0.7402362205791579 52205885925993
-0.186905583388973 3.695002391739953 3.3732895391616737 52205906067752
-1.5357305213986785 4.155513632141963 4.839342080548089 52205926209145
-0.2842606866501929 4.326132097119821 0.8720840160009717 52205946350746
1.6478722123985958 3.7640428847271075 -3.2677502676679726 52205966492400
0.5180780433563765 2.6825111632504353 -3.0799716985093784 52205986634053
-0.3209989910961488 1.7528570751315975 0.49858367634874723 52206006775655
-0.0701536850644191 0.698794449167778 2.189858152016498 52206026917256
0.13273203241721476 -0.2566504758220276 1.3732244122381987 52206047058755
-0.246023846722478 -1.1510967478451217 0.16426556494680877 52206067200512
-0.3915700539404825 -1.9869662654635967 -1.038692528511303 52206087553937
0.2213508904413639 -2.549790297527128 -2.1744598821840424 52206107483559
-0.02871762749065887 -2.905591515365453 -2.255595737778484 52206127625265
-0.6243046683987772 -3.144456122448613 -0.45821194178528746 52206147766761
0.03526085512472843 -3.3182382378026407 1.0351760520405202 52206167908468
0.5360211840997828 -3.2418342425858633 0.08718625178866612 52206188050122
0.8241294472798264 -2.862400499537441 -1.8375752173190674 52206208191463
1.1797259211051112 -2.4601474504112026 -2.765921990261504 52206228333273
1.529156713446589 -2.119082315797712 -1.2955378851779533 52206248474770
1.5104957809135213 -1.8665549151381695 1.1280960590451374 52206268616684
0.808897113012067 -0.8845159047667863 1.7581042886423601 52206288758025
0.07645118650340366 0.4137617879053215 0.16352688794513792 52206308899471
-0.6670617070472771 1.4360021061055068 -1.6889660873001398 52206329041228
-0.4548529789190717 1.4795634036344048 0.9374867981286383 52206349182673
-0.4595977151665074 2.0174886135325236 4.270167661159161 52206369324796
-0.03351069166445586 3.1616105197322693 1.256514988302329 52206389466137
0.49842338026218536 3.8323279665670658 -2.1881473843581367 52206409608311
-0.6910318036027517 3.9424859084099033 -2.5171682981115096 52206429749496
-2.2815485874134516 3.5809784728216734 2.5231183888545425 52206449891046
-2.2091011746182616 2.928039614194839 5.420814047021135 52206470033168
-0.2658405100071093 1.857360890574622 2.607513054023158 52206490174614
-0.26057279863068716 1.5852661538659483 -0.7999026427189739 52206510316216
0.2996106087517003 1.066906770749009 -2.6772023876126796 52206530458702
0.6619785260638602 -0.1437768294945414 -2.362440621027644 52206550600044
-0.5485055580551617 -1.2597968542206317 -0.4738880436971151 52206570741905
-1.6765485870691292 -2.190527913064006 2.4636263814485577 52206590882726
-1.4654209985615534 -2.8747245765449563 2.6873805973463463 52206611024326
0.027260369119507466 -3.2478875713922157 -0.3281716939979229 52206631165981
1.0716373968581063 -3.2971870102387726 -2.8008918473858384 52206651306072
1.3699441948302349 -3.391887791784768 -2.403494239627421 52206671447570
1.122749789457938 -3.362997538115315 -0.12410154404568674 52206691589223
0.5962222925038505 -2.886284260961002 0.1383042139822006 52206711730824
0.29200468947183045 -2.1640200845500512 -0.8557872928767396 52206731872739
0.5000710367337142 -1.6969509309212913 -1.511058056957642 52206752015329
0.5492999934494713 -1.219389358018283 -1.1533776955661135 52206772155994
0.40064604944707716 -0.8615222286021265 -0.08370069160914084 52206792297179
0.028402581745161637 -0.44274561491295117 1.4222850521814374 52206812440186
-0.28115977054137087 0.2692898361946394 2.05528409643265 52206832580382
-0.13612166408934678 1.302931868955712 0.021863995896120203 52206852722087
-0.3085189133027275 2.3541252803208197 -1.881104994689354 52206872863637
0.19984014279531803 2.9867304000379065 -0.5058849723139833 52206893005134
0.0725063915800046 3.405216839561575 2.6500649713675637 52206913148351
-2.073513441423496 4.3016270849305105 3.7956379145940513 52206933289691
-1.9834079211075473 4.910430085913159 1.1219107223002407 52206953431554
0.4773971982702121 4.197692213261778 -2.4527643909098074 52206973572843
1.5424524265849198 2.971007774515673 -2.265055751009096 52206993714444
1.1279194607991858 1.5111323914875374 0.7849524695052232 52207013855994
0.5105997287955986 0.5773141163150299 2.664509827166679 52207033997752
0.5151936502239789 0.05065744539577288 1.2143837406395934 52207054139510
0.4810636115854332 -0.5421522663396328 -1.7309954488945754 52207074280746
-0.7833131732316536 -1.3190855826029555 -2.5335390348969105 52207094422452
-1.928628077647823 -2.2289378996761133 -0.2976686302612783 52207114564157
-1.5508248253995083 -3.1602133080221417 2.2384031817284775 52207134705708
-0.1159528290696068 -3.7687590253239627 1.820117076632782 52207154847414
0.8586171312755644 -3.5943163022904194 -1.4662207918187744 52207174988963
0.9318399940829516 -2.892176674644837 -4.29353327408002 52207195129418
1.1039680890163612 -2.4547569647158696 -3.4887816973890162 52207215270915
1.188118318869339 -2.3596185600539457 -0.2429662758799629 52207235412413
0.6468813738454711 -1.9687739496056569 2.0807002214835295 52207255554014
0.2992555873576268 -1.0762886909345255 0.9194063685930738 52207275695616
0.11350114957360147 0.03959160584612942 -1.894821584813041 52207295838676
-0.17505601393486891 0.5693441831144028 -2.096789885037933 52207315980330
-1.0759212759916452 0.6331364793040217 1.5679294200946536 52207336120474
-1.3012277434495663 1.2340360389119676 4.221946075138224 52207356262075
0.2881193677403471 2.1364964092545744 1.4994318601105787 52207376403572
1.3125877793485277 3.5178030844349095 -2.155813398630287 52207396545381
0.6283905359788222 3.865255651141677 -2.6450852892167296 52207416686880
-0.3424413798106922 3.5794603802883422 2.6190758115953665 52207436828428
-1.2205839632235538 3.073065374543173 6.527633696151294 52207456970552
-1.6010155104225934 2.03900649885329 3.827514671764785 52207477112049
-1.1324115294318249 1.7222086170513826 -0.8749511532131717 52207497253285
0.5351352295795402 1.0410725577036075 -2.9992162936642877 52207517394835
1.6443313281948821 0.026901014912885657 -1.95481737086893 52207537536488
0.2785387930246559 -0.8341066294759418 0.16019395486735633 52207557678090
-1.9143515827677753 -1.2963502449870035 2.270562390456385 52207577819743
-1.8597161294954705 -1.9826368366146028 1.271125205333858 52207597961345
-0.3669599153151264 -2.750062106010432 -0.4867253240141638 52207618102998
0.6370961302478988 -3.228308962152095 -1.9581912943675812 52207638245695
0.7991666502920691 -3.241057814252926 -2.154211726900315 52207658387296
0.3741477733586551 -3.0697749623398423 -0.9988088346452519 52207678534210
0.5673602108744242 -2.8891573722156245 0.18407060806504827 52207698675551
1.2803041843245395 -2.3854591985537494 -0.1452239822979613 52207718812517
1.5041994021471319 -1.6044855229054997 -2.149528795213369 52207738953858
0.26229506859270546 -0.7699409573868996 -2.3880312392956955 52207759095564
-0.3648831834070856 -0.6217266916907693 -1.3223512609678065 52207779235707
-0.26557598031941865 -0.6972348689776151 1.194291842788255 52207799377362
-0.23047836238053487 -0.4177976608070919 2.334730349230604 52207819518858
-0.10111852974817781 0.30458023072932683 0.6817125020407333 52207839660513
-0.01622197223604216 1.2163204345834613 -1.2643467952424134 52207859802165
-0.3738540426325838 2.046152050791769 -0.6384427682251808 52207879945486
-0.46270628098106714 2.6418654882896657 1.8812623869823555 52207900086983
1.0138315572463963 3.268277546881734 2.0888966283358843 52207920227023
-0.5296574104528831 4.2390483070366365 0.4719595878249576 52207940369873
-2.7328445807060566 5.31974206359806 -0.21454658755253408 52207960511163
-0.47835330128359566 4.20747822119095 0.49926116745797255 52207980653286
0.6746781988168733 2.211002108202761 0.3205270980288777 52208000793377
0.11862439499099864 1.2856229756247082 0.2401008776418525 52208020936489
0.986330180055299 0.6582469156560169 -0.4894256455427679 52208041078090
1.1941788901379893 -0.03757483075643542 -1.6367553601842144 52208061219692
-0.3467442902333586 -0.639068653667648 -0.4871508701786218 52208081359834
-1.560915939999187 -1.688842813559118 2.3822397530758526 52208101501332
-1.4588645879368496 -2.5660522781910444 3.0378352594919322 52208121642935
-0.41911803753697985 -2.8323340100528345 -0.09807651896895431 52208141785890
0.6201010777829161 -2.7250835166360172 -3.6991887542376634 52208161927439
0.7839348661325829 -2.499341715652564 -4.641955983858881 52208182067686
0.5581049241560665 -2.568040267053302 -1.967727384743355 52208202210643
0.8037837440123532 -2.651636803486392 0.7334596937678162 52208222351046
1.1422335381786326 -2.301546259195364 0.8201417784517528 52208242492595
1.0354543110116563 -1.6249894487625411 -0.7780174366135979 52208262634144
0.3033268277155752 -0.9053992738537833 -1.8366229336658784 52208282775746
-0.09770719017128981 -0.49001766127052715 -1.0421132883389528 52208302917349
0.3933674509879681 -0.38613033995392243 1.0800911076100879 52208323059210
0.4571011873528745 0.15059279834936223 1.5400494485880705 52208343201853
-0.3682301829302004 1.1940093949294903 0.1656455159017064 52208363342621
-0.5936197908754104 1.893293453443592 -0.5307160091536349 52208383483702
0.3953434251121717 2.0860336885361237 1.010253852833342 52208403625407
1.4108670252459874 2.1491003883288986 2.5950683166416737 52208423916801
-0.007097395428210085 2.6768120489443685 2.1613085595633392 52208443908924
-1.4789567249363182 3.2702948539992445 1.1684999726506713 52208464050264
-0.9547107901053047 3.2980962347618963 0.830857107026787 52208484192075
0.2069466999470062 2.610974546403268 0.6952887129651795 52208504333676
-0.2701482064486451 1.7960428207163641 0.8335991344346438 52208524475382
-1.6197562604714162 1.254021756573092 0.6881683700477152 52208544616931
-1.1497234654083828 0.4674874247897236 0.2634375280694221 52208564758741
-0.1099765262329564 -0.6803069351682218 -0.0599531025444624 52208584900186
-0.08500270536136512 -1.609724063759577 0.3170643734331797 52208605041788
-0.4350309728828421 -2.0947006377264117 0.2901139010902938 52208625183390
-0.3867698954937735 -2.4098303343998797 -0.9638317306902651 52208645324626
0.1671709976674811 -2.6932451268949045 -1.6834433142397125 52208665466124
0.8284877746964852 -2.9625672929221736 -1.45669117482927 52208685607934
0.8279147314759383 -3.003269166368989 -0.765597080488416 52208705750786
0.39125024221200055 -2.7119903330951916 -0.6501485628282326 52208725892230
0.5890255843946006 -2.3725951961636538 -0.7175553737000862 52208746033989
0.6086716393906806 -2.072868637399673 -0.5497034786475687 52208766175330
0.2942859443250445 -1.6663515505447393 -0.558964443074305 52208786316983
0.4234170367100356 -1.075464052935792 -0.9909947966469441 52208806459054
0.9255744496805287 -0.6162428243798832 -0.5016337279425553 52208826600134
0.6048150284944229 -0.15805773606640727 -0.24923178704154436 52208846740538
-0.6289653600169616 0.48309970958437365 -0.3483478319769855 52208866882192
-0.7760726786385692 0.8340017403237496 0.04984956644966165 52208887023689
0.03107056802664454 1.0687028571027497 0.23095631331597932 52208907165395
0.9249052825463158 1.3807801567759501 0.8984247186215337 52208927306945
0.8989452221308026 2.51760019963951 1.053261259272227 52208947448547
-0.7431363027641078 4.009160726117859 0.18720129257403162 52208967590199
-2.0491965422112863 4.722099088706788 0.9045339832779753 52208987731697
-1.102260065800279 4.0701597397154305 3.0002995499036302 52209007873351
-0.2426723104527233 2.688000350366096 3.1178177649229046 52209028016254
0.4580227961690715 2.7020604365428778 0.35710821584457353 52209048157960
0.4722165767790072 2.156301669546803 -3.1820258296680914 52209068299561
-0.7895363088892942 1.4758836207936916 -3.039028866859473 52209088441060
-0.7836554142989351 0.2271180294474533 1.3620874533874217 52209108583910
-0.502681167376648 -0.8108959084732881 3.0145723064599377 52209128722961
-0.8096278440575686 -1.4084701447473797 0.5423951498554502 52209148865082
-0.9611788377460551 -2.1217101978291524 -1.8811473566781398 52209169006371
0.00985331652190613 -3.0423266543570726 -2.251963783780012 52209189147817
0.9308440789987751 -3.7763051711419084 -1.2092858707740095 52209209289314
1.3252416694490203 -3.8642936486322768 0.09984425259954222 52209229431332
1.1344364996217162 -3.4359661689058214 -0.5014112190141162 52209249573923
0.38302527391612307 -2.425311021062157 -2.728326240836293 52209269715473
0.6144646527266486 -2.0226218637247255 -2.6815013247002843 52209289857074
0.8849188901500689 -1.8551702448860308 -0.7855330910102277 52209310001802
0.8904058152450551 -1.402202602158825 0.6221106365668179 52209330140173
0.2793900818835442 -0.56903991375831 0.5449053061284543 52209350280629
-0.09944936027441464 0.23136474868085166 -0.4261973371284865 52209370422282
-0.08356339446953176 0.7789394551946813 -0.40239585798403926 52209390563781
-0.04802747338812541 1.1747140641557454 0.7763132940815186 52209410705434
-0.026837506054250282 1.6340705677308467 1.697613135265215 52209430847087
-0.7275857274996502 2.2909966885596766 1.7339450003996721 52209450988638
-1.0879767851247202 3.0898163938164913 0.8455422307884877 52209471130291
0.291825603150224 3.2556787986469438 0.004387886193290225 52209491271788
0.5302866543951792 2.916310617042555 0.35810015270463214 52209511413546
-0.3061173561713568 2.539860017071545 1.8952569776324557 52209531554940
-0.26650033024958564 2.0458772714697364 2.2282905430434647 52209551696697
0.14921428658158153 1.4857618757695406 1.1880157352160223 52209571838194
-0.0800060121409849 0.9634874303031324 0.2738622952040677 52209591979848
-0.2900302003377879 0.4480116239300056 -0.7096088943054961 52209612122804
-0.49650169933273025 -0.20832654069974588 -0.48583897091314654 52209632264353
-0.9142789961849342 -0.890587013809796 0.8397467920194828 52209652406006
-1.1297264196041974 -1.3506776188603382 1.3386675508030859 52209672547296
-1.307577522402108 -1.6818482474320202 0.0831532789237186 52209692689105
-1.0273364319841862 -2.1167310393518672 -1.327520345611025 52209712830655
0.06676610831890084 -2.7700327807002445 -1.38081510461382 52209732972153
0.9395701132176209 -3.1606673378414456 -1.553968489941056 52209753097513
1.207454430417847 -3.0465026202731558 -1.849241686484095 52209773238958
1.4579435248030277 -2.6739330532497743 -1.4017566304372762 52209793379466
1.2771336284361723 -2.1953232004123198 -0.472394073881071 52209813521068
0.34006627774893783 -1.5518396150173555 0.39751198698889323 52209833664022
-0.3617604543633497 -0.9452924927951347 0.14320490209111458 52209853805364
-0.4531778947406797 -0.6439293067361085 -0.35760404707710824 52209873947486
-0.1837093079800438 -0.5918524297638861 -0.07296067906793646 52209894088568
0.14883333486596495 -0.32178516646735833 0.5619073356519011 52209914230221
0.317894792892772 0.3189512613573635 0.24017528258402088 52209934372239
0.2209051897829677 1.0882908918983905 -0.23027188330778325 52209954513320
0.26373587057637415 2.1609037096124624 -0.20605588555247656 52209974655337
0.5572289308360991 3.08134747940872 0.6772817564017688 52209994796680
0.4420111720126292 3.477297221808225 1.970218959808915 52210014938280
-0.8419721170773968 4.2902606290090795 2.162491085815882 52210035080247
-1.4038389241306675 4.490558112582264 1.223279001465206 52210055221328
-0.7759275846170341 3.7603175838158123 0.8113014238284149 52210075363189
-0.5534080833186277 2.3548238912713995 1.669939576562732 52210095504583
-0.48795351743615223 1.1853361637983681 1.225038575312686 52210115646289
-0.25643947410517187 0.4880028177574438 -0.9492293936561014 52210135787890
0.2752195144658627 -0.15384823407529424 -1.8590295110186315 52210155929439
-0.65958513061481 -0.8197216536664858 -1.1931684330336552 52210176071249
-1.5813180068355983 -1.7226230260581872 1.0087342965418262 52210196212590
-1.2793488390622287 -2.5713845536590494 1.247404917702211 52210216354296
-0.16608161031228263 -2.929409889020988 -1.114380753338231 52210236496002
0.874886176593924 -2.90473396590429 -3.289282922983085 52210256637343
1.6139714412751394 -2.814595278192183 -3.5312676469802184 52210276779257
1.4599515670826113 -2.7324135272412455 -1.9398090394591747 52210296934400
1.006205882572339 -2.322295567886747 -0.5457315089110898 52210317062252
0.08970591699537112 -1.4712641886843976 -0.9165290547851218 52210337204270
0.008385827346296892 -1.0120699446975188 -0.9208575211718475 52210357348685
0.8134103220332876 -0.7966432604455154 -0.539518048187478 52210377487421
0.58933909747038 -0.5516700771064125 -0.5835065283937324 52210397628606
-0.2925179798361959 -0.11975403043513033 0.8680336444725141 52210417770676
-0.9649347940252069 0.5464575178393956 1.2838190054217613 52210437912695
-0.06535603834516546 1.0568681627090157 0.5932295207436591 52210458053411
0.7050393880738677 1.0282582020422124 0.5142442611261773 52210478195585
0.2827937174903441 1.0517569522587706 1.384405662807192 52210498336614
-0.13469031897647477 1.5400139602445169 1.1339527529020037 52210518478476
0.08530194403757019 2.231010191633114 0.064437592946603 52210538619765
0.6036907739800563 2.832220262681492 -0.6841799061114677 52210558761575
0.36701023637154506 2.594535975770194 1.0541575399545757 52210578903229
-1.0294997210590142 2.3651307337411556 3.065139996807411 52210599044674
-2.689029464347212 2.5689234346491734 1.3273683451021787 52210619186432
-0.7458036496027693 1.6294185328755884 -0.24970200360575712 52210639327773
-1.1048094235884656 0.7988961544254707 -2.055694220072106 52210659469478
-0.7361668748082728 -0.17578786161587345 0.9883425731610656 52210679611184
0.7818550743721318 -0.9907157385114473 2.3716066757163525 52210699752734
1.3238727313727052 -1.1669988603404082 0.1557203991668321 52210719894439
-0.3179281820893358 -0.4559867835848266 -2.1278772939477846 52210740034792
-0.5752043620777187 -0.9974554424928606 -2.2291084757832276 52210760176236
-0.238203040443425 -2.235256834463039 -0.5122662728140821 52210780317890
0.28670807545776 -3.16009267460168 1.5192397161237343 52210800459595
1.0989465384912083 -3.379087323275094 2.1723497807114875 52210820602447
1.5319282268867167 -2.901145835182575 0.1409804105066903 52210840744309
1.5746880893218733 -2.25033561345856 -1.7353357887821481 52210860886432
1.1965058425512487 -1.7683348970168487 -1.5552486114944686 52210881027304
0.641469810759749 -1.2711010230822293 -0.667929357945575 52210901167707
0.17168414938904908 -0.8753036700282832 0.23557838864354008 52210921309205
-0.3244324656450108 -0.5525378578976268 0.46519610935233224 52210941450702
-0.6543091561097587 -0.3230605597556018 -0.3202259250181343 52210961592252
-0.8306372662940569 -0.21856807671073142 -0.4580850368895075 52210981733905
-0.2960283677227453 -0.24150485199358585 0.6847038454883942 52211001875455
0.7556577745718038 -0.04057936987611921 1.0524383693594652 52211022017109
1.056955418876193 0.5977489064428543 -0.3580126834186781 52211042159231
0.35210730385095435 1.4855111368730327 -1.1371425686099426 52211062301927
-0.16822870770048648 2.443267307935926 -0.43891327363795396 52211082443372
0.22503617446461077 3.0810054479112408 0.038273677964636654 52211102585182
-0.04626500574081138 3.247653479422743 0.4332434540904593 52211122726679
-0.9085940358426492 3.118520732756945 1.5677129273348673 52211142868124
-1.0153639982053693 2.690812679955556 2.405610771555394 52211163009882
-0.1723619993455454 2.482618405683196 0.9020398867755652 52211183151536
-0.5886342283826862 2.288963376890308 -0.5814076413607978 52211203293086
-1.614974765518649 1.9629211897934962 0.3809066017551115 52211223434635
-1.2647337186649192 1.4102783580847973 1.739979187654089 52211243576705
0.04912611100556452 0.5917969052178389 1.2122714360607714 52211263716327
0.3905337989607016 -0.23634030785697924 -1.030561269120133 52211283857878
-0.7193966913001888 -0.9536962697230837 -2.3314192301398564 52211303999583
-0.8336472358526512 -1.7941581876534674 -1.6567979817681353 52211324141132
-0.006077944932120882 -2.526867077466523 0.21892196614799175 52211344282630
0.6146322729605531 -2.6432343846294692 0.6605013424496433 52211364424283
0.6578190996184428 -2.256323347547326 -1.6514207033840353 52211384566302
0.6126810609447544 -2.169524010069111 -2.9308777736447285 52211404707590
0.6543172120370535 -2.5943594424302887 -0.7491944064157827 52211424850390
0.9780802344733928 -2.948473393787981 1.177158146742374 52211444991887
1.4014339141412142 -2.329445218936635 0.4240751502063993 52211465133489
1.0140792602192215 -1.3013735579618082 -1.2867530634286306 52211485275038
0.30053342770662717 -0.578232635431946 -0.8876788179304045 52211505416692
-0.7444243320534483 -0.04547185053305647 0.5398813597181764 52211525557149
-0.15402335236150866 0.3687738867610548 -0.7401774317567089 52211545698750
0.11292633764204307 0.8518794609713431 -2.487344582124117 52211565840664
-0.6758576603551156 1.4010470258083245 -0.48535906413679375 52211585982005
-0.4024659134403423 1.21600363627166 2.239117533846815 52211606123659
0.01408683956022605 1.5727784949548287 2.9553321130149524 52211626266093
