-0.6235872656583219 -0.06605772054827774 0.07765962058027132 52172873835457
-0.6235872656583219 -0.6605772054827774 0.07765962058027132 52172873835457
-0.3999806523704077 -2.1050364714174723 1.125128184745467 52172893977372
0.319297704666174 -3.347200563852727 1.0670947352963736 52172914118765
1.0293395309204392 -4.060231154207182 -0.16486669223165107 52172934261043
0.8165380309863515 -3.8312537710219967 -1.9743616155040709 52172954402332
0.34458784666408127 -3.4840948136925967 -2.2311250345907565 52172974543830
0.19968150780001515 -3.1745683314228277 -1.0256226839226055 52172994685953
0.5569375890525121 -2.9619569112320123 0.4100804661431656 52173014827398
0.9319270243670098 -2.50302500164186 0.47775919713328263 52173034969104
0.25353722496235787 -1.4641509583447387 -0.8268258454183739 52173055404298
-0.7720603567488638 -0.47249264167579064 -1.3597761060221991 52173075252203
-0.09263607836784105 -0.1326694063093825 -0.19977156841150945 52173095392553
0.48625490683697714 0.07657931870249435 0.7068087218332925 52173115534103
0.17038820281333178 0.7924280057432451 0.788408403247884 52173135675704
-0.4262504729055847 1.616071310844596 0.17657633197330713 52173155817410
-0.5864959837932178 1.875523064300677 -0.10949577035885416 52173175959012
-0.04400147453457426 2.026590326440542 0.7649546532441667 52173196100509
0.3579384688098406 2.5558914017774335 1.4813118671265832 52173216242163
-0.15816826792087746 3.2956530628281975 0.07301336088876664 52173236383713
-1.8400477979304521 3.855772938543808 -0.9789672409764867 52173256525262
-2.159819000063112 3.5619498938037957 0.8599414415938109 52173276666811
-0.8995470945817394 2.163414895511787 3.3546767860875493 52173296808466
-0.01512107410289154 1.0914741039094285 2.4005505109012897 52173316950172
0.12617218368643668 0.7855816268775442 -0.15520656393521826 52173337091721
0.5307839383553996 0.26633151243953535 -1.3646437667731748 52173357234572

