0.5038449874002124 -0.25208032967543126 -0.11796261429948007 52175955501121
-0.65659197882983 -1.2688883848340957 0.42401369762291585 52175975642723
-0.8737843252513642 -2.450633168804776 1.0372944541920828 52175995784325
-0.0844034367635913 -3.3437340741063206 0.19769445007241604 52176015926083
0.49523359824537705 -3.533275833503806 -1.7614489321295674 52176036067527
0.4428055309400516 -3.239206116021794 -3.113944301953654 52176056209181
0.44184208100204136 -2.963838037348685 -2.1388971407816735 52176076350784
0.9256904616766333 -2.8538341017539484 -0.18930374778158865 52176096492436
1.4183844005913069 -2.613914449371909 0.016586786930979036 52176116634403
1.0633940439105456 -2.0940490399662774 -1.0720455118614667 52176136775691
0.02708242262843641 -1.444196751504272 -1.1805123860516735 52176156917241
0.11487882872774913 -1.0770126746409172 0.4204460481899112 52176177058790
0.3890466176696994 -0.8298352373689841 1.588114651051929 52176197200445
-0.6716362410204906 0.14747214213606252 0.6049887911540432 52176217342098
-1.2533734459413925 1.1546354285526004 -0.6502863108267655 52176237483700
-0.6711802020656141 1.4237693779983305 -0.4324849080364124 52176257625146
0.5737820730217571 1.8178823237939312 0.5539347565129461 52176297908400
0.6488205802924057 2.8064054684101443 -0.3377970190083932 52176318050106
-0.04025750060982547 3.524335800509366 0.29322674026203543 52176338191655
-1.3320717231441104 3.8093612185324925 2.1092640093971284 52176358333361
-1.6097125542965385 3.537759970919744 2.6416836684552027 52176378474806
-0.7039199457809806 2.7541337579857963 1.3957688097641623 52176398616357
-0.4724499214685345 2.004979369669888 0.8516003993738299 52176418756863
-0.34594089420607776 1.140824316048409 1.2407529757490643 52176438899611
0.2640187690101379 -0.013280488567522397 0.8229002321617513 52176459041421

