0.6088234610517489 -0.0644550447925532 -0.05496987844562762 52175431818439
0.6088234610517489 -0.644550447925532 -0.05496987844562762 52175431818439
-0.7951800006898511 -1.1515534442779263 0.5693541753684981 52175451959937
-1.2794667544581309 -1.7336084780785903 0.40880365279479847 52175472101747
0.09637288549599532 -2.674716372306623 -0.17765678479541114 52175492243139
1.2382799490217966 -3.4048731955015477 -1.516039002055079 52175512386043
0.9707631193736872 -3.5209810759324878 -1.7526261235190632 52175532739624
0.7657950658114498 -3.1990114232459916 -1.3675550003777508 52175552669090
0.8248552909304099 -2.8519581620342933 -0.5225474182709506 52175572809858
1.095919388994328 -2.5884268811899345 0.3743570849144895 52175592952553
0.5226827768204625 -1.956959766670698 -0.8646012461309085 52175613093895
-0.39276686448112996 -0.8931801180240582 -2.172174160967227 52175633236902
-0.2158614408036541 -0.6383355983254972 -0.3141431373675315 52175653377984
0.3213294020445767 -0.7556635958478983 1.8302406658872248 52175673519897
-0.06201606820808858 -0.423244255584569 0.72339663427228 52175693660353
0.4134974969960292 0.22715166584484514 -1.076568337113426 52175713801798
1.7735470210343234 0.6652784615821261 -0.8705320134407408 52175733943556
0.6418356637024587 1.3001182770782016 0.20074235799740736 52175754085054
-0.7279133049755331 2.251972063068811 1.345994277022926 52175774226708
-0.1285220502304265 3.2214140762362993 0.8270639763058409 52175794368362
-0.20456324565309125 3.9776561633327887 -0.43461346739282725 52175814509910
-1.0363678816787232 4.625508719728732 0.4524557104607383 52175834651981
-1.0703418639367288 4.135160393751736 1.5704362480560907 52175854793270
-0.5551870653681332 3.397703510313889 1.0695325921948724 52175874934715
-0.6883635194820066 2.580882534813611 -0.2970594731191021 52175895076369
-0.08089101089810535 1.8345180395696392 -0.41120714880778175 52175915217918
0.8664395350315157 0.7367794707182114 0.04074863642252469 52175935359833
0.8664395350315157 0.07367794707182114 0.04074863642252469 52175935359833
