-0.023469938124844658 0.005907947121908563 -1.542812569916007 52172330012423
0.08846281903137432 -0.8881203219899731 -1.0801484934328052 52172350154129
-0.4110778893061504 -1.5657086599357282 0.505607767753756 52172370295731
-0.6642504950386705 -2.079349154511082 0.5034730306092552 52172390437384
-0.6699746147809362 -2.3539090111088647 -1.1870531184813458 52172410578882
-0.1536554730747488 -2.6003147088870904 -2.3483363424413266 52172430720483
0.49506878560270096 -2.919436337422173 -1.8173775700468113 52172450862189
0.9968851066071607 -3.138564206656489 0.14469413536880094 52172471003687
1.0487532024732287 -2.9222039043876906 0.6991659528262908 52172491144923
0.716370726041083 -2.182074646947653 -0.7861140150827175 52172511288348
-0.06182773557338361 -1.191582569120623 -2.6265352550349244 52172531427606
0.21168283107254315 -0.9106757232652489 -1.0551100399654394 52172551569259
0.6915996828267845 -0.8654668481434493 0.8779456594338986 52172571710914
0.8969198829801777 -0.24693890820225928 0.847827718953369 52172591852618
0.49741871888414213 0.6950025843756933 0.09059127672519507 52172611994169
0.08381143995106366 1.208211540156805 0.27530505263015614 52172632135614
-1.389798992570399 1.987687396187944 0.866569725697875 52172652278152
-0.9685164401500692 2.7558359521066054 1.8580995305583001 52172672419703
0.8582556955361946 3.178325988247785 0.7262623392903902 52172692561252
0.2625933259602058 3.8940890132544776 -1.3051839762239381 52172712703062
-2.077620651731835 4.5854250191973325 -0.1801335091041505 52172732844507
-1.2275628299792185 3.6819630622328674 2.98974329037293 52172752985327
1.3634453414853753 2.466542129473794 2.4523781283920942 52172773126929
-0.1345116806681097 1.8013237792694792 -1.7728730173603098 52172813410183
-0.5536054382844877 1.365534121071832 -1.350622632638248 52172833552306
-0.23381452640884004 0.4152300312324648 -0.9809131451730984 52172853693752
-0.023469938124844658 0.005907947121908563 -1.542812569916007 52172853693754
