0.24658691388484 0.0470545990350395 -0.19741445397567592 168993731258428
0.1586586912641219 0.25097375735303196 -0.6830048053680409 168993751399821
0.28569160144879757 0.30193867385117557 -0.2989673208569328 168993771541214
0.24930523428403806 0.2622052359559408 -0.07675930590429636 168993791683493
0.09157065227098027 0.326707548139753 -0.025006077535937088 168993811824471
-0.10682160318321565 0.3377820541368024 0.4883935754712503 168993831966019
0.1270915455784274 0.3901108972156919 0.5626264814707502 168993852107830
0.2686532169314919 0.44497445996005425 0.06865587267660023 168993872249379
0.20234933135769362 0.3962261499992934 -0.02724082920246973 168993892391085
-0.07977092553884502 0.3136728145306851 0.3266936647630243 168993912532425
-0.6343123458998261 0.22020094693704806 0.8473534669666698 168993932674183
-0.25635124390736075 0.33919786692463916 1.149708945448336 168993952815942
1.3008882431553614 0.7524984302584627 0.4843911797961691 168993972957282
1.6641969226492894 1.0711393692067706 -1.1429802202255646 168993993098988
-0.25274890719306864 0.8873924523966661 -1.6734540003992018 168994013240902
-2.1155536179419547 -0.37049375292641606 0.4226381668681385 168994033382035
-1.899217796697314 -1.5257895335911336 2.697754088182011 168994053523844
-0.25166183501410133 -1.8875017440604065 1.8362550283581092 168994073665290
0.998975707769969 -1.3370277624358256 -0.9121727351260125 168994093806943
1.6359237302784753 -0.44992006151116115 -2.32157168419456 168994113948649
1.0755968943790302 0.09270066954107037 -1.6780947496993983 168994134090096
0.0036781990969740885 0.14298377782035665 0.10499734477173117 168994154232269
-0.8595574407224209 -0.04550067305621397 1.166456371911135 168994174373558
-1.3187250541404367 -0.11284096813247046 0.8944688084664079 168994194514899
-0.9556392229998494 -0.04284845809972637 -0.07099721885187371 168994214656657
-0.3076144057436294 -0.0369276922610311 -0.43819425945649915 168994234797998
-0.08903586053240353 -0.1662486967775756 5.432252473007715E-4 168994254938610
0.0025628154803269965 -0.3128207347658094 0.4430615333228407 168994275080109
0.0942133383217616 -0.2530764120313975 0.3482236407207724 168994295221761
0.19304645190740932 -0.051264840562618375 -0.3313209897671321 168994315526332
