0.30345758150199265 0.058360689148154066 -0.43083805757447946 169019552785666
0.19801508863909412 0.2441372817872729 -0.2601977898095833 169019572927112
-0.3442612689324749 0.39401588011731903 -0.16586086856641646 169019593069183
-0.27131965967723026 0.4893826259688545 -0.027927952665633082 169019613208909
0.23525140116446597 0.5451804171813333 0.2627528527112437 169019633350770
0.3319877420253228 0.6073113259325655 0.3173189813877446 169019653492164
-0.1992779704422416 0.6666229865273028 0.1992165132351955 169019673635016
-0.5735947396350434 0.5848608892218419 0.07927067152565614 169019693776668
0.0019640520419654806 0.46755912153372314 0.24730325597052483 169019713918114
0.9482387221023223 0.48868352769572887 0.53436604227642 169019734059612
0.9892062120568579 0.6582808065315842 -0.05352523258511388 169019754201734
-0.3630783897295138 0.6960826530377666 -0.6001688188805909 169019774342711
-1.737081364127361 0.14946866149271365 -0.08463944963572256 169019794484677
-2.153300345208139 -0.471770285649578 0.8779915652914223 169019814626591
-1.5825401785102615 -1.0923088066446631 1.052381045201888 169019834767827
-0.45834171312070904 -1.3288397210969816 0.6671489767865104 169019854909533
0.8501967466909326 -1.038914062033836 -0.6200894123207918 169019875051238
1.3464659911027463 -0.27817714806456806 -2.2148947720441337 169019895192944
0.7588378319446973 0.2666428518608459 -2.6915081027915573 169019915334442
0.16839839055575778 0.473531566644926 -2.089632263483246 169019935475887
-0.6340312875553935 0.2024214447221908 -0.5042131350053467 169019955617750
-1.073460381606815 -0.18175180906599664 1.016917577933223 169019975758830
-0.4189123482542021 -0.26974226756529696 1.7386073045340784 169019995900432
0.3662128948341383 -0.23417760311473756 0.8701338905022626 169020016042553
0.6518082064923107 -0.12309647702304005 -0.36363409853569006 169020036183688
0.8324573073813486 -0.14634095114968204 -0.5013931186723022 169020056327268
0.8895742443425787 -0.228352057794746 0.15347534881215807 169020076466890
0.514113008755313 -0.1690219782670468 0.6607563532684768 169020096609013
0.10533337575425028 0.07824677285511328 0.6256753951147815 169020116750562

