0.043782286054491415 0.04735301088049404 -0.019716721869687426 169017780323792
-0.00994487428140678 0.14048250636064452 0.43108941547300006 169017800465758
0.18766177635612458 0.1684406925885149 0.7212143058159 169017820607098
0.03103762420989975 0.23531407750831157 0.3119079680902199 169017840749430
-0.3335073029758302 0.5093450120066496 -0.2067602466215741 169017860889520
-0.09108562753691407 0.5687064783553204 -0.19603563870350915 169017881031018
0.1488722206267188 0.49851987018425703 -0.1334032179940574 169017901172776
0.3071226788451251 0.4447875758349067 -0.07882950798899602 169017921315627
0.1600536118261 0.42331052941792535 0.233725944390053 169017941455926
-0.0010220519453698618 0.4139169782218399 0.3869197203557926 169017961597477
-0.025878676712546067 0.5790828013274716 0.29897669425338425 169017981739182
0.08137225394246306 0.6680880184057276 0.14982588665270757 169018001882398
0.21961440471647053 0.6592628951933328 -0.6304810875528339 169018022023583
0.07471496127317656 0.7901788708421655 -0.9582911200422672 169018042165288
-0.6424008825439589 0.4114155576112335 8.231586536862068E-4 169018062306630
-1.5538132841601673 -0.5429989015672625 1.9504998355166991 169018082448440
-1.693868498421884 -1.4832394532850603 2.9027826809133597 169018102590562
-0.3444868885812573 -1.6660471290342986 1.436398508011938 169018122731487
0.9805140047599945 -1.102283504008689 -1.2038475021841997 169018142873504
1.1039912819329958 -0.25658266258195184 -2.5471356189348597 169018163032086
0.5484762286713969 -0.01931642303431147 -1.3261606435853879 169018183155666
-0.13150710300038249 -0.3724599743649488 0.9670744148191899 169018203298727
-0.6407891784940563 -0.5729923935544594 1.801308457636602 169018223442775
-0.6939667920139949 -0.4480301453123179 0.7495916879842817 169018243581252
-0.20280526954869593 -0.2259778271873536 -0.6241669816438247 169018263722697
0.20894719061104317 -0.13683694924988288 -0.9534717689088099 169018283863153
0.19487992045758462 -0.1954192664311556 -0.4019986065332981 169018304006005
0.17605774495981752 -0.2918700811136752 0.2728713296171117 169018324147815
0.312794438155354 -0.32115475629719015 0.30412470041243944 169018344289104
0.3782995153680333 -0.16451657847525247 -0.38256693888879845 169018364430809
0.25926803026317646 0.13105763565729767 -0.8122425159547886 169018384572672

