0.03813970416463519 0.16601335501995784 0.3401649192169218 169019129810524
0.2748232867692082 0.1687970121409652 0.9349981463110373 169019149951968
0.6998024770716167 0.4586215940877718 0.5921757631425799 169019170093622
0.4348786027510434 0.9705960057389671 -0.799391713704686 169019190235327
-0.2746435045179152 1.3101315897474244 -1.0544059490887487 169019210378075
-1.7562382411143322 0.4169163069541888 0.188189107916501 169019230519832
-2.140476432735216 -0.9725216419366483 2.276979508989451 169019250661122
-0.35939042353192274 -1.6539694619868186 2.7747696423478105 169019270802776
0.7725706689869618 -1.5933659992769549 1.085513956065748 169019290943700
0.9146873945645697 -0.7489237564528146 -1.1153168624911518 169019311085510
0.583288001589156 -0.1285823645372517 -1.7514820056179214 169019331226955
0.016813506740074757 0.104372877901449 -0.807814022463087 169019351368401
-0.6562147219516903 -0.12072533049134115 0.5014050320295302 169019371510054
-0.6881431642801021 -0.3820538972055729 0.8587412131236238 169019391651760
-0.1453997853303317 -0.4214146021394587 0.12827715018639907 169019411793727
0.5140756795482346 -0.41686800983656624 -0.6655545493821307 169019431935849
0.8544856412948376 -0.304502708650503 -0.7333957879432047 169019452077451
0.39798060287962 -0.27717150285790204 -0.1324807905108134 169019472219104
-0.19783866222755409 -0.300045307755072 0.236385973060099 169019492360706
-0.36719426962579327 -0.2274874180790576 0.14302723547932894 169019512502151
-0.09684379460688453 -0.08926532508824536 -0.27687459833528694 169019532644064
0.30345758150199265 0.058360689148154066 -0.43083805757447946 169019552785666

