-0.272221627093457 -0.29631824454578215 2.3413752004864046 52153336481810
0.3540366631689844 0.7984922793633746 -1.3074296247671264 52153356623463
0.4425921235039376 1.5612791750532002 -2.590035496688701 52153376764805
-0.017447297290599906 1.8588133791050607 0.6914359581177889 52153396906562
-0.3068777597074799 2.318703535315299 5.264623375869231 52153417048059
-0.728375742922234 3.26956243762724 4.753178192882885 52153437189713
-0.6490213951190373 4.241992723539292 0.37613874571255757 52153457331314
-0.7689607684389799 4.491934022581434 -1.862968397961204 52153477472916
-1.172871251469934 3.6791551282213977 -0.3756042105564634 52153497614986
-1.182181278519697 2.513392461952119 2.3068408503048294 52153517756223
-1.1903617220345075 1.800496684405445 1.661695824775114 52153537898033
-0.35226496356510584 0.9999554529931061 -1.3141003714299089 52153558039531
-0.9145756427270846 -0.13521630166801657 -2.670091332300177 52153578181132
-1.6279617837129177 -1.6359196233656625 -0.43001837834014145 52153598322421
-0.20686161447033413 -2.5725540580675315 0.7819984809216369 52153618464023
2.290724087329983 -2.694981723016525 -1.8236443793251906 52153638605729
2.9655626683014864 -1.9969643823194705 -4.723942358928904 52153658747487
1.7439100955786893 -1.6430182831993267 -4.4416905082368725 52153678888983
0.48464223661920136 -1.9601055445282114 -0.5289505511207484 52153699030481
0.03624894554536118 -2.161333947341319 1.5465661216034015 52153719172186
0.09678480096753894 -2.1949118844355553 1.2789521160327213 52153739313893
0.4225206142115312 -2.004354800517195 -0.168513111861323 52153759455493
0.869901256994225 -1.7402270044762558 -0.9945150793328086 52153779596835
0.96614805637663 -1.386664025456005 -1.174457278309997 52153799738541
0.5986874880700541 -1.0742482125523045 -0.3584134788979976 52153819880299
0.31525370139354325 -0.8351798200418434 1.057934744225352 52153840022682
0.0870296212710846 -0.3173503990022244 0.7969703539740316 52153860163397

