0.2547733217759802 0.16561304931751586 -0.6905862609585824 52156015315129
-0.17107147929796573 0.8423903417977625 -0.25915846189186587 52156035455846
-0.3560344295321225 1.5533434257819598 0.6722996953302574 52156055597395
-0.265796781906948 2.5239003265630675 1.071250400795456 52156075739101
-0.11325998411930849 3.3348185034379547 1.4935359651676148 52156095881640
0.035637129892053254 3.583626287125364 1.224345373696592 52156116022252
-0.5353941046801074 3.6643985882940413 0.5343469044260236 52156136163750
-1.1660350103065862 3.1704348862602334 1.1840082852595688 52156156306652
-1.5543734184015188 2.442280526195688 2.030580651645155 52156176448151
-0.4742726605024652 1.5025426826752994 2.0613785838161243 52156196589751
0.7084847036292778 0.5975419586402388 0.4922181014278997 52156216731718
0.9608673527471723 -0.10704944090030999 -1.7424926087014305 52156236873007
0.1921069681352381 -0.9024730488139987 -1.0552733838361443 52156257014557
-1.2656503629918094 -1.666204513269948 0.3867383241810849 52156277156680
-0.7373249778934476 -2.2861374387409583 2.015640659344868 52156297297864
-0.1731119354397581 -2.5565100486490167 0.8799197540383945 52156317439466
-0.1552742163205565 -2.0634941717317137 -1.1699655639567847 52156337581119
0.04550718944355481 -1.9570453373853702 -1.1310286035091779 52156357722772
0.4492353413985941 -2.3231313870957955 -0.5713267890573421 52156377864269
0.5193858317126252 -2.562643293270386 -0.5466610406208736 52156398005975
0.46832848958885 -2.506022837741309 -0.7876218012466989 52156418147735
0.79285126823358 -2.0754969811305477 -1.512348417559859 52156438289544
0.7969641200556141 -1.4577608661544383 -1.6097322496728874 52156458430990
0.5505107491694914 -1.041672560111051 -0.82094009661331 52156478572434
-0.11346102957065707 -0.6753302355888415 0.1532210672406018 52156498713880
-0.15354958537527574 -0.3185478798773227 0.13234247879248162 52156518855533
0.08338591763727932 0.15021540703564185 -0.22146976696601461 52156538997135

