-0.6237737561236818 0.12401123959275395 0.4110253859300719 52151705011927
-0.49633345802394535 0.26507813229920263 0.6262324181190575 52151725153477
-0.08289440313790619 0.45653272068311246 0.4191988251202461 52151745295181
0.1453543993646751 0.6752237351402393 -0.012748850060052996 52151765436731
0.4180657460542401 1.0792781092059425 -0.11946421676679231 52151785578593
0.5573651944996421 1.6130562764272547 -0.3328760609134338 52151805719935
0.49878522200596365 2.1134674820793045 0.14877483486300314 52151825861744
0.278349466667271 2.3121118762884443 0.8390027780466527 52151846003138
-0.07464708682243315 2.247333543999506 1.150242749781072 52151866144635
-0.14471522805169657 2.153262343012104 0.9221473248248575 52151886286237
0.03787771990239275 2.0799707142534327 0.34697078954738636 52151906427891
-0.09157282407808598 1.6791010831214965 0.7074594441379092 52151926569491
-0.6837929272312189 0.9899727610284472 1.5912361099978272 52151946711510
-0.9889654941287251 0.09786199788525884 2.2733917200295117 52151966852591
-0.84791067655298 -0.9501405774730429 1.2805908174298595 52151986994400
-0.8150594982736341 -1.449528965884685 0.45201171644388793 52152007136002
0.010269295912342713 -2.0168009070827484 0.21987353331136017 52152027277499
0.8761963937611243 -2.241614553791198 -0.44636679835091186 52152047419154
0.44009285719639957 -1.8264947680329584 -1.6342174621182295 52152067560754
-0.004322198617880302 -1.5834858534888667 -1.4688119579758334 52152087702565
-0.1098664503005542 -1.745353135916094 -0.5026496640369169 52152107843905
-0.10532480086544327 -1.9893245009203753 -0.4077227585732839 52152127985560
0.3516776593076454 -2.23129114370505 -0.09851707404612675 52152148127369
0.26621761572736635 -2.1406237352765407 -0.5133717647056515 52152168268919
-0.37097366132435683 -1.7878896132212327 -1.5199991695770212 52152188410467
0.2161727310967645 -1.4100846397957367 -1.799727363005367 52152208552018
0.6264049817524118 -1.2583289423053392 -0.5818229060292937 52152228693828
0.44605806743317933 -0.8636577827505212 0.41012761267656517 52152248835637
0.02923414925904355 -0.15496431213791695 0.5604751370162522 52152268976875

