1.64214958603726 -0.6151308386414289 1.8547255413442902 52177002864611
0.47497455164230784 -1.3107570146631424 1.7877477182316823 52177023005900
-1.2295662571236536 -1.6753023890742647 0.3368387995853459 52177043147711
-1.066880544761423 -2.085224821415661 -1.2536368704879735 52177063289208
0.13178609153461185 -2.825589525101279 -0.5351482659216287 52177083429663
0.8366910802589396 -3.231113709924772 0.6718569732001971 52177103571160
0.8181931962384017 -3.009988624189818 0.2796852855914078 52177123714324
0.47585582652197145 -2.137849297789355 -2.236847474651874 52177143855562
0.6323204034050771 -1.7114146921377351 -3.382288038315249 52177163997631
0.9121795649115616 -1.8780673005851884 -0.7063675400271994 52177184138765
1.0538159175542494 -2.0551027662494006 1.4555358507907405 52177204280627
0.6534897457621496 -1.6178615098745208 1.6192260439138426 52177224422176
0.49022343723471973 -1.0720602039933667 -0.14016603986892595 52177244563569
0.04432718728777574 -0.49481857335094315 -0.9872549022076409 52177264705379
-0.025512371263529454 -0.1443411868057547 -0.13278487879736267 52177284846720
-0.20217259232332363 0.14633124977414624 1.41937024149336 52177304988791
0.0711720823913411 0.7672725193505672 1.193650490069688 52177325130443
-0.12771809580567717 1.547814597511704 -0.38747462747549966 52177345271786
-1.0037003555507917 2.260297576446863 -1.1914372215116498 52177365413960
-0.9515564758468835 2.3557966549074916 0.4239620391969301 52177385554780
0.12999017088499332 2.009954706738494 2.2087741235450444 52177405696799
0.6801395976454947 2.180278218515795 1.3593532832110355 52177425838661
-0.18138881016485442 2.506490641218887 -0.07808133827492147 52177445979533
-0.8078429817256336 2.47280725906886 0.18827955828631282 52177466121811
-0.14706784241175686 1.821678424442588 0.6439586075665504 52177486262736
0.19295363622684447 1.1488832668978208 1.0501400305844903 52177506404442
-1.2484202941435245 1.0067653049245067 0.8115353643113421 52177526546460
-1.8116512743773194 0.8677047244083553 0.19479713910532404 52177546687541
-0.8990646718456059 0.05750606468293462 -0.08333465199699042 52177566829872

