0.9581505038061251 -0.11170723254143411 -0.8188889252557474 52174364313504
1.46838807882615 -1.170530336814398 0.40239618401415234 52174384455001
-0.04761619709532994 -1.3200302264827695 0.7589286659613221 52174404596760
-1.155549012363764 -1.4942810171237149 0.23825865542530789 52174424738204
-0.5905769052035112 -2.1681298918239733 -0.0833188569097536 52174444879859
0.1666498039621911 -2.8081245189279276 -0.581303523027803 52174465022867
0.4169868353572528 -3.0399444393610935 -1.6423865684222423 52174485162957
0.40725890187955205 -2.897678207738874 -1.392205153175294 52174505304611
0.5860366136911417 -2.650918445097349 -0.40709908347773527 52174525446265
0.6208434511091634 -2.1701366115466287 -0.27443414959468826 52174545587762
0.4280956593248306 -1.4598763790810523 -0.7694740774882507 52174565729415
0.08252779699111445 -1.0991877243585924 -0.7775665666781006 52174585870913
0.18533376103039156 -0.8777510583931232 -0.7334424134987305 52174606012568
0.3952030439805634 -0.8025670576519985 -0.3486191651739844 52174626154220
0.025989095340700707 -0.5588627281528487 0.9127062303608127 52174646296499
-0.4160007159149395 -0.0528763153347791 1.1911757264761502 52174666437997
-0.08004178366945158 0.5084435766384265 -0.24284799303783 52174686579702
0.5078537800956886 1.0583417753732416 -1.372708570211514 52174706721877
0.6558801920453008 1.5288999827985936 -0.36827183663796115 52174726862228
0.20214555988624072 2.456945669832624 0.7920036244396311 52174747005079
-1.0477317942785076 4.193181047584849 0.5043060245517048 52174767146630
-1.7844012557353062 5.30845108806788 0.6347924758913639 52174787288284
-1.0695253991194948 4.540205694673055 1.8730805627443412 52174807429728
0.10934550101690421 2.8504995166759457 1.274318942382973 52174827571486
0.5865486664385235 1.6493693399032558 -0.5965726781248715 52174847713139
0.9917731128383189 0.9419808234851033 -1.0048338260936471 52174867855106
1.3287212246456552 0.2532794830068319 -0.6969090530624176 52174887996707

