-0.8990646718456059 0.05750606468293462 -0.08333465199699042 52177566829872
-0.271351346851485 -0.797623077941152 -0.059953854410092156 52177586970796
-0.05051613607493799 -1.4601321537591705 -0.11475995852807364 52177607112397
0.24701384895254952 -2.050881601913588 -0.7075306230724587 52177627254468
0.5161901807245397 -2.4504464924683695 -1.538924889082967 52177647395861
0.7031987266108817 -2.745086197880946 -1.3568723331413737 52177667537254
0.7524759734762054 -2.8224971809610064 0.029004086611901014 52177687679013
0.6165559740934643 -2.624037783831305 0.5856178200707709 52177707820353
0.3574171425560215 -2.183055910658794 -0.35020691581838337 52177727962163
0.47160265935731727 -1.8078338886832857 -0.9986713920297068 52177748103504
0.6372308579546038 -1.6370996304778789 -0.44241855893626547 52177768244117
0.15161818245743297 -1.3554560715698027 0.6642658364447378 52177788387123
-0.19188904778405358 -1.0060811658495927 0.8154458722807902 52177808528622
0.2245038984915071 -0.5211735264296742 -0.7277092201441178 52177828670120
0.5228770445744557 0.010844381981260476 -1.7007464776777943 52177848817554
0.3743563231595646 0.7039513844912584 -0.1464980610484854 52177868953374
-0.27170634772234825 1.166395970874257 1.6952283089737117 52177889095184
-0.4986639063028786 1.6464102337306556 1.4194883112414693 52177909536629
0.13667678511394699 2.3886247690157747 -0.24797868694432434 52177929378283
-1.1617401148775923 3.8568470808376194 -1.2977237698679596 52177949520197
-1.067514650495824 4.116190555295095 -1.4513504026131177 52177969666121
-0.9210039078966592 3.8844075223610766 0.7857092286907559 52177989803244
-0.9886219739735775 2.5583805100763612 3.178909179827605 52178009944846
0.16206872941488815 1.4022708143110894 2.420532129018334 52178030086447
0.7397624054069105 0.6284938975426222 0.10137931649591714 52178050227841
0.2097664672942785 0.4785397469403492 -0.6301392225845164 52178070369493
-0.39384454100832755 0.6729929303647797 -0.5597632335363634 52178090511304
-0.6076171367129124 0.6015046958543238 -0.7914507235478405 52178110652592
-0.56821040858908 0.120168600433459 -0.5976625319632722 52178130794350

