0.25268867165280795 0.051627411931836065 0.3390664489499402 169015403636596
-0.13322503924025364 0.12712956626421956 0.2923224950974521 169015423778145
-0.2992924337359528 0.199555215511376 0.10659969529671165 169015443919591
-0.11240757980126226 0.21848206303410045 0.12229147498736914 169015464061296
0.04252022522149024 0.22798389261478036 0.23161003545864545 169015484203159
-0.031462335447807854 0.16593203596682393 0.1927709385231664 169015504344344
-0.30230609882699633 0.13767726939845915 -0.10001908902521706 169015524485946
-0.718395172030347 0.19322287020626838 -0.4546734743451737 169015544627704
-0.8152678954367776 0.22574528835251506 -0.24352393572613895 169015564747619
-0.22252681634942206 0.2016045314632624 0.3471486248565889 169015584889221
0.3544248359829625 0.17346624235810992 0.8607999545727711 169015605030875
0.5205393805051199 0.3401035602927376 0.606242502720717 169015625172476
0.3923958598728461 0.5307986685466908 -0.2568272868859265 169015645314078
-0.11368340975797309 0.5942312199936026 -1.0371024545087413 169015665455679
-0.6521161614001285 0.31740157755738174 -0.976288408919493 169015685597228
-0.9079722259951029 -0.404880007485346 0.09844925333315557 169015705739143
-0.6929671362648322 -1.2010402364570272 1.4511104768852747 169015725880484
-0.05284783010561567 -1.617546056353122 1.77109345963322 169015746022189
0.4386543531030074 -1.475762919301248 0.769206310675326 169015766163739
0.6018390098261559 -0.8877880698159988 -0.5479528225534893 169015786305340
0.8900405437984249 -0.15006199882154903 -1.1219682150740415 169015806447151
0.5270959116012399 0.19793135797401007 -0.45343394705923323 169015826588491
-0.46379690353150815 0.25634313325420877 0.2146454204776136 169015846730458
-1.0954882064189566 0.312557416759617 0.6497314731008408 169015866871852
-1.0665883190414154 0.17881790606394432 0.8651220925431726 169015887013817
-0.5244498544518823 -0.11503893686759525 0.755842791222038 169015907155002
0.31936833909474416 -0.2575584932440762 0.27823380329013014 169015927296552
0.7223647884632953 -0.30005314225151203 -0.2759969417428958 169015947438049
0.7079577487393862 -0.2226230802074589 -0.37941571745681646 169015967580015
0.418233874772759 -0.20007112041596642 -0.20671860912170326 169015987721304
0.086174013880707 -0.11996900570777314 -0.058319223234862605 169016007863322
0.018341066573315468 0.007906631371280781 -0.18940440202539 169016028004455
-0.03737792799134776 0.08696495353452427 -0.3856543809953119 169016048146161
0.004020997450671748 0.0917033104838687 -0.12792047745249935 169016068287711

