-1.9503133 -0.18405956 1.5303326 242278761242107
-1.5845561 -0.16621244 0.7739594 242278781383343
-1.2919705 -0.15193185 0.16885433 242278801524997
-1.0578837 -0.14051479 -0.31519607 242278821666599
-0.87061876 -0.13136622 -0.7024625 242278841808201
-0.52365065 0.10119033 -1.0315052 242278861949750
0.6286032 1.4229496 -1.3455367 242278882091404
-0.6886586 0.7750108 -1.1627808 242278902232901
-1.7424743 0.2566701 -1.0165747 242278922374710
-0.8638888 -0.13780895 -1.3949313 242278942516156
0.40928158 -0.26911038 -1.6689287 242278962658383
0.9719229 -0.16225582 -1.6923324 242278982799411
0.6045731 0.36076456 -1.5046027 242279002940387
0.09217906 0.35287973 -1.3565736 242279023081989
0.119368 -0.18774794 -1.252944 242279043223746
0.56098217 -0.30649352 -1.2565858 242279063365193
0.75441617 -0.28060287 -0.99809843 242279083506742
0.41676265 0.34312597 -0.63325995 242279103648291
0.064729825 0.50474864 -0.19948027 242279123790153
0.39154926 0.1535136 0.119569786 242279143931546
0.5166614 -0.15680666 0.40698555 242279164073721
0.38807464 -0.3538981 0.65901256 242279184215009
-0.06772342 -0.33067808 0.8295302 242279204356508
-0.23679006 -0.16609497 0.88572836 242279224498056
-0.07919294 -0.02823554 0.9277006 242279244639554
0.5958253 0.22698759 0.7272695 242279264781312
0.85805106 -0.55945355 0.119080245 242279284922809
-0.082585655 -0.33410424 0.3309496 242279305064516
-1.1367161 -0.08793169 0.61565983 242279325205960
-0.4745739 -0.16488287 0.3080847 242279345347510
0.55195034 -0.2076951 -0.0875732 242279365489163
0.16812384 -0.27941048 -0.03665839 242279385630973
-0.29973164 -0.355348 0.1761235 242279405772419
0.11582455 -0.12183723 0.12029055 242279425914020
0.118084446 0.47221416 0.37607974 242279446055675
0.20958942 0.24633723 0.3752764 242279466197276
1.3256178 -1.658812 -0.7106901 242279486338877
0.117325306 -1.4449173 0.19024855 242279506480582
-1.4662421 2.379062 1.8253336 242279526622133
-1.8857269 1.7541946 1.8373709 242279546763630
0.2993706 0.7872366 1.5500197 242279566905284
1.4898233 0.3367434 1.1068668 242279587047146
2.0918584 -1.7661684 0.88223046 242279607188590
1.6211494 -1.4368167 1.2583907 242279627330140
-0.089288294 1.2371858 1.3298407 242279647471638
