0.10646629 -0.21605772 7.83902 242347000987423
-0.3999369 0.0052365065 6.4258766 242347021128922
-0.41218615 -0.3762752 5.273887 242347041270835
-0.34294963 -0.27879316 4.293145 242347061412228
0.07619226 0.15531012 3.5757003 242347081553831
-0.2018938 -0.083859384 3.1164572 242347101695640
-0.08833796 -0.7253418 2.4954908 242347121836982
0.18045312 -0.47757217 1.9497232 242347141978687
0.19693598 -0.22577211 1.5275238 242347162120184
-0.21006042 -0.35111946 1.29336 242347182261681
-0.47557035 -0.42455992 0.947873 242347202402815
-0.37824255 -0.021378413 0.4854305 242347222544416
0.028028322 0.2386883 0.006290108 242347242685913
0.055067413 0.19762291 -0.30316702 242347262827568
-0.02863358 0.34961498 -0.5209582 242347282969012
0.15540856 0.8901751 -0.79367846 242347303111239
0.4121424 1.0410339 -1.0820947 242347323252319
0.56415117 0.592024 -1.3591187 242347343394129
0.54571575 -0.0716543 -1.3865131 242347363536044
1.0123322 -0.08056155 -1.4331926 242347383677906
1.1681987 0.26989532 -1.2365035 242347403819508
0.53701484 0.3828948 -0.78444433 242347423960952
-0.295786 0.073209144 -0.40982586 242347444102502
-0.5637377 -0.38065207 -0.1709123 242347464243583
-0.54922706 -0.1615836 0.18617423 242347484385653
-0.73019636 0.15417883 0.54121006 242347504527358
-0.45173168 -0.5127961 0.6998576 242347524668960
0.46435434 -0.7317945 0.583242 242347544810770
0.3378855 -0.17155401 0.85117215 242347564952111
-0.2056377 0.25558603 1.013814 242347585093817
0.74477804 -0.62254703 1.3846966 242347605234898
1.9026973 -0.53085065 1.5021513 242347625376395
0.32496578 0.8944032 1.5314354 242347645517997
-2.0538871 0.8388815 2.235963 242347665659651
-2.1647239 0.19203874 2.6036954 242347685801200
-0.42009038 -0.37676334 2.20644 242347705942750
1.4942265 0.22450136 1.4788691 242347726084455
1.2817041 0.61742735 1.0454991 242347746226004
