0.95056033 0.07231638 0.09524757 242326778832088
0.79582536 -0.009284437 0.2053291 242326798973794
0.6720418 -0.07458058 0.2933877 242326819115396
0.5730037 -0.12682194 0.36383662 242326839257101
0.4937846 -0.16861077 0.4201936 242326859398494
0.39712945 0.17021231 0.36827084 242326879540148
0.2758543 0.6833904 0.35786948 242326899681645
0.13794607 0.8033998 0.4712967 242326919823350
-0.045903336 0.5158241 0.5776174 242326939965004
-0.04061899 0.35904768 0.7489674 242326960107075
0.08752149 0.100076556 0.91671515 242326980247686
0.39305678 0.06262073 0.968833 242327000389758
0.6511595 -0.36459085 0.97389436 242327020531410
0.37227374 -0.67996585 1.2063581 242327040673168
-0.4932586 -0.6870066 1.4603463 242327060814457
-0.8879037 -0.52772474 1.5473359 242327080956163
-0.25499988 -0.34671962 1.5567474 242327101097765
0.30697715 -0.028275907 1.4522989 242327121239262
0.5889977 0.5494655 1.2273405 242327141380968
0.38834634 0.4373249 0.9495232 242327161522049
0.025722533 -0.41317016 0.74432266 242327181663755
-0.19727308 -2.5741317 0.61811244 242327201805304
0.9405519 -3.740644 0.20302725 242327221946801
1.526203 -2.771078 -0.25348032 242327242088350
0.8124037 -0.13130414 -1.2240522 242327262230057
-0.55805314 1.2190194 -1.9280889 242327282371450
-1.0363177 0.5938414 -2.0045168 242327302513155
-0.412661 -0.93068683 -1.5942988 242327322655018
-0.17615864 -1.2191613 -1.4742775 242327342796463
-0.19728447 -0.53470755 -1.5913502 242327362938064
-0.21263325 0.42495257 -1.6293311 242327383079718
-0.39113384 1.2053517 -1.9251795 242327403221424
-0.6342273 2.9443903 -2.0940442 242327423362922
-0.88740635 0.75875354 -1.4930735 242327443504575
0.47771895 -3.3351762 -0.21415114 242327463646229
1.7409132 -2.8061924 0.19336367 242327483787517
1.0336351 -0.37270105 -0.33759007 242327503929223
-0.31156206 1.3852773 -0.7137494 242327524070772
-0.2992401 3.1795073 -1.0608938 242327544212999
-0.13377309 3.799197 -0.8037797 242327564354235
