0.95969456 0.055696547 -2.8577402 242235174816045
0.7959251 -0.063689545 -2.3583443 242235194957647
0.6649076 -0.15921022 -1.9588404 242235215099143
0.56009555 -0.23561488 -1.6392244 242235235240745
0.47623456 -0.29674065 -1.3835276 242235255382400
-0.19981857 -0.424899 -0.79254335 242235275523948
-0.50983757 -0.59491724 -0.14596151 242235295665603
-0.043777704 -0.72134584 0.19171026 242235315807151
0.6487881 -0.63958347 0.46560848 242235335948805
1.1562238 -0.23783474 0.72323024 242235356090511
0.23678339 0.017784648 0.98821115 242235376232060
-0.49882007 -0.30875468 1.1307583 242235396374339
-0.4737295 -0.6282065 0.9835526 242235416515732
-0.057759255 -0.143339 0.8724119 242235436657334
-0.29639387 0.6328203 0.8882569 242235456798466
-0.9308848 0.32720375 1.0031406 242235476940016
-1.0047067 -0.4129538 1.0638906 242235497081826
-0.3547489 -0.25926134 1.0663526 242235517223427
0.14441013 0.2215276 1.1326959 242235537364820
0.20150894 0.5327623 1.1495948 242235557506526
0.11382462 0.57525295 1.1560869 242235577648232
-0.038538218 0.006033089 1.2550676 242235597789574
0.0054035187 -0.5864718 1.4171978 242235617931228
-0.24764916 -0.31882608 1.3462375 242235638072880
-0.22206011 0.33159137 1.0400354 242235658214483
-0.2885636 0.23563752 0.75518495 242235678355980
-1.1242918 -0.8472268 0.24410208 242235698498310
-2.0177867 -1.7303038 -0.43140823 242235718639859
-2.4721742 -0.5347432 -0.9554981 242235738780992
-0.67261195 -0.25228578 -1.4146495 242235758922439
1.7079365 0.106516704 -1.541368 242235779064144
2.5078719 -0.42186332 -1.680403 242235799205589
0.71537447 0.03196044 -1.4959584 242235819347398
-1.7254169 0.3695769 -1.263394 242235839488948
-1.6351172 0.316064 -1.3648326 242235859630550
0.19455212 0.2404587 -1.4309077 242235879772099
1.7679387 -0.049193263 -1.7660553 242235899913754
2.2849174 -1.7962251 -1.3987348 242235920055719
0.39563394 -0.6981485 -1.149791 242235940197269
-1.1724309 0.8903483 -0.88162416 242235960338505
-1.8934982 1.3711908 -0.5295032 242235980480055
-1.3356826 0.9468692 -0.29377857 242236000621708
-0.33014953 -0.22611117 -0.26580745 242236020763362
1.3618228 -1.6341475 -0.31259692 242236040905016
2.6855955 -2.8584003 -0.17323261 242236061046565
1.8468193 0.10511166 -0.15482652 242236081188011
-0.83019346 0.8528647 0.2566647 242236101329769
-1.9307027 0.042954504 0.5102885 242236121472151
