-1.0565548 0.20832486 1.1503341 242313586061643
-0.8818337 0.35324666 1.2628543 242313606202984
-0.742074 0.46918976 1.3529023 242313626344534
-0.63024926 0.56193846 1.4249089 242313646486136
-0.57711947 0.66068125 1.4725891 242313666627736
-0.40838423 0.61037165 1.3687103 242313686769338
2.1627736 -1.3501993 0.84943366 242313706910991
1.9240551 -0.9514625 0.76164854 242313727052645
0.74963284 0.15400419 0.8572141 242313747193727
-1.2719455 1.5737345 0.8266481 242313767335328
-2.0141993 1.6959953 0.43097323 242313787477034
-2.404884 1.1233068 -0.20511496 242313807618687
-1.0822091 0.18431404 -0.92562884 242313827759976
1.3126338 -0.41169065 -1.5839686 242313847901786
2.9180336 -0.05439353 -1.8392909 242313868043283
2.5639708 0.58693576 -1.7306464 242313888184937
0.74801695 0.52505803 -1.4414155 242313908326642
-0.6858164 0.01702948 -1.3635105 242313928467932
-0.56888014 -0.37934738 -1.4240463 242313948609741
0.41992754 -0.54651874 -1.5990884 242313968751396
0.6534767 -0.48276073 -1.588227 242313988892996
0.30778077 -0.112034656 -1.3522145 242314009103296
-0.17675132 -0.04968155 -1.170235 242314029176199
-0.58314496 -0.18961592 -1.0717915 242314049317802
-0.74499404 -0.3590998 -0.9998748 242314069459247
-0.23569044 -0.48853248 -0.8454394 242314089600848
0.24833009 -0.10742888 -0.5771126 242314109742554
0.9965936 0.04763767 -0.25909913 242314129884103
0.79589033 -0.41196567 0.29122895 242314150025653
0.09763917 0.07571613 0.7656089 242314170167619
-0.14225686 0.33107933 1.0835783 242314190309064
0.07156107 -0.018615738 1.2137511 242314210451187
0.5765102 -0.4512562 1.1253889 242314230592528
0.7828393 -0.33066043 1.0577704 242314250733870
0.5557331 0.17600214 0.8746862 242314270875314
2.0431728 -0.5288853 0.845582 242314291016812
2.2271137 -0.82216436 0.8194963 242314311158882
-2.8037353 0.44357944 0.7709941 242314331300328
-5.6294546 0.2949102 1.480787 242314351442137
-3.5221891 0.0050781965 1.4757073 242314371583635
-0.1658083 0.3295889 1.1335392 242314391724872
2.827539 0.33463687 1.0128701 242314411866421
3.4678962 0.6370266 1.0088437 242314432008284
0.7649576 0.60674864 1.1519191 242314452149728
