-2.7875872 0.7109043 -0.96995455 242199161638234
-1.5762644 0.6776389 -1.1056521 242199181779939
-0.6072111 0.65101606 -1.2142067 242199201921229
0.16802606 0.62973404 -1.301052 242199222062935
0.7882669 0.6127044 -1.3705509 242199242204588
1.0877106 0.15871674 -1.2331537 242199262346137
1.031047 -0.18409365 -1.0318922 242199282487739
0.8822985 -0.16721368 -0.92178774 242199302629340
0.78409874 -0.018846512 -0.74596775 242199322770890
0.63759005 0.34129852 -0.41063124 242199342913065
0.34114304 0.6225341 -0.083107516 242199363054354
0.9848714 0.15951952 0.22898865 242199383195799
1.2886106 -0.68412215 0.54977596 242199403337452
0.46853814 -0.9391835 0.78809756 242199423479106
-0.46192333 -0.6208198 0.78368145 242199443620604
-0.27178532 -0.15933573 0.6160345 242199463762205
0.57910687 -0.33837503 0.46992797 242199483903860
1.2339734 0.05010453 0.18265662 242199504045304
1.1634909 0.09543592 -0.04932788 242199524187219
0.38922384 -0.040985078 0.011810038 242199544328872
-0.17070839 -0.01588662 0.11626278 242199564470213
-0.15363744 0.33221343 0.15313755 242199584611866
-0.18899442 0.20953237 0.15906881 242199604753416
0.06876975 -0.52582884 0.19048364 242199624894965
0.37031567 -0.62851155 0.3796325 242199645036620
0.08180059 0.070934564 0.5343048 242199665178326
-0.18092787 1.2143502 0.47647494 242199685319666
0.025527328 1.2790651 0.7931492 242199705460851
-0.6706167 -0.5022597 1.354059 242199725602348
-3.0526032 -1.8525954 1.6030014 242199745744211
-3.1159637 -1.7191732 1.769567 242199765885759
-0.70752156 0.011917651 1.7356187 242199786027674
1.413323 1.6468811 1.4831964 242199806168808
2.9450953 2.1922824 1.4806492 242199826310513
