-0.55501425 0.5559286 6.9148417 242295498917070
-0.48819172 0.49759316 5.860039 242295519058776
-0.14715362 -0.19741094 5.2651815 242295539200637
0.38023674 -1.121721 5.085339 242295559341979
0.45807934 -1.0544741 4.6516 242295579483579
-0.20470762 -0.055955768 3.843509 242295599625130
-0.6213832 0.5845915 3.083958 242295619766834
-0.44966352 -0.2133455 2.693593 242295639908176
-0.24483871 -0.93020153 2.2990792 242295660049830
0.2282232 -0.59596765 1.9455929 242295680191796
0.22047204 -0.1174649 1.4464208 242295700333242
-0.4586681 1.2154379 0.59118253 242295720474947
-1.162645 2.1112165 -0.327757 242295740616184
-1.4710015 2.0147002 -0.8602256 242295760758046
0.10591908 0.17229135 -0.598721 242295780899492
0.944826 -1.4087657 -0.23909849 242295801041144
0.435512 -1.7745993 -0.47478878 242295821182642
-0.53856957 -1.5180404 -0.7232444 242295841324296
-0.7744309 -0.6355022 -0.91937375 242295861466158
-1.095167 0.28769958 -1.0874283 242295881607499
-0.8387039 0.06472278 -1.0254627 242295901749308
-0.6120397 -0.5086349 -0.8493664 242295921891015
-0.35751703 -0.29813564 -0.7893069 242295942032355
-0.045553297 0.74475265 -0.93045455 242295962173906
-0.36166775 1.4964328 -1.0930636 242295982315558
-0.84760964 1.1550919 -1.0135305 242296002457369
-0.14261876 -0.34335598 -0.39167383 242296022598918
0.56460476 -0.9103114 -0.20617077 242296042740311
0.66757023 -0.19234625 -0.10529804 242296062881913
0.23088257 0.55286056 -0.23456925 242296083023462
0.14590332 0.70717084 -0.1848819 242296103165169
0.59492296 -0.03769195 0.021924503 242296123306717
1.1183413 -0.31157908 0.15865192 242296143448580
0.68292695 0.28168595 0.12581964 242296163589869
-0.14728212 0.85258204 0.07507905 242296183731783
-0.62043417 0.55518794 0.254817 242296203873177
-0.18983257 -0.056913584 0.53717536 242296224014778
0.48898754 -0.46565998 0.6300504 242296244156692
0.52759665 -0.29908034 0.47767776 242296264297928
0.15948907 0.12973264 0.29392028 242296284439531
-0.24671565 0.38935098 0.24828687 242296304581288
-0.2805261 0.29922813 0.42590088 242296324722942
0.28775275 0.040990457 0.5383215 242296344864440
0.47963387 -0.14953327 0.46008486 242296365005884
-0.025762782 -0.1837888 0.2814504 242296385147487
-0.46323523 0.22898906 0.14050691 242296405289400
-0.33898175 0.63121456 0.20487325 242296425430845
0.08776407 0.33225194 0.35661724 242296445572343
0.4457941 -0.4963842 0.50662446 242296465714309
0.43404335 -0.29343417 0.35140437 242296485855599
0.044027865 1.4868581 0.45234478 242296506004016
-0.7098422 0.8635396 0.80007744 242296526144993
-0.32026273 -1.4533743 1.3926938 242296546286541
1.1995916 -1.2462536 1.7755499 242296566428039
1.7074591 -0.40959477 1.7687601 242296586569744
1.2228525 -1.0011423 1.8412794 242296606711295
0.702933 -0.4142744 1.5134981 242296626852896
0.31846604 1.4237479 1.0912452 242296646994446
0.010710716 1.630635 0.6173099 242296667136151
-0.06920233 -0.7562611 -0.027209833 242296687277649
