-1.2312932 0.41922358 1.503678 242277572887354
-0.6416997 -0.12924206 1.2120417 242277593029007
-0.5629947 0.08735 1.028827 242277613170452
-0.5125067 0.28055573 0.8842609 242277633312002
-0.47211632 0.43512028 0.76860774 242277653453604
-0.51168364 0.3961748 0.6491176 242277673595205
-0.34369445 -0.037340287 0.47545084 242277693736859
0.536595 -0.3652332 0.37073925 242277713878408
1.10551 -0.21302429 0.537114 242277734020166
1.0434215 0.17257623 0.8755898 242277754161768
0.26633897 0.18140991 1.2809592 242277774303421
-0.31461743 0.20610191 1.7223599 242277794444867
-0.15552217 0.56388575 1.8471808 242277814585843
0.3280508 0.82470655 1.6609063 242277834729476
0.23648702 0.605578 1.5070986 242277854869047
-0.5921079 0.20794302 1.3544331 242277875010752
-1.4193139 0.29233384 1.0022662 242277895152406
-1.5330696 0.5043309 0.37415096 242277915293955
-0.91315186 0.70181435 -0.3076816 242277935436285
-0.025727928 0.6570951 -0.8707534 242277955577680
0.8632695 0.38331443 -1.3552675 242277975719386
1.7735302 -0.19199148 -1.7748604 242277995860882
1.7672893 -0.46259415 -1.79719 242278016002015
0.69538933 0.4655233 -1.4277854 242278036143512
-0.2693295 1.0526093 -1.1907659 242278056285010
-0.74597895 0.6820617 -1.11888 242278076426924
-0.02829644 -0.37568304 -1.2665108 242278096568370
0.78198475 -0.7494484 -1.4478717 242278116709815
1.0414352 -0.5115727 -1.4452759 242278136851521
0.914644 -0.19283125 -1.4162446 242278156993122
0.48972386 -0.29421282 -1.291913 242278177134880
0.15000306 -0.5225184 -1.1196271 242278197276325
-0.04866095 -0.50933737 -0.9093875 242278217417874
-0.14896384 -0.34532663 -0.6308061 242278237559580
0.012619823 0.06691868 -0.41584036 242278257701234
0.010899719 -0.13274804 -0.12547787 242278277842731
-0.31616223 -0.97709405 0.29270506 242278297984385
-0.3032596 -1.1132354 0.62368757 242278318125934
0.31811556 -0.38721037 0.69523066 242278338267536
0.86593807 0.3173777 0.7598406 242278358409137
0.9538361 -0.063252226 0.79243565 242278378550791
0.5616336 -0.85035235 0.7698287 242278398692341
-0.0371204 -0.9699102 0.8573698 242278418834099
-0.3070076 -0.26959005 0.79293835 242278438976222
-0.37580034 0.12572803 0.62407345 242278459117718
-0.6081374 -0.11814263 0.42900085 242278479259373
-0.3005915 -0.24337377 0.26288122 242278499400973
0.32033205 0.088398054 0.03296683 242278519542002
0.7318695 0.719346 0.033033058 242278539683499
0.045636654 1.2416623 0.36455795 242278559825674
2.105153 -0.22134614 -0.3643851 242278579966858
1.6805097 -2.2999105 0.42945856 242278600108616
-3.4196668 1.7192693 1.1727638 242278620250114
-1.059303 1.1244525 0.9966968 242278640391819
-0.09893574 1.1563208 1.3189628 242278660533213
-1.3519719 -0.9463285 1.5850236 242278680674867
0.4484148 -3.6685376 1.0866822 242278700816364
1.9173748 -0.8154994 1.4431744 242278720958434
