-0.10339531 -0.1731388 0.9491688 242311753175692
0.038543478 -0.054895498 0.9919894 242311773317294
0.15208514 0.039709546 1.0262353 242311793458999
0.24291162 0.11538762 1.0536473 242311813600497
0.3155964 0.17594226 1.0755819 242311833742203
-0.101303875 0.11288951 1.1663804 242311853883649
-0.49649316 -0.1959923 1.09388 242311874025249
-0.4319853 -0.5847812 0.8307194 242311894167060
0.23990811 -0.57320696 0.63992834 242311914308661
0.5532973 0.004278451 0.6014365 242311934450784
-0.3348872 0.24336797 0.6551793 242311954591864
-0.92144454 -0.1767529 0.69677985 242311974733257
-0.40189272 -0.48122126 0.6861635 242311994875119
0.276222 -0.14641067 0.7073725 242312015016564
0.43864477 0.29858643 0.9406078 242312035158427
0.45147324 0.5360681 1.214009 242312055299819
-0.01835537 0.43036467 1.4996408 242312075441265
-0.44566196 0.28152508 1.5444591 242312095583074
-0.4475689 0.28824836 1.2892737 242312115724520
-0.6590445 0.39863232 0.7706785 242312135866123
-0.93317354 0.5052307 0.26576152 242312156007671
-1.1863614 0.47778347 -0.44643235 242312176149325
-1.1013901 0.41722658 -0.88921654 242312196290978
0.34455895 0.57095647 -1.0913359 242312216432581
1.8676909 0.9653702 -1.1870208 242312236574130
2.2182975 1.5339768 -1.1831024 242312256715835
0.805283 1.3297296 -1.1729426 242312276857333
-0.63413066 0.43446177 -1.1301979 242312296998987
-0.7364699 -0.47287738 -1.0616509 242312317140589
-0.21502179 -0.25891358 -1.1342878 242312337281512
0.3664386 -0.35444677 -1.1785007 242312357423062
1.915358 -0.83753014 -1.1868107 242312377564820
1.5813422 -0.85860986 -1.5254785 242312397706474
-0.09604244 -1.2842848 -1.1925597 242312417847919
-1.7348342 -1.137639 -0.96831405 242312437989469
-1.9827424 -0.045585155 -0.907031 242312458131435
-0.90843344 0.37735906 -0.91183937 242312478272672
-0.37134802 -0.10656756 -0.53922546 242312498414274
0.12258105 -0.45251077 -0.31144208 242312518555978
1.2271649 -1.8447986 -0.44041246 242312538697528
1.9798305 -1.5770583 -0.21232456 242312558839182
