0.4823718 0.19666609 6.378498 242198658098247
0.38222754 -0.044196814 5.1451936 242198678240005
0.49713707 -0.25881276 4.094547 242198698381502
0.17900616 -0.36870646 3.3530927 242198718522999
-0.23942173 -0.050228134 2.8025713 242198738664706
-0.2974959 0.1693082 2.3629723 242198758806306
-0.3113606 -0.37519586 2.1120007 242198778947284
0.81304014 -0.25810564 2.1309006 242198799088832
0.77003324 0.08267942 2.4462786 242198819230330
0.39350933 0.43741623 2.3852592 242198839372765
-0.16573963 1.0886363 2.6114726 242198859514158
-1.0431678 0.56591976 2.7823055 242198879655813
0.9329218 -0.9182805 2.8107364 242198899797257
1.0802441 -0.4024023 1.9217016 242198919939380
1.168854 -0.30453295 1.7023638 242198940080512
1.0373598 1.4722428 0.8048091 242198960221645
-0.9885946 1.7321045 0.2276103 242198980363195
-0.32978252 0.01942727 -0.3739528 242199000504901
0.5810224 -1.5774679 -0.46331662 242199020646763
-0.87943435 1.0040383 -0.78905696 242199040788051
-4.481373 1.8246478 -0.56900424 242199060929966
-3.508768 -0.48699296 -0.631869 242199081071203
4.387039 0.9148375 -1.6275831 242199101213013
