-2.784548 3.1520433 1.1833761 242315398805732
-1.1846054 1.9737545 0.2436207 242315418947333
0.0952672 1.031149 -0.5081332 242315439088726
1.1192433 0.27702743 -1.1095893 242315459230275
1.9383488 -0.32622108 -1.5906994 242315479371929
1.7106426 -0.32182407 -1.8225949 242315499513531
0.8594272 -0.058314636 -1.8553822 242315519655184
0.3652926 -0.05072196 -1.8803039 242315539796734
0.170807 -0.07614142 -1.9794827 242315559938335
0.43749005 -0.26175505 -2.173447 242315580080354
0.6029484 -0.6049162 -2.2034118 242315600221539
0.31166476 -0.4240232 -1.8485128 242315620363088
-0.15530294 -0.091263175 -1.357863 242315640504220
-0.36908102 -0.08841519 -0.95122033 242315660645770
-0.6034012 -0.26048896 -0.38460016 242315680787372
-0.67874974 -0.41940132 -0.032028705 242315700928973
-0.60471815 -0.26287237 0.23815396 242315721070523
-0.7053338 0.0068856925 0.4664818 242315741212385
-0.40517744 -0.38176996 0.5677372 242315761353726
0.10268552 -0.64890915 0.6777384 242315781495379
0.5722075 -0.80020577 0.7438168 242315801637034
0.93315893 -0.95662904 0.6888572 242315821778532
1.1403481 -0.065505624 0.75933397 242315841920237
0.46155277 -0.032744855 0.82457584 242315862061891
-0.3801731 -0.37860548 1.0022684 242315882203491
-0.6531646 -1.116553 0.9333822 242315902345146
-0.45503783 -0.8563242 0.73127186 242315922486538
-0.20381102 -0.23022676 0.46813664 242315942628401
0.21596625 0.15797338 0.45796132 242315962769845
-0.06242194 0.066665694 0.28930902 242315982911343
0.6080935 -1.1307935 0.10768148 242316003053153
1.1868396 0.017154008 0.14997756 242316023194546
-0.581369 1.9082488 0.3208447 242316043336305
-1.1170478 0.65276426 0.7884518 242316063477853
-0.35071492 -0.40718874 0.7531374 242316083619508
1.1222314 -1.464794 0.45264238 242316103760901
3.1452155 -1.3792365 0.6580071 242316123902763
2.2308936 -0.6393904 1.1117828 242316144044938
-0.19292986 -0.4775101 1.3689848 242316164186330
