-1.1488307 1.0051012 -1.8282201 242310705812464
-0.27774912 0.78036344 -2.0802517 242310725953856
0.41907626 0.60057104 -2.281833 242310746095510
0.97653073 0.4567477 -2.4430952 242310766237007
1.3853341 0.3284747 -2.5613575 242310786378609
1.0873562 0.029554188 -2.4529345 242310806520262
0.07956603 -0.078110546 -1.79485 242310826661968
-0.7266378 -0.16422391 -1.2683965 242310846803622
0.30827656 0.10196376 -1.2179271 242310866945224
0.65142083 -0.13569885 -0.6011815 242310887086773
0.7315123 -0.29024422 0.029591888 242310907228218
0.15206023 -0.034728095 0.7944616 242310927369351
-0.8267317 -0.39848617 1.2609112 242310947511004
-0.8906231 -0.8829652 1.335541 242310967652711
0.23849165 -0.6156919 0.84336555 242310987794157
1.3171585 0.0017395914 0.41762683 242311007935861
1.559189 0.45212197 0.29135978 242311028077567
0.7466559 0.2837595 0.39755517 242311048218960
-0.17304924 -0.185841 0.56650615 242311068360614
-0.6607867 -0.4877855 0.64845717 242311088502163
-0.1835312 0.22519626 0.4148333 242311108643922
0.30889016 0.7581612 0.25887764 242311128785418
-0.07035019 0.53504145 0.53624 242311148927749
-0.5873012 0.15845111 0.92160857 242311169069039
-0.55495596 -0.41050583 1.2294244 242311189210223
0.09330168 -0.23592967 1.046536 242311209351878
0.5919376 0.5405742 1.1816592 242311229493478
0.49198085 0.82742584 1.2763029 242311249634977
-0.35079026 -0.17103349 1.5514197 242311269776630
-1.3985362 -1.3310319 1.687209 242311289918232
-1.3958825 -1.4989548 1.7723014 242311310060979
-0.65448916 -0.48581105 1.3448938 242311330201486
-0.9228848 0.42079246 0.8528451 242311350343140
-2.2032425 0.91723096 0.27697822 242311370484741
-2.8466759 0.10903233 -0.5433828 242311390626344
-2.1229062 -1.180573 -1.1060417 242311410767945
0.089117974 -1.5172046 -1.7267007 242311430909338
1.6480277 -0.2522202 -1.8868265 242311451051148
0.78449607 0.98041946 -1.5885925 242311471192593
-0.25212336 0.5049749 -1.4960902 242311491334455
-0.98270726 -0.20446467 -1.6697874 242311511475848
0.89514184 -1.1242976 -2.0464046 242311531617398
3.397758 -0.64466953 -2.4905283 242311551759676
0.594199 1.8078111 -1.8662462 242311571901175
-2.9301367 2.1562681 -0.8360656 242311592042358
-2.7481651 0.3970766 -0.7108638 242311612183856
-1.42795 -0.6228105 -0.6809914 242311632325458
1.0100085 -1.83215 -1.0153276 242311652467163
4.1909256 -0.9060595 -1.3811964 242311672608557
2.7976637 0.92447513 -0.9523504 242311692750470
-0.22104679 0.99553436 -0.07961698 242311712891812
