0.4510432 -0.22015 1.6414195 242258196678210
0.20589745 0.06089914 1.411407 242258216819343
-0.10045944 -0.032746986 1.2063484 242258236960944
-0.34554374 -0.10766734 1.0422893 242258257102494
-0.43163604 -0.2224037 0.9180195 242258277244096
0.020959944 -0.582298 0.91719526 242258297385645
0.8000421 -1.123131 1.0320729 242258317527247
0.22225639 -1.0911132 0.75671494 242258337668952
-0.6053237 -0.26135597 0.5016107 242258357810867
-0.74259245 0.2664653 0.5812499 242258377952259
-0.41461462 0.40010324 0.7969198 242258398093757
0.33683175 -0.11825058 1.0996624 242258418234733
0.50157 -0.46630123 1.308358 242258438376336
0.19757536 0.03290224 1.3096918 242258458518510
0.3119374 0.32382607 1.3326365 242258478660059
0.6690644 -0.06498206 1.5030278 242258498801766
0.6473326 -0.55849457 1.3900185 242258518943210
0.4839183 -1.0447228 1.0264637 242258539085176
0.27521628 -1.7330947 0.3615188 242258559226048
0.053997755 -2.4862351 -0.3617635 242258579367807
0.68673974 -1.7936318 -0.97968274 242258599509512
1.0594215 0.5154439 -1.4561296 242258619650958
0.19819152 0.87217546 -1.4150339 242258639793185
-0.50878274 0.6567427 -1.3304889 242258659934786
-0.23057456 -0.97245455 -1.3019371 242258680076127
0.6013567 -1.3043407 -1.3003315 242258700217260
0.64700794 -0.49926013 -1.551459 242258720358706
0.06586635 0.32469007 -1.7939029 242258740500515
-0.52703047 0.59964716 -1.8728085 242258760642169
-0.8898028 0.6046982 -1.7499352 242258780783667
-0.7053461 0.3153339 -1.4905963 242258800925736
-0.027537018 -0.0016475618 -1.1803675 242258821067025
0.17673 -0.33311683 -0.80101466 242258841208418
-0.25100747 0.4492488 -0.7053945 242258861349968
-0.7664062 2.5089145 -0.921146 242258881491673
-0.39355874 0.7648854 -0.5362174 242258901633223
1.4180723 -2.914792 0.75041187 242258921775032
1.3003769 -1.8592945 1.181284 242258941916479
-0.870955 0.6283351 0.6846992 242258962057925
-1.2050527 2.4917114 0.17026156 242258982199734
-0.08541155 4.251504 0.24702585 242259002341231
0.311298 2.459005 0.7992074 242259022483040
0.16686505 -1.7769265 1.1164966 242259042624747
