-0.2508397 0.9015583 -1.8818331 242224640762542
-0.13961607 0.9124378 -1.5343823 242224660903987
0.13243717 0.30965358 -0.99908316 242224681045693
0.35009122 -0.17258719 -0.5708231 242224701187138
0.50140625 -0.47938603 -0.24083118 242224721328635
0.3504036 0.17717987 -0.11789743 242224741470185
0.17084433 0.4748423 0.0448037 242224761611838
0.028359279 0.69113666 0.2126753 242224781753545
-0.0049987286 0.6709732 0.61679 242224801895199
0.37798446 0.26252422 1.0628043 242224822036747
0.6394069 -0.65601426 1.4715441 242224842178193
0.7963644 -1.2682357 1.551528 242224862320106
0.24606645 -1.0961995 1.2458531 242224882461864
-0.29537418 -0.29145786 0.78824353 242224902603206
-0.31881714 0.54122436 0.36601138 242224922744651
0.15331191 0.51459664 0.2940083 242224942886306
0.37507975 0.46972644 0.21829124 242224963027958
-0.633086 0.7534723 0.026937604 242224983169769
-0.9653852 0.3493712 0.15875229 242225003311266
-0.4428829 -0.46112782 0.5367022 242225023452711
0.63847524 -0.583303 0.7192524 242225043594885
0.78797066 -0.5857124 0.8379184 242225063735914
-0.039369807 -0.043373495 0.6951084 242225083877515
-0.67923343 0.44751072 0.5912229 242225104019169
-0.32752353 0.69394827 0.77975476 242225124230302
0.6117343 0.3056811 1.1680361 242225144302424
1.0247881 -0.5264505 1.1029179 242225164443922
0.48271766 -0.94845414 0.6012307 242225184585002
0.12675571 -1.7034519 0.2823849 242225204726604
0.49420166 -2.734765 0.12872678 242225224868361
1.08026 -2.243223 -0.09987497 242225245009755
0.7508911 0.3354395 -0.55378914 242225265151409
-0.96593475 2.7387223 -1.3004717 242225285293010
-1.3508015 0.96183586 -1.1373976 242225305434769
0.24669337 -2.2435155 -0.60948443 242225325576162
1.2015386 -3.1054072 -0.3702247 242225345718284
0.9795171 -2.0245953 -0.50997084 242225365859937
-0.15037546 -0.3237977 -0.9402191 242225386001071
-1.2182686 0.4643277 -1.2711709 242225406142515
-0.4685854 0.7157806 -1.0828964 242225426284222
0.41548455 2.5397744 -1.2554691 242225446425824
0.5279175 2.5274606 -1.5717266 242225466567476
