0.21331584 -1.8673131 1.2020116 242322488655483
0.22472632 -2.5128303 -0.56158566 242322508797033
0.69548786 -1.4548701 -0.888288 242322528938583
1.0721192 -0.60847294 -1.1496675 242322549080236
1.3734245 0.06864208 -1.3587832 242322569221837
0.5644595 0.49024272 -1.5106729 242322589363439
-1.2871974 0.54651487 -1.6709015 242322609504988
-1.660754 0.07366568 -1.8047653 242322629646695
-0.63068426 -0.62917674 -1.821059 242322649788295
0.4356576 -0.7027437 -1.7387762 242322669930314
0.17921615 -0.13033634 -1.5922618 242322690071498
-0.37749758 0.57483715 -1.4752003 242322710212996
-0.5144038 1.0322473 -1.2595975 242322730354285
0.06740999 1.0064178 -0.902534 242322750495678
0.30466557 0.51651263 -0.5705536 242322770637645
0.016114961 -0.11056751 -0.3353861 242322790778830
-0.13650402 -0.29117998 -0.18690732 242322810920639
0.08588274 -0.21159711 0.019633682 242322831062137
0.3523489 -0.11842537 0.35985398 242322851203791
0.4194789 0.1036676 0.6087475 242322871345444
0.41430232 0.34585345 0.7713888 242322891486889
-0.17107156 0.15155162 0.9249949 242322911628908
-0.43118134 -0.097993344 0.95885265 242322931771134
0.2528201 0.03234212 0.8613611 242322951912216
0.5898701 0.15841442 0.8090211 242322972053816
0.14053059 0.17555943 0.8429503 242322992195054
-0.37955967 0.21658584 0.88984054 242323012336498
-0.31653893 -0.0466038 0.9504603 242323032478204
0.29599822 0.022196472 0.6121276 242323052619754
1.4445868 1.1453346 0.17204595 242323072761356
0.8948809 0.57586867 0.93059236 242323092903114
-0.92234623 -1.2376275 1.5019915 242323113044454
-0.77742153 -1.105148 1.6986017 242323133186265
-0.062151194 -1.0456216 1.8476036 242323153327814
1.0987606 -0.2721601 1.590563 242323173469468
1.0178845 1.2742977 1.0726943 242323193611017
-0.27813688 1.607028 0.75019497 242323213752462
