0.48003888 -1.3959193 1.8349702 242260069846687
-0.016070217 -0.24414973 1.5278405 242260089988237
-0.08565839 0.052615345 1.4185745 242260110129838
-0.14134583 0.290028 1.3311594 242260130271543
-0.18588799 0.47994965 1.2612312 242260150413041
0.5760946 0.265591 1.3085059 242260170554642
0.36680132 -0.92849964 1.1596328 242260190696244
0.10087931 -2.5537176 0.8917958 242260210837897
0.17636645 -3.516656 0.28764987 242260230979603
0.5736078 -1.6808167 -0.64878905 242260251120632
0.84401095 0.40273046 -1.4634773 242260271262077
-0.0941906 2.0733855 -1.849266 242260291403680
-0.84380245 1.1821057 -1.7728002 242260311545436
-0.5200708 -0.80024564 -1.5396068 242260331687039
0.31003487 -1.5112183 -1.3639416 242260351829108
0.8045341 -0.9525104 -1.466573 242260371970710
0.48701876 9.832829E-4 -1.610132 242260392112209
-0.029883564 7.146597E-4 -1.6774857 242260412253861
-0.3645688 -0.12847626 -1.543622 242260432395567
-0.45529592 0.079034984 -1.3349264 242260452536908
-0.41326565 0.16162202 -1.099963 242260472678666
-0.28844878 0.26553857 -0.82461804 242260492820424
-0.34430334 0.4585399 -0.42331624 242260512961817
-0.50483495 0.616493 0.03196837 242260533103418
-0.47169048 0.73039126 0.31548283 242260553245229
-0.41482243 0.874837 0.51323843 242260573386622
-0.652389 0.85363746 0.4460906 242260593527702
-0.26214832 0.31504753 0.7318276 242260613669252
-0.13273516 -0.31626597 1.0987122 242260633811166
0.40102306 -0.30609438 1.2057905 242260653952403
0.54288924 0.010308802 0.90123105 242260674094316
0.23087867 -0.2340334 0.6094109 242260694235659
0.25300863 -0.19356935 0.38794118 242260714377417
0.2736551 0.28763446 0.15781096 242260734519070
0.002751425 0.5053179 -0.026824072 242260754660620
0.54718786 0.63524944 0.09092005 242260774802065
0.28432912 0.42900738 -0.0949001 242260794944291
-0.11623919 0.50015014 -0.17515701 242260815085788
-0.31168216 0.51495826 0.06167464 242260835227129
0.14908612 2.4341912 -0.6194167 242260855368471
-0.08011913 3.3775527 -0.22265732 242260875510229
-0.37757254 -2.4329805 0.7331505 242260895651674
1.5780379 -3.5020742 2.2271287 242260915793796
1.4938495 -1.7936358 1.9244385 242260935935190
0.5819028 -1.054791 1.7351137 242260956076686
0.2814525 0.8613411 1.1466109 242260976218080
0.3632598 2.4024339 0.89893293 242260996359993
-0.5766201 0.98980737 0.9112773 242261016501544
