-1.0408841 -1.0868407 -0.12756656 242323274177944
-1.0771565 -0.36086345 -0.6394831 242323294319494
-1.1061634 0.21992803 -1.0490075 242323314461147
-1.1293974 0.68460196 -1.3766704 242323334602748
-1.1253796 0.9460068 -1.6337576 242323354744194
-0.93497455 0.37100726 -1.7781761 242323374885847
-0.58080053 -0.3118359 -1.73367 242323395027449
-0.33383185 -0.6544455 -1.7325512 242323415169051
-0.29510623 0.09814334 -1.8824896 242323435310861
-0.18942344 1.0235124 -1.9413301 242323455452619
0.0492813 1.0819546 -1.7037944 242323475594116
0.060789168 0.28661704 -1.1125983 242323495735458
0.0049011325 -0.31861916 -0.6871214 242323515877214
0.050828874 -0.5361372 -0.36095026 242323536018817
0.31055894 -0.33982748 -0.05527027 242323556160314
0.5631306 -0.5160254 0.26427317 242323576302228
0.44585288 -0.96688306 0.561455 242323596443569
0.28542525 -0.70089763 0.51428545 242323616585275
0.28170234 0.32257777 0.33101532 242323636726929
0.36501995 1.2747617 0.287825 242323656868425
0.27582964 1.0898906 0.56714946 242323677009871
0.32499486 0.2505672 0.8308349 242323697151888
0.25574443 -0.004897952 0.8699897 242323717293230
0.037946977 0.059500888 0.8229875 242323737434832
-0.26560712 0.08450783 0.736202 242323757576486
0.075047895 -0.4505756 0.715017 242323777717984
0.89142555 -0.47579557 0.5022649 242323797859428
0.9318115 0.0047780573 0.616585 242323818001238
-0.31519458 0.48702365 0.6679913 242323838142891
-0.26830775 1.5693574 0.595556 242323858283816
0.059970945 1.620456 1.0399928 242323878425471
0.103779554 -2.1006224 0.8977324 242323898566967
1.8120539 -2.9315696 1.2696285 242323918708829
1.0599506 -2.2988997 1.3525689 242323938850171
-0.10453972 -1.0383482 1.2381414 242323958991825
-0.2542365 1.7937845 0.73491573 242323979133321
-0.2204867 2.7051158 0.17271423 242323999275549
-0.091942295 -0.4464146 0.17920476 242324019417150
