-3.4180393 -0.61561835 2.1562102 242200652117270
-1.516567 -0.0036389232 0.54916257 242200672258456
0.0046111345 0.4859448 -0.7364749 242200692399900
1.2215596 0.87762946 -1.7649761 242200712541502
2.1951122 1.1909595 -2.5877862 242200732683155
2.6977997 1.8366735 -2.9090447 242200752824653
1.1672807 1.3739638 -2.5517347 242200772966255
-0.39852566 0.80776405 -2.1681347 242200793107856
-0.9819426 0.09495719 -1.7755406 242200813249615
-0.5284215 -0.2178698 -1.584697 242200833391320
-0.34059983 0.054310344 -1.3623196 242200853532713
-0.57535195 0.34081787 -1.0599966 242200873674262
-0.44866154 0.11460401 -0.817955 242200893815864
0.24674988 -0.17466798 -0.65194356 242200913957049
0.018293455 -0.06129561 -0.34746504 242200934098494
-0.69252914 0.064778805 0.037828445 242200954240304
-0.5621499 -0.25194448 0.22876367 242200974382010
0.5468868 -0.16323395 0.26769567 242200994523351
0.9924715 0.080172 0.34954193 242201014665004
0.78322387 -0.35679427 0.6190245 242201034807232
0.5217539 -0.89222425 0.82055265 242201054948885
0.53140175 -0.8404324 0.78919184 242201075090174
0.76728916 -0.1582015 0.6919486 242201095231360
0.66976297 -0.19589677 0.7478898 242201115372908
-0.4045295 -0.5235352 0.83099365 242201135514459
-0.7543765 -0.31697044 0.7161366 242201155656163
-0.28305244 -0.5433206 0.30599368 242201175797713
0.1522871 -0.21655548 0.10134901 242201195939418
-0.27732664 0.2946752 0.06756443 242201216081072
-0.25315186 0.5776156 0.087346226 242201236222829
0.67239785 0.2064364 0.03499107 242201256364119
1.3306947 0.42657393 0.2956055 242201276505930
0.94945544 0.67252606 0.7551249 242201296647479
3.2738538 1.0460284 1.2487481 242201316788976
-2.2152097 0.34132552 1.4284204 242201336930682
-6.5122776 -2.5888891 1.9977415 242201357072128
-1.3851733 -1.8616855 1.6626714 242201377213728
0.35467124 -0.0759383 1.7842107 242201397355486
3.2508352 1.2195054 1.0847466 242201417496828
2.6299024 -0.02358675 0.9127265 242201437638533
-1.7452596 -1.411766 0.83183974 242201457780187
