0.7396009 -0.8866776 -1.1577237 242203995622714
0.18089733 -0.31180835 -1.0862379 242204015764159
-0.2660805 0.1480752 -1.0290573 242204035905708
-0.62362665 0.51596856 -0.9832883 242204056047361
-0.9096999 0.8102967 -0.94669783 242204076189016
-0.2111282 -0.12637207 -1.4450343 242204096330513
0.64778274 -0.50787234 -1.9186103 242204116472166
1.285861 -0.44004112 -2.229694 242204136613611
1.4372735 -0.20616122 -2.3594623 242204156755422
0.8071346 0.0016411841 -2.1185634 242204176896450
0.18007225 -0.0754807 -1.65016 242204197038259
0.1456595 0.16300112 -0.9624208 242204217179497
0.08491356 0.27131072 -0.18573844 242204237321098
0.48727095 -0.007255774 0.28623044 242204257463064
0.6542326 -0.31721786 0.6530758 242204277604405
0.39349422 -0.60545605 0.9621112 242204297746059
0.09782544 -0.052276 1.1274692 242204317887506
-0.39852673 0.0690005 1.2319572 242204338029211
0.05482158 -0.30838057 1.0140009 242204358170865
0.30916056 -0.4310229 0.6918557 242204378312309
0.41365317 -0.41949654 0.46642703 242204398454171
0.08778517 -0.0019365349 0.42593995 242204418595564
-0.41510832 0.20782642 0.3130934 242204438737219
-0.60223097 -0.62232465 0.1997797 242204458878768
-0.025252461 -1.0967541 0.119903535 242204479021151
0.85352635 0.11244826 0.16912568 242204499162492
-0.34023866 1.0297979 0.71910775 242204519304249
-0.47567734 -0.21050827 0.5885751 242204539445696
-0.29793033 -0.90215564 0.652103 242204559587088
-0.63885695 -0.010107189 0.70243424 242204579728326
-0.13239229 1.1739014 0.41188836 242204599870135
4.3147693 0.2350272 1.7363006 242204620012362
1.4331361 0.029196024 0.2057117 242204640153755
-4.214372 -1.8454614 0.91945255 242204660295357
-3.480162 -2.1722379 0.8672842 242204680437114
-3.4700916 -0.8931731 0.51230043 242204700578715
-2.3836923 -1.2462189 1.0397124 242204720719693
1.3188648 0.74421036 -0.648826 242204740861189
2.7902908 1.0863723 -0.6276299 242204761003156
-2.122266 -1.9916842 -0.59400606 242204781144757
