-0.119341135 -2.215492 -0.53023523 242296707419928
-0.1727264 -2.9723868 -0.901385 242296727561477
-0.29118502 -2.2854867 -1.3453665 242296747702923
-0.43938893 -0.8242026 -1.804287 242296767844732
-0.5579658 0.3448758 -2.1714692 242296787986177
-0.6475619 0.3814571 -2.2037997 242296808127780
-0.3527082 -0.8106547 -1.7921687 242296828269328
0.53171104 -0.78167224 -1.5989568 242296848411087
1.0688286 -0.5334016 -1.4810021 242296868552583
0.4074118 0.8655581 -1.5703878 242296888694186
-0.58019036 1.360674 -1.4814651 242296908835734
-0.95144856 1.3664938 -1.2508221 242296928976971
-0.43096513 0.7611564 -0.9105787 242296949118468
0.08409184 0.33221263 -0.5887755 242296969260123
-0.004501909 0.16563919 -0.22635758 242296989401673
-0.21317813 0.039678693 0.035288345 242297009543377
-0.2590809 0.2940044 0.1411353 242297029685605
-0.10588452 0.8910085 0.22808519 242297049826476
0.08662629 1.0371274 0.41458085 242297069968131
0.142926 0.43381378 0.6138213 242297090110304
0.15461549 -0.32888898 0.7778068 242297110251958
0.30971947 -0.39790484 0.7730722 242297130393405
0.18613204 0.052409574 0.6432149 242297150534536
0.15583518 0.013892978 0.5619469 242297170676086
0.19720477 -0.14140536 0.49572408 242297190817844
0.49411777 -0.51523787 0.3972348 242297210959498
0.7514615 -0.17964855 0.24219629 242297231101047
0.38449857 0.4654419 -0.13807821 242297251242493
-0.12037042 0.8615844 -0.22439682 242297271384146
-0.16742009 0.7418778 0.17552187 242297291525695
0.031007558 -0.09691852 0.74131644 242297311667506
-0.017840922 -0.6863128 0.91649604 242297331809003
-0.24432267 -0.2601538 0.7332828 242297351950552
-0.42251465 0.038789406 0.7673272 242297372092102
-0.1914809 0.017931744 0.7838642 242297392233704
0.6799855 1.540095 0.5448373 242297412375252
0.72986287 1.0989633 0.87451327 242297432517010
-0.080391884 -1.570575 1.0728232 242297452658769
-0.16138911 -1.4917619 1.5852137 242297472800214
-0.46951583 -0.43525302 1.4620531 242297492941712
-0.34230667 0.5983017 1.0279535 242297513083469
-0.07594612 1.0957568 0.7003849 242297533225018
-0.8766199 -0.16690108 0.52567846 242297553366567
