1.1486607 -0.30008876 0.7691345 242236181896644
0.61565447 -0.27932674 0.8101091 242236202038558
0.18925309 -0.2627168 0.8429003 242236222179899
-0.15188286 -0.24943292 0.8691247 242236242321500
-0.37855482 -0.21149522 0.8940805 242236262463050
-0.34069043 -0.037817955 0.9246792 242236282604599
-0.37502807 0.12472561 0.9073944 242236302746253
-0.40250596 0.254757 0.8935815 242236322887750
0.2194514 0.19737136 1.1517984 242236343029404
0.8154466 0.8182191 1.4329785 242236363171265
0.2705253 1.0767702 1.6588676 242236383312815
-0.576106 0.9255886 1.6564915 242236403454522
-1.07597 0.5115446 1.6679195 242236423595966
-1.0759089 -0.24402142 1.5241549 242236443737620
-0.34445673 -0.07517898 1.1117922 242236463879117
0.07081099 1.1911618 0.48045707 242236484020146
-0.45398933 1.7959048 -0.22420672 242236504168778
-1.7741878 1.3133495 -0.70038366 242236524310277
-1.7279809 -0.09742418 -1.1465721 242236544451982
0.74231374 -0.6564754 -1.7235776 242236564593532
2.6250734 -0.5928086 -2.073285 242236584735081
2.8792813 0.13340616 -2.0280113 242236604876995
1.3269984 0.31903952 -1.6099119 242236625018440
-0.38427544 -0.010340616 -1.0967952 242236645160094
-0.95086944 -0.7606969 -0.81694996 242236665301540
0.41569683 -0.54643464 -0.9069404 242236685443661
1.1909933 -0.08790624 -1.0405817 242236705585107
1.0014647 0.1312558 -1.1494046 242236725726969
-0.327605 -0.16317774 -1.0218977 242236745868206
-0.95127034 -0.26823875 -0.91673213 242236766009652
-0.6086168 0.0063022673 -0.7587487 242236786151148
0.340805 0.5580903 -0.6267212 242236806292906
1.6508827 -1.4586929 -0.9427165 242236826434299
1.0742557 -2.1666458 -0.8321194 242236846576110
-1.7222244 1.6263988 -0.161268 242236866717608
-2.9304054 0.49504715 0.36185837 242236886859105
-1.0224686 0.19206154 0.43239546 242236907001227
1.0521158 -0.0924973 0.395732 242236927142724
1.1864967 -0.6965249 0.7164216 242236947283962
0.33185935 -0.67788124 0.96388996 242236967425666
0.5758388 -0.68576014 0.9267773 242236987567581
1.0795159 -0.28897056 0.76180553 242237007708713
0.75829065 -0.5470912 0.8703687 242237027850367
