-0.45841157 0.15539727 1.320548 242348531748518
-1.2186465 0.060329974 1.2163253 242348551889911
-1.8268903 -0.015718758 1.1329488 242348572031512
-2.3134296 -0.07656279 1.0662453 242348592173114
-3.090755 0.2215972 0.89823276 242348612314767
-3.1951098 0.30079758 0.18752635 242348632456370
-1.107266 -0.5776575 -1.0824349 242348652597918
1.3364338 -1.2783751 -2.2341726 242348672739572
2.1864932 -0.90871596 -2.641101 242348692881122
0.89601135 0.61303306 -2.1431706 242348713023609
-0.7893398 1.7022353 -1.6548324 242348733165054
-1.1813232 1.601636 -1.6450199 242348753306604
-0.06031865 0.7450042 -1.934121 242348773448257
1.322849 0.3154115 -2.1184468 242348793589807
1.4789681 0.5039717 -1.8117537 242348813731356
0.34091008 0.41689655 -1.0694944 242348833872436
-0.5955836 0.08013072 -0.32258436 242348854013986
-0.479508 -0.016447753 -0.06617354 242348874155848
0.14565268 0.07534953 -0.106936105 242348894297190
0.6238057 -0.070903204 -0.041766778 242348914438896
0.9530231 -0.3042367 0.07020089 242348934580444
0.9121528 0.30728614 0.46369708 242348954722098
0.56715816 0.07436716 0.6906579 242348974864325
-0.17231119 0.14636543 1.026912 242348995005770
-0.60083556 -0.10627169 1.0785723 242349015147528
-0.3391982 -0.86322933 0.64090884 242349035288922
0.5519793 -0.19086479 0.59348035 242349055430159
0.29002675 0.57634705 0.29118282 242349075571759
0.3675859 1.0030006 0.11885524 242349095713309
0.7938634 0.53162515 0.12441918 242349115854858
0.7291198 -0.15988058 0.23615296 242349135996513
0.70413375 -1.0356138 0.45735657 242349156138061
1.396451 -0.8958626 0.55352753 242349176279768
0.37795043 0.6513983 0.55575156 242349196421318
-1.2735707 0.925513 0.7850546 242349216562867
-1.6550221 -0.37921578 1.2855718 242349236705197
-0.92095137 -1.380054 1.4031949 242349256846591
0.6193428 -1.3233942 1.6428199 242349276987776
0.9590768 0.31476492 1.612147 242349297129273
0.05437094 1.3829244 1.2353599 242349317270822
