-0.18437861 0.43548203 0.7634737 242347766368075
-1.4566338 0.22188321 0.51343143 242347786509780
-1.9949535 0.077959746 0.15911138 242347806651278
-0.82289684 0.052906252 -0.64003074 242347826792931
0.11471191 0.03286262 -1.2793013 242347846934585
0.86484385 0.01684308 -1.7907634 242347867076239
1.3948219 0.77358246 -1.7325046 242347887217684
0.055647433 1.3109479 -1.3581803 242347907359546
-1.0057993 1.6866342 -1.0627033 242347927500887
-1.5382832 0.6210792 -0.9581997 242347947642489
-0.8183662 -0.0146814585 -1.3994232 242347967783622
0.37705067 -0.07058264 -1.7510909 242347987925536
1.2187548 -0.010262221 -1.9292623 242348008067241
1.3660994 -0.2540126 -1.9140862 242348028209156
0.93833697 -0.50769913 -1.6635368 242348048350498
0.23370922 -0.4272256 -1.2723097 242348068492098
0.41729164 0.57808566 -1.1294568 242348088633804
0.41733062 0.79405415 -0.8145476 242348108775302
0.32535025 -0.28308403 -0.5612151 242348128916590
0.44683945 -1.2765869 -0.20160106 242348149058087
0.4375441 -0.68847084 0.17611136 242348169199637
0.5806905 -0.11057972 0.5453961 242348189341499
0.95101225 0.36903292 0.8372233 242348209483674
1.0632541 0.3042745 0.9483737 242348229625119
0.873626 -0.099711694 0.9716623 242348249766461
0.1424667 -0.8079214 0.8820498 242348269907698
-0.6458895 -0.58599395 0.92479306 242348290049194
-0.6638088 0.16687937 1.0586543 242348310190901
-0.29704607 0.40849188 0.9178329 242348330332502
0.7828282 0.010885656 -0.052542776 242348350474000
0.41028845 -3.2035096 0.46945697 242348370615602
-1.6686386 0.9418638 0.9376684 242348390757359
-2.574709 1.3012192 2.2189672 242348410898804
-1.1331093 0.67448324 1.8463237 242348431040457
-0.18914986 0.3883356 1.4332579 242348451182111
1.3190501 -1.7912847 0.4043092 242348471323816
1.6430042 -1.2486503 0.8936283 242348491465159
