-0.8908453 -1.3687894 -0.6766993 242298459739316
-0.13394624 0.014382228 -0.82041925 242298479880761
0.074940205 0.21447024 -0.9735132 242298500022362
-0.14044522 -0.49957964 -1.1327406 242298520164068
-0.31273705 -1.0708215 -1.2601091 242298540305461
-0.4126027 -1.2980688 -1.3676383 242298560447063
-0.2096119 -0.03356275 -1.507437 242298580588716
0.15484649 0.9348511 -1.7066664 242298600730371
0.3086747 1.5210757 -1.8206788 242298620871920
-0.08294237 1.1414647 -1.7035003 242298641013729
-0.23867129 0.2910684 -1.4238504 242298661155487
-0.011296555 -0.5462092 -1.0147672 242298681296829
-0.10607818 -0.6875111 -0.7329536 242298701437857
-0.26165718 -0.18417841 -0.5826095 242298721579407
-0.16241616 0.47257772 -0.40696442 242298741721061
-0.2682804 1.0276064 -0.16087446 242298761862713
-0.2680695 0.9076922 0.23392762 242298782004159
-0.009371921 0.59508723 0.54959697 242298802145865
0.2231836 0.46955493 0.7596355 242298822287414
0.4016502 0.14323883 0.8881723 242298842429067
0.7066491 -0.29419982 0.88558435 242298862570670
0.7749031 -0.37952587 0.7757571 242298882712322
0.3316058 0.29407954 0.6251909 242298902853977
-0.19538014 0.3440765 0.46507272 242298922995474
-0.4061301 -0.09252865 0.3371343 242298943137180
0.24528919 -0.8842401 0.25060606 242298963278729
1.0081345 -0.5028843 0.18395452 242298983420174
0.7073487 0.5005544 -0.0954323 242299003562557
-0.034254074 1.1630366 -0.2502435 242299023703950
-0.6705615 0.9214457 0.004386604 242299043845760
-0.89956343 0.111716986 0.26944286 242299063987102
-0.3188631 -0.5926051 0.62861335 242299084128911
0.5816086 -0.8819339 0.98509705 242299104270357
0.6294109 -0.75526595 1.1015656 242299124412167
0.03744507 -0.4519323 1.1346123 242299144553769
-0.7549655 -0.6133863 1.2607728 242299164695526
-0.8297079 -1.2523317 1.4302504 242299184836920
0.3141276 -0.5469018 1.0326508 242299204978365
1.1136179 3.073379 1.0305588 242299225119602
-0.74541306 2.9479017 0.67178637 242299245261047
-1.9161867 -1.4686973 0.38320863 242299265402700
-0.6431651 -3.4656763 0.65772223 242299285544980
0.07350302 -3.6170506 0.42356592 242299305686112
0.39074367 -2.3663542 -0.14143997 242299325827505
0.31493402 1.0552583 -1.3103334 242299345969054
-0.5828053 4.054492 -1.9389715 242299366110708
-1.390348 3.9921377 -2.023642 242299386252258
