-0.63169724 -3.0387359 -0.98405313 242325751595041
-0.515285 -1.8157694 -1.1816175 242325771736589
-0.42214924 -0.8373622 -1.3396988 242325791878087
-0.34764647 -0.054670632 -1.4661341 242325812019742
-0.2880444 0.57148254 -1.5672827 242325832161290
-0.22798976 0.82168037 -1.5595934 242325852302893
-0.21174216 0.7205088 -1.3413033 242325872444545
-0.2242025 0.5566003 -1.0704502 242325892586043
-0.048891127 0.55676484 -0.9243737 242325912727644
0.17480874 0.6894465 -0.8268769 242325932869662
0.087261975 0.7082888 -0.63008404 242325953011003
-0.23556778 0.5736174 -0.36853123 242325973152501
-0.19787085 0.2965545 0.117771044 242325993294104
0.11461075 0.36626095 0.5199574 242326013435809
0.3691337 0.44620612 0.7660786 242326033577515
-0.08441208 0.20074943 0.94598204 242326053718856
-0.7223158 -0.17788126 1.1187721 242326073860770
-0.59207845 -0.53700113 1.1213574 242326094002215
-0.19531655 -0.6083735 0.9503701 242326114143348
0.15336475 -0.3029366 0.73153377 242326134284845
0.3943101 0.013578147 0.529864 242326154426342
0.25872493 0.35115388 0.2844053 242326174568205
-0.1100271 0.46896386 0.3153055 242326194709754
-0.036647066 -0.050899267 0.3867134 242326214851148
-0.06570255 -0.07926034 0.4311741 242326234992644
0.30854577 -0.057021648 0.5902024 242326255134246
0.5244999 -0.29295433 0.86386436 242326275276211
-0.13403118 -0.18361336 1.0023086 242326295417501
-0.67568064 -0.3633924 1.2662572 242326315559259
-0.39560175 -0.52070796 1.4038044 242326335700913
0.020448022 0.37642673 1.3875695 242326355842358
-0.49769616 1.0211781 0.8525307 242326375984064
-0.55255324 0.23028475 0.58787656 242326396125562
0.01362747 -1.1809924 0.55353963 242326416267163
-0.33997652 -0.91634893 0.11688054 242326436408920
0.001237601 -0.014995482 -0.19414921 242326456550315
0.346988 -1.3990405 -0.2885499 242326476692072
-0.90907836 -1.2119749 -0.20759562 242326496833674
-1.9963815 -0.02251184 -0.8131607 242326516990694
-1.321948 0.49766725 -1.2005804 242326537132401
0.0036754608 0.8966202 -1.2092385 242326557273845
-0.012601934 -0.19311823 -1.0785838 242326577415499
0.07732206 -0.5357492 -1.2638931 242326597557152
0.78216875 0.23842949 -1.5986205 242326617698754
0.8477539 1.3759394 -1.9264048 242326637840253
1.1200178 2.2897747 -2.745297 242326657982009
0.7947197 2.9660492 -2.6140265 242326678123508
-0.15189683 0.090461284 -1.0678052 242326698265369
-1.4188154 -2.5749774 -0.38885432 242326718406970
