-0.71205455 0.9834523 -0.80246055 242320796761056
-0.91538227 0.6928906 -0.572726 242320816902554
-0.27944988 0.7592059 -0.4698301 242320837044104
0.17249912 0.82267 -0.52757084 242320857185652
0.26656136 0.89714134 -0.56842154 242320877327254
0.18431936 0.40522572 -0.5635209 242320897468907
0.12158152 -0.043242194 -0.3766663 242320917610509
0.11663689 -0.08988823 -0.11908907 242320937752111
0.12730119 -0.1995211 0.00890911 242320957893713
-0.1699868 -0.054714397 -0.001910232 242320978035314
-0.7514646 0.012408167 -0.05215171 242320998176915
-0.8728534 -0.3873834 -0.07887946 242321018318674
-0.4343675 -0.7723051 -0.11572108 242321038460118
0.4091245 -0.44557977 -0.27159363 242321058601668
1.021593 0.20314097 -0.3270974 242321078743322
0.81303376 0.3073007 -0.21170032 242321098884975
-0.018827379 -0.023521597 -0.020843951 242321119026472
-0.8186666 -0.22270374 0.13380423 242321139168127
-0.9038258 -0.46080512 0.1611868 242321159309729
-0.5005291 -0.37195376 0.05539017 242321179451329
-0.21737361 0.12714942 -0.029675782 242321199592931
-0.28008536 0.43155605 0.14398864 242321219734532
1.3423829 -0.19067675 -0.2176237 242321239876134
2.1234832 -0.3036133 -0.5709057 242321260017683
-0.58165306 0.65552115 -0.14598934 242321280159337
-3.4491587 0.007539153 0.52452296 242321300300939
-1.2244132 -0.94808525 0.23640957 242321320442592
0.8274449 -1.5511388 -0.7654094 242321340584142
2.447973 0.12559271 -0.24856925 242321360725796
0.4651069 1.6021992 -0.29160926 242321380867293
-0.37268108 0.6316312 -0.06187118 242321401008998
-1.0220625 -0.18500084 0.127771 242321421150548
-0.78464216 -0.8706501 0.1753911 242321441292201
-0.5238203 -0.6155304 0.1646962 242321461433803
0.030718671 0.016668415 0.13737221 242321481575457
0.4997937 0.54817015 0.11438733 242321501717006
0.74062216 0.49937183 0.15604472 242321521858556
0.52054954 0.13050917 0.3687213 242321542000262
-0.084267065 -0.062654324 0.5846098 242321562141290
-0.3664257 -0.008544415 0.66404456 242321582282787
-0.23756985 0.1870799 0.6624964 242321602424910
-0.113840126 0.29087168 0.80769956 242321622566512
0.0239476 0.46709397 1.0743005 242321642707748
-0.23229668 0.4585368 1.2899711 242321662849246
-1.2282193 0.01935047 1.1802032 242321682991264
-1.6783385 -0.6590225 0.7646381 242321703132658
-0.85146224 -1.2034705 0.32008764 242321723274259
-0.06672008 -0.6055105 -0.060164854 242321743415705
0.41649637 0.34621292 -0.37189156 242321763557566
-0.21125916 1.1682473 -0.52965105 242321783699272
-0.863455 1.2381109 -0.7853775 242321803840718
-0.8529735 1.2240429 -0.777666 242321823982058
-0.047107577 1.2262654 -0.91993225 242321844123765
0.8816103 1.4300035 -1.0976903 242321864265314
0.038356185 1.6428517 -0.985986 242321884406811
-0.23013592 1.1049833 -1.0680863 242321904548465
0.14176217 0.3822748 -1.2245129 242321924690066
0.7175655 0.48702163 -1.2526734 242321944831616
1.0159817 0.32937926 -1.1903569 242321964973270
0.37440276 0.63658094 -1.1433222 242321985115497
0.05841756 1.2606975 -1.0010997 242322005256889
0.21799618 1.5117698 -0.7385125 242322025398491
0.46466595 0.87778103 -0.359121 242322045540301
0.685136 -0.011774987 -0.012158178 242322065681799
0.85512924 -0.22232226 0.22972149 242322085822774
0.793548 0.052479178 0.3947972 242322105964481
0.40294904 0.10617863 0.42009118 242322126106134
0.26475492 -0.08165729 0.5320138 242322146247892
-0.020350158 -0.21997824 0.540056 242322166389546
0.25698182 -0.18842067 0.47356427 242322186531042
0.23090197 0.017369345 0.51949763 242322206672436
-0.3961135 -0.48274684 0.6927857 242322226813933
-0.014963567 -1.3281758 0.36629865 242322246955691
0.59633183 2.7693624 0.5567659 242322267097346
-0.87560725 1.4101939 0.022999406 242322287238895
-1.5013547 -1.9048138 0.6972239 242322307380496
-0.54706675 -1.5932586 0.8568593 242322327521994
1.0236359 -0.35734174 1.1084578 242322347663803
2.004472 1.3400826 1.2381905 242322367805353
-0.34823245 0.611428 1.1786397 242322387946902
-0.88681614 -0.21114132 1.3908268 242322408088503
-0.4157104 -0.48661238 1.7098135 242322428230053
0.5579839 -0.17324188 1.8720914 242322448371655
