-0.39471674 0.77671266 0.47342524 242233644055003
-0.88876843 0.60722333 0.40061763 242233664196760
-0.7715466 0.15133221 0.55220526 242233684338102
-0.24901034 -0.10180047 0.609557 242233704479599
-0.014279634 -0.36244154 0.59009427 242233724621305
0.07388759 -0.5784564 0.4929911 242233744762906
0.14296222 -0.23517509 0.33972436 242233764904404
-0.13166668 0.14648378 0.14352354 242233785046057
-0.32608417 0.45126188 -0.060736477 242233805187659
-0.3198397 0.4869251 -0.11379127 242233825329365
-0.05938677 0.22236037 0.11398735 242233845470863
0.38016242 0.15623659 0.09431142 242233865612725
0.26639152 0.042431787 0.18388881 242233885754065
-0.15633877 0.54481775 -0.32329723 242233905895667
-0.5594588 2.4708986 -0.78575325 242233926037268
-1.0145937 -1.0089201 -0.40234423 242233946178922
1.2233372 -2.1727724 0.68892086 242233966320472
1.7747914 -1.8676715 0.96462166 242233986462125
0.47746915 -1.7477462 0.48059577 242234006603624
-1.1234376 1.2520677 -0.90876436 242234026745276
-0.6655729 3.5807471 -0.9614959 242234046886931
-0.10072577 1.8849064 -0.46224946 242234067028532
0.36373085 -0.8507647 0.1848376 242234087170185
0.36186337 -1.9296262 0.5589669 242234107311682
0.0750303 -1.1383218 0.22873122 242234127453336
0.16712423 -0.11047324 0.061979875 242234147594886
0.2408083 0.7117714 -0.07143215 242234167736539
0.31911877 0.1263932 0.17302698 242234187878089
-0.2507296 -0.29999185 0.33461574 242234208019690
-0.081409276 -0.47271717 0.48583853 242234228160824
0.37146533 -0.6306937 0.59624517 242234248302320
0.32094544 -0.48050362 0.4429857 242234268444078
-0.10100366 0.18667819 0.12457374 242234288585629
-0.39107805 0.78450936 -0.09717393 242234308727125
-0.17178649 0.6741647 0.00888136 242234328868883
0.056015 0.3523992 0.10431318 242234349010484
0.19643243 0.29235327 0.027116887 242234369151983
-0.111485645 0.43012396 -0.16919294 242234389294209
-0.1680836 0.15922281 -0.18497899 242234409435758
-0.06933631 -0.21317026 -0.13171288 242234429577463
0.8207405 -0.76781446 0.052980095 242234449718961
0.70673513 -0.66354245 -0.039246887 242234469860147
-0.2795122 -0.0729309 -0.41414532 242234490001591
-0.521095 0.17873266 -0.62266487 242234510143506
-0.073726915 -0.06877473 -0.5282675 242234530285211
0.18743473 -0.27618152 -0.4015261 242234550426656
0.09151618 -0.6573763 -0.35518196 242234570568309
0.050804205 -0.12779206 -0.39604354 242234590709912
0.9068315 -0.35428977 -0.4175197 242234610851357
0.91760325 -0.20976466 -0.1671406 242234630992907
0.05603133 -0.22146274 0.27131855 242234651134456
-0.24443418 0.18988588 0.66551846 242234671276057
-0.36497605 0.7399551 0.7101929 242234691417555
-0.3142907 0.28442508 0.6999696 242234711559782
0.42239982 -0.47764796 0.7204807 242234731701227
0.66598177 -0.29646745 0.6548007 242234751842828
0.05668608 -0.14666598 0.66639674 242234771984274
-0.44113982 -0.31476444 0.676438 242234792126136
-0.29269132 0.15530327 0.7163121 242234812267581
0.31005496 1.0454437 0.8388109 242234832409183
0.25356674 0.9199028 0.99395967 242234852550992
-0.22685254 0.40667027 0.9112743 242234872692125
0.2440149 0.011474151 0.74298155 242234892833518
0.873259 -0.40242046 0.5858615 242234912975277
0.73209125 0.1258798 0.20529686 242234933116930
0.34392798 0.6140037 -0.31468558 242234953258323
-0.28713697 -0.013446966 -0.75519764 242234973400029
-0.46859115 -0.9016569 -0.6311883 242234993541683
-0.092759214 1.0045865 -0.56987375 242235013683233
-1.5734943 2.2724962 -0.3544295 242235033824885
-1.7611611 0.7187221 -0.048812926 242235053966540
-1.0031718 0.4290208 -0.27061164 242235074108140
0.6636994 -0.11616954 -1.221016 242235094249690
1.9921372 -0.29729536 -1.0867805 242235114391396
