0.9238003 -3.0265641 1.2540898 242259082912064
0.5603078 -1.9332161 0.95713216 242259103049812
0.26951212 -1.0585338 0.719578 242259123191465
0.03688681 -0.35878414 0.5295223 242259143333120
-0.14922303 0.2010081 0.3774783 242259163474565
-0.34418494 0.25724533 0.45351875 242259183616167
-0.1007106 0.1505484 0.9640135 242259203757819
0.15025713 0.015341669 1.3070925 242259223899473
0.07536563 -0.25616747 1.2225485 242259244040919
-0.40755963 -0.58590543 1.15019 242259264182833
-0.58307385 -0.35549247 1.0631305 242259284324174
-0.16158414 0.67937315 0.8895307 242259304465880
-0.3336099 1.1854522 0.7363284 242259324606961
-0.62421846 0.34318447 0.60704064 242259344748510
-0.2812027 -0.8634486 0.51527375 242259364890059
-0.014074504 -1.3531679 0.24967158 242259385031713
-0.32449317 -1.0361006 -0.18220662 242259405173366
-0.7183175 -0.22090426 -0.6611608 242259425314813
-0.6647263 0.5749878 -0.90729916 242259445456361
-0.37026057 1.0557568 -0.9351926 242259465598067
-0.19249868 1.2780972 -0.9090494 242259485739720
-0.50842124 0.5430443 -0.7050048 242259505881322
-0.41640216 -0.47476253 -0.44632345 242259526022871
-0.35195005 -0.96185684 -0.44363886 242259546164421
-0.10025275 -0.60180587 -0.8779336 242259566305918
0.42354053 0.024480894 -1.3521725 242259586447572
0.46621475 0.26473257 -1.9580743 242259606589122
0.31632096 0.50894636 -2.0628352 242259626731452
-0.31966192 0.4032228 -1.9819093 242259646872950
-0.3664024 -0.0017309785 -1.562325 242259667014603
-0.5468733 -0.050806016 -1.2519306 242259687156205
0.22021684 0.42825326 -0.9112453 242259707297286
1.1507754 0.39032924 -0.3482141 242259727439512
0.23468572 0.34390864 -0.099250644 242259747580958
-0.3949761 0.07862839 0.23392922 242259767722611
-0.52240115 -0.2204237 0.70122385 242259787864213
0.12350114 -0.041262776 0.7428451 242259808005345
-0.020744562 3.1081455 0.38034916 242259828146843
-0.5616517 4.092834 0.3008107 242259848288549
-0.42032477 -0.7044302 0.6869969 242259868429942
1.3643366 -2.827364 1.295718 242259888571700
1.6852431 -1.1070533 1.4064381 242259908713875
0.7083113 -0.73656535 0.9694408 242259928855372
0.38376117 -0.97117114 0.8407867 242259948997182
0.1292162 -0.97523725 0.7438823 242259969138106
0.13698727 0.6537429 -0.38835794 242259989279656
-0.8034564 2.9814167 0.27440137 242260009421258
