0.34286773 0.26355824 -0.87297636 242276666515596
-0.35624596 0.23288468 -0.55759704 242276686656677
-0.9155369 0.20834586 -0.3052935 242276706798486
-0.37847626 -0.29009664 0.064346045 242276726939984
0.23537597 -0.77845085 0.39144987 242276747081845
0.27142397 -0.6345948 0.71101075 242276767223188
0.028949648 -0.366134 1.052107 242276787364788
0.13663167 -0.5521872 1.2632349 242276807506391
0.30769318 -0.6828479 1.3473486 242276827647888
0.034826934 -0.42967498 1.4304376 242276847789698
-0.48853964 -0.26587042 1.5677649 242276867931768
-0.40834948 -0.2591743 1.6117504 242276888073005
-0.06473783 0.027303403 1.5276555 242276908214607
-0.2613358 0.35268548 1.6118275 242276928356104
-0.71199846 0.5283311 1.7123048 242276948497601
-1.0527976 0.22140175 1.6534507 242276968639618
-0.1050708 -0.15847325 1.2330868 242276988780961
1.2715238 0.03295964 0.9905118 242277008922563
1.1652517 -0.081767365 1.0622512 242277029064112
0.009572744 -0.5132057 1.2346406 242277049205661
-1.1774704 0.123150215 1.1007808 242277069346637
-2.1797001 0.9701104 0.88843274 242277089488448
-3.8831103 1.4908066 0.41615427 242277109629996
-3.6412323 0.28991526 -0.43171322 242277129771494
-0.9498632 -0.9124302 -1.2472914 242277149913096
1.4172883 -0.8236813 -1.9548271 242277170054593
1.9890261 0.11934172 -2.1837885 242277190196247
0.35904694 0.59337556 -1.9615757 242277210338005
-0.77239704 0.38904682 -1.801895 242277230479399
-0.5975262 0.01211606 -1.7458055 242277250621156
0.13102236 0.007594563 -1.7052623 242277270762653
0.7949399 0.38811344 -1.7086923 242277290904827
0.6978972 0.2943313 -1.6148974 242277311046065
0.200876 -0.046883523 -1.4830768 242277331187458
1.3404669 -0.6184975 -1.7250855 242277351329215
1.5877788 -0.68055797 -1.2100675 242277371470766
0.4999892 -0.23479794 -0.7075639 242277391612262
-0.9027548 0.7509934 -0.30163825 242277411753917
-2.281082 1.1319878 0.34679842 242277431895622
-0.79969126 0.1981264 0.30081195 242277452037120
1.0052587 -0.50900096 0.005412936 242277472178877
3.1991665 -0.9996215 -0.37792516 242277492320479
2.3780553 -0.89467084 0.18382329 242277512461872
0.3153444 -0.20923832 0.7315986 242277532603577
