0.9470192 1.0770481 -1.8496579 242203169816996
0.4594182 0.5931983 -1.7985872 242203189958494
0.069352806 0.20614336 -1.7577243 242203210100096
-0.24272197 -0.103515685 -1.7250388 242203230241593
-0.17867959 0.18347365 -1.698098 242203250383248
0.07760286 0.47723195 -1.6842588 242203270524848
0.05430895 0.33722958 -1.6882595 242203290666607
-0.05952409 0.10741985 -1.6959181 242203310808051
-0.271868 -0.124717005 -1.6851342 242203330949601
-0.11068612 0.028922454 -1.520143 242203351091411
0.53322595 0.81527334 -1.438049 242203371233013
1.020276 1.0099574 -1.0221506 242203391374406
1.3013555 0.69623065 -0.46114457 242203411515487
0.5104692 0.19124515 0.28678524 242203431656985
-0.37305334 -0.20315924 0.9790773 242203451798846
-0.7978513 -0.065158665 1.383059 242203471940343
-0.33668786 0.5371821 1.3248811 242203492081892
-0.01977706 0.09094103 1.1691978 242203512223494
0.07121304 -0.4161888 1.1090446 242203532365096
0.14703731 -0.047383014 0.8876034 242203552507530
0.13943988 0.25450513 0.72203326 242203572648455
-0.19020785 0.24091837 0.60213053 242203592790265
-0.5344992 -0.30853945 0.38397497 242203612931554
-0.1947133 -0.70120513 0.17012337 242203633073051
0.2091353 -0.5755932 -0.028685465 242203653214654
0.6260531 -0.01448369 -0.18216336 242203673356932
0.74911463 -0.19156 -0.14085406 242203693498013
0.43365765 -0.16136158 0.16695975 242203713639562
-0.121636376 0.05725916 0.5341913 242203733781164
0.010028884 0.14875127 0.6481168 242203753922817
0.9619192 -2.5224695 0.6357947 242203774064262
-0.46496361 -0.25423688 1.1133128 242203794205969
-3.1365612 3.4031906 2.550152 242203814347517
-1.5989077 2.8366492 2.1239395 242203834489276
1.2916999 0.49972743 1.0552024 242203854630721
1.9771346 -1.8801962 0.41088897 242203874772270
4.4566 -1.6268214 0.46624184 242203894913977
1.9318482 -0.94107527 -0.30556196 242203915055630
-1.978342 1.1447074 -0.2315872 242203935197180
-3.786065 3.0076122 0.1782018 242203955338624
