-4.488655 -1.8090695 -0.8378464 242201498063912
0.5681618 -0.07528865 -1.9010375 242201518205460
0.069701344 0.19809309 -1.7060893 242201538347167
-0.32906413 0.41679963 -1.5501184 242201558488611
-0.64807105 0.59177214 -1.4253563 242201578630161
-1.3626814 0.4251492 -1.387746 242201598771815
-1.0876142 0.24168056 -1.4466853 242201618947010
0.032218337 0.23919211 -1.5230215 242201639055018
0.5586386 0.17091537 -1.5250667 242201659196619
0.07657586 -0.12704587 -1.4061683 242201679337961
-0.7230369 -0.5730801 -1.2839165 242201699479354
-0.6428931 -0.48051554 -1.3152472 242201719620851
0.49850368 0.2453573 -1.3879621 242201739763182
1.5855767 0.8901261 -1.1421392 242201759904679
1.5872719 0.8214803 -0.51995564 242201780046593
0.38489783 0.30055204 0.1657018 242201800188143
-0.61125755 -0.27587706 0.75102115 242201820329119
-0.9655448 -0.31009674 1.122582 242201840470669
-0.30384648 0.15069297 1.0494593 242201860612322
0.019191634 0.24779156 1.131294 242201880753820
0.09581765 0.18811034 1.2578225 242201900895265
-0.6619972 -0.32598358 1.3035184 242201921037076
-0.91973984 -0.16568011 0.9354992 242201941178781
0.065986685 -0.04322619 0.48328286 242201961320070
1.0355942 0.16145372 0.16773091 242201981461880
1.5943187 0.46239293 -0.0075271726 242202001603430
0.9654234 -0.57395005 -0.21741213 242202021744978
-0.013838418 -0.6631793 0.03649413 242202041886632
-0.37423158 -0.32575476 0.21124458 242202062028235
-0.61694753 0.2783609 0.41968125 242202082169731
-0.3384673 0.055200484 0.20187372 242202102311438
0.368863 -1.434859 0.54890096 242202122452987
0.26022026 -1.0359014 1.1301403 242202142594692
-0.39270413 0.58987224 1.3853402 242202162736241
-1.1265324 1.2825626 1.5931088 242202182877947
-1.3990593 1.7411003 1.7696264 242202203019392
0.18327814 0.41645405 1.1526783 242202223160995
2.889162 -0.7514661 0.44494027 242202243302752
2.2972841 0.08099975 0.43715394 242202263444249
