-0.5852486 -3.0549397 1.2239083 242261076926661
-1.1006372 -2.2447958 0.35998923 242261097068731
-1.3115177 -0.8121291 -0.29700017 242261117209760
-1.4802499 0.3340521 -0.8226205 242261137351465
-1.61521 1.2509335 -1.2430805 242261157492963
-1.3893557 1.7900503 -1.4990106 242261177634564
-0.51372856 0.33156964 -1.0616031 242261197776322
0.2544526 -1.0285945 -0.6461533 242261217917768
0.19097057 -1.0543407 -0.6209088 242261238059421
-0.27433175 -0.431206 -1.1452044 242261258200607
-0.07978994 0.1836102 -1.6254065 242261278342520
0.46866614 0.5202449 -1.8095219 242261298484383
0.68100566 0.28092545 -1.815531 242261318625775
0.36419824 0.121531814 -1.8028413 242261338767637
-0.58555895 0.20426643 -1.7829015 242261358909031
-0.9199922 0.4543224 -1.6673326 242261379050371
-0.24958336 0.5245053 -1.2053026 242261399191714
0.8193443 0.64421535 -0.5932617 242261419333314
1.1074004 0.38962772 0.0022907704 242261439475073
0.4631991 0.15708143 0.5670297 242261459616674
-0.14210175 -0.011182368 0.9917894 242261479758223
-0.40036124 -0.019610986 1.1444416 242261499899720
0.18465593 0.22972268 1.2131028 242261520041530
0.45158014 0.51431346 1.2359359 242261540182924
0.28166303 0.8266438 0.9999224 242261560325151
-0.12287417 1.1327435 0.6376573 242261580466804
0.025948204 0.60959 0.66833615 242261600608301
-0.014231145 -0.7900134 0.8935266 242261620749956
0.084997535 -1.4367886 0.95756376 242261640891088
0.25190997 -1.2177985 0.5610398 242261661032533
0.21856698 0.049348474 0.20454395 242261681174292
-0.8285541 1.2886087 0.22272974 242261701315840
-0.9669717 3.2863808 -0.54681075 242261721457443
0.9199662 3.1520395 -0.14215034 242261741598991
-0.6746619 -2.9975028 1.3486149 242261761740853
0.4434998 -4.7435107 2.4067264 242261781882143
0.1175282 -1.4470716 1.2948585 242261802023796
-0.0914436 0.99869204 0.9027412 242261822166491
1.3669078 0.6130547 1.080205 242261842307573
2.0960627 -0.22323394 1.5431426 242261862449643
1.9578223 0.70022416 0.16114026 242261882590254
0.10050303 2.1233678 0.31570047 242261902731961
0.09862512 -0.9517463 0.27618468 242261922873354
