-3.7321582 3.8692462 0.7246327 242202303728234
-1.1854544 2.2714124 -0.22538318 242202323869575
0.85189736 0.99314326 -0.98539245 242202344011332
2.4819303 -0.02952969 -1.5934505 242202364152883
3.7858167 -0.84760803 -2.0798497 242202384294380
1.3501328 -0.088371694 -1.4557151 242202404435929
-0.71364975 0.27528065 -0.91350836 242202424577583
-1.979604 0.30808178 -0.5886216 242202444719184
-1.3577793 -0.21030152 -0.8963486 242202464860943
0.42227525 -0.77351636 -1.5965247 242202485002595
0.6108249 -0.7406139 -1.7323593 242202505144145
-0.47476798 -0.51268893 -1.4827487 242202525285538
-1.2083476 -0.5653101 -1.1600418 242202545427296
-0.58292705 -0.7841676 -1.090074 242202565568899
0.48694918 -0.67241305 -0.97729826 242202585710500
0.9452251 -0.0377094 -0.71190834 242202605851737
0.49612498 -0.072721355 -0.30762556 242202625992973
-0.26241654 -0.74833846 0.23390234 242202646134679
-0.3558997 -0.85465944 0.6775603 242202666276489
0.20706768 -0.2444635 0.8757029 242202686418507
0.7987052 0.40589616 0.984403 242202706559954
0.3627349 0.04203638 1.0817556 242202726701242
-0.13441306 -0.3197344 1.1138941 242202746842740
-0.45167345 -0.2948778 1.0219836 242202766984237
-0.36454684 -0.031151414 0.721702 242202787125838
-0.0804386 0.24994758 0.38326514 242202807267543
0.110216424 0.11302847 0.2223518 242202827408989
0.51196593 0.025261834 0.12085475 242202847550851
0.434934 0.16049787 0.13105726 242202867692348
0.1872336 0.06785633 0.29726368 242202887834003
0.16727656 -0.027607538 0.54722214 242202907975656
0.43605983 0.2787838 0.8454909 242202928117050
-0.2345109 0.5670687 1.007685 242202948258755
0.86303264 -1.7032146 1.346299 242202968400305
0.08319077 -0.93626297 1.2689875 242202988542113
-1.5518596 0.3484146 1.642026 242203008683403
-2.2297773 0.22662723 1.8771981 242203028825058
-2.4804342 -0.41370088 1.726405 242203048967231
-2.4667318 -0.6426605 1.0006034 242203069108834
-0.87273383 -1.0395312 0.77702665 242203089249913
-0.9123766 -0.571032 -0.3475336 242203109391672
0.10014944 -0.12700719 -0.87185967 242203129533169
