-1.6684676 -2.7129083 -0.14651573 242297593650760
-1.4396755 -0.99988735 -0.73483235 242297613792050
-1.2566282 0.3704505 -1.2054645 242297633933495
-1.1102037 1.4668 -1.5819911 242297654074992
-0.7101445 1.2572069 -1.6159391 242297674216646
-0.0627826 -0.16759619 -1.333908 242297694358299
0.4551212 -1.3074813 -1.1082891 242297714499849
0.59876156 -0.7459114 -1.3466134 242297734641450
0.6966601 0.6429833 -1.5542829 242297754783000
0.34400654 0.88462114 -1.738593 242297774924654
0.08445418 0.8645855 -1.7862462 242297795066360
0.12405303 0.36628714 -1.4473346 242297815207961
0.4034676 0.13805854 -1.0815356 242297835349510
0.28191912 -0.02278462 -0.8544528 242297855491060
0.5195743 0.060074218 -0.440625 242297875632713
0.6709195 -0.357484 -0.051373348 242297895774315
0.3331171 -0.6597587 0.23260164 242297915915552
-0.2028659 0.15559253 0.32125023 242297936056893
-0.7596693 0.78741944 0.40615824 242297956198496
-0.6200839 0.7166951 0.61340195 242297976340096
-0.09382364 0.03790869 1.0479648 242297996482063
0.25020474 -0.67583036 1.2098055 242298016623455
0.11887416 -0.8053774 1.1374094 242298036764953
-0.17725109 -0.23795325 0.8783782 242298056906711
-0.28762954 0.64685357 0.5575926 242298077048468
-0.06765947 1.0963333 0.30834502 242298097189759
-0.21061599 0.7353874 0.24109912 242298117331360
-0.45448232 -0.31502557 0.30138284 242298137472910
-0.23098381 -0.42944247 0.18029597 242298157615344
-0.1678081 0.50045544 0.008543864 242298177756685
-0.23027301 1.2225773 0.10606788 242298197898182
-0.09519108 0.81145966 0.42773136 242298218040045
0.13872425 -0.19175774 0.6553214 242298238181489
0.20835477 -0.8375673 0.80844146 242298258323039
0.96961606 -0.14609444 0.8547158 242298278464172
1.3957875 1.1785176 1.0325434 242298298605774
0.033394556 0.106903575 1.1921648 242298318747479
-0.63260156 -1.4637518 1.556933 242298338889132
0.3314591 -1.9199766 1.5818917 242298359030526
1.8113714 -1.2765774 1.2015424 242298379172336
1.8796892 -0.660708 0.669507 242298399313990
0.24157116 -1.197774 0.052683264 242298419455904
