-0.49398363 1.2849127 1.7743037 242238155780837
-0.17945129 1.5877548 1.177899 242238175922698
0.072185576 1.8300333 0.7007874 242238196063935
0.273493 2.0238595 0.31908548 242238216205485
0.434541 2.1789167 0.013736069 242238236347035
0.68234897 0.7194972 -0.62784564 242238256488688
0.99521935 -1.1235187 -1.302593 242238276630238
1.270488 -2.4994466 -1.8136458 242238296771838
1.0895519 -2.579506 -1.9479917 242238316913388
0.4815728 -0.9327584 -1.5641836 242238337055043
0.022595078 0.9195497 -1.0778824 242238357196591
0.035550546 0.54715776 -0.95338994 242238377338141
0.48403162 -0.28094035 -1.0228918 242238397479846
0.42179644 -0.025593787 -0.9173026 242238417621344
-0.31864583 0.9002396 -0.76693714 242238437763362
-0.7581855 1.2914379 -0.81280625 242238457904547
-0.40210128 0.38434726 -1.1066338 242238478045993
0.05859506 -0.95681506 -1.2182094 242238498187282
0.30472434 -1.5197945 -1.1735694 242238518329039
-0.055634737 -1.1358237 -0.72389996 242238538471109
-0.4468676 -0.6215457 -0.2646968 242238558612243
-0.6671632 0.29717022 0.309149 242238578753792
0.14630559 0.5531914 0.5563367 242238598895393
0.08623315 -0.28409556 0.5260642 242238619036890
-0.08906898 -0.71995807 0.5586764 242238639178440
-0.23537824 -0.6327792 0.5946997 242238659320198
-0.18462355 -0.21597643 0.63864034 242238679461643
-0.40140992 -0.2809974 0.67446536 242238699603297
0.19668853 -0.30359396 0.6944128 242238719745367
0.23090696 -0.14683393 0.80334574 242238739886969
0.03345348 -0.24480498 0.9295156 242238760028310
0.08930941 -0.0727185 0.9418089 242238780169703
-0.41842866 0.4391863 0.8754972 242238800311774
-1.0763135 0.6384388 1.0242274 242238820453010
-1.7639244 0.5260702 1.0632674 242238840594560
-1.4895334 0.19134605 1.1155996 242238860736630
-1.3888901 0.7096545 1.2187167 242238880878545
0.4287581 0.16097301 0.92318666 242238901019365
3.6163127 -1.5742807 1.0569863 242238921161018
2.017117 -1.1044121 0.3723036 242238941302568
-1.8179538 -0.6291148 0.41479942 242238961444222
-1.9464496 -0.9424696 0.43541393 242238981585615
-1.3740315 -0.92691255 0.26595005 242239001727373
-0.950807 -1.4210509 0.016222805 242239021868922
-0.043158293 -1.639214 -0.22351709 242239042010419
1.2111049 -0.44474965 -1.4844036 242239062152855
2.2205148 1.7578819 -0.6592582 242239082294299
