1.1975994 0.3638229 -1.5504451 242281480357327
0.95486146 0.47377446 -1.3853188 242281500499034
0.7606665 0.56173813 -1.253228 242281520640479
0.60530514 0.63210964 -1.1475387 242281540782028
0.4810272 0.6883898 -1.0629829 242281560923630
0.69264305 -0.026138991 -1.2878094 242281581065335
0.7529454 -0.6067357 -1.5109255 242281601206885
0.4744383 -0.48908225 -1.5186015 242281621348486
0.2699498 0.002090484 -1.5547452 242281641490140
0.0022252798 -0.1470372 -1.4718219 242281661632524
-0.36389455 -0.6055691 -1.2774783 242281681773812
-0.824328 -0.12658235 -0.7867517 242281701915466
-0.06538756 0.14786056 -0.8645152 242281722057223
0.48398346 -0.24806583 -0.89546275 242281742198669
0.08458659 -0.34194323 -0.5488957 242281762340426
-0.6652349 -0.27293238 0.058797553 242281782482081
-1.3755325 -0.10572499 0.6792946 242281802623630
-0.79982865 0.08095002 0.7779521 242281822765179
0.10409881 0.008330926 0.718887 242281842906208
0.35242158 -0.45143285 0.6492213 242281863047913
0.52560604 -0.6051885 0.6545183 242281883189568
0.5483043 -0.18933125 0.775232 242281903331117
0.37694117 0.004201279 0.8020579 242281923472771
0.11758864 -0.39547774 0.74243975 242281943614163
-0.105401486 -0.2806104 0.80669355 242281963755870
-0.46906108 0.30510697 0.85469884 242281983897628
-0.61888397 -0.26804698 0.6396244 242282004039333
0.19736476 0.13155697 0.32444915 242282024180726
0.6746422 0.55832946 0.12659709 242282044322327
0.23475759 0.7628881 0.31303954 242282064463929
-0.7670684 0.6607076 0.52538943 242282084605426
-1.0895089 0.017936617 0.48250812 242282104747133
0.29417175 -0.12260665 0.33105615 242282124888682
3.3501365 -0.972584 0.38141745 242282145030440
1.4532115 -0.13352853 0.32795712 242282165171937
-2.164253 -0.61976415 1.0370085 242282185313382
-2.4226575 -1.9159766 1.6292521 242282205455713
-0.77172506 -0.6909648 1.4805944 242282225597211
-0.3096645 -0.057347506 1.4485744 242282245738187
-1.8065343 0.12796056 1.4200317 242282265879789
-3.2028866 -1.6246787 1.2760594 242282286021547
-3.0356119 -1.000324 0.32032323 242282306162940
-0.51900184 0.010728996 -0.78301585 242282326304853
