-1.1231488 -0.14204276 -1.597121 242223694107061
-0.44574025 -0.5982363 -0.9676093 242223714248661
-0.29858086 -0.415327 -0.62904835 242223734390159
-0.68450654 0.43005472 -0.56882006 242223754531760
-0.993274 1.106381 -0.5206247 242223774673362
-1.1434971 1.245861 -0.31107613 242223794815172
-0.7692088 0.42307782 0.26651898 242223814956565
0.11170648 0.05602996 0.63385075 242223835098220
0.6959232 -0.1775437 0.8987994 242223855241903
-0.16634208 0.27742982 0.77888095 242223875381578
-0.5936488 0.31410182 0.6466093 242223895523024
-0.49631047 0.06968378 0.75643533 242223915664729
-0.008077562 -0.40557766 0.7714774 242223935805810
0.52076614 -0.639215 0.77660185 242223955947204
0.55704844 -0.48661026 0.6398814 242223976088910
0.26138863 -0.2914908 0.39055914 242223996230407
-0.09653792 0.26291108 0.10205724 242224016372738
-0.31852442 0.90852183 -0.094001144 242224036514338
0.0045966804 1.0434055 0.10966438 242224056655784
0.21912035 0.6010151 0.30797875 242224076797541
0.24131313 -0.021628767 0.5417374 242224096938987
0.17287534 -0.27944544 0.7123546 242224117080223
0.1569223 -0.17276762 0.73630905 242224137221565
0.23135774 -0.34315556 0.8465672 242224157363220
0.24979076 -0.69516426 1.0263579 242224177504872
-0.04777506 -0.672527 0.93811107 242224197646474
-0.015056193 -0.2467801 0.78658545 242224217788283
-0.5328444 -0.024354823 0.6271772 242224237929729
-0.6559305 -0.012731865 0.69934213 242224258071279
-0.5939515 -0.20333508 0.67035794 242224278213297
-0.65033656 -0.33070126 0.508882 242224298354899
-0.7488806 -1.0283138 0.43492213 242224318496396
-0.5539191 -1.7213901 0.38681382 242224338637946
0.06281155 -1.9492468 0.09987378 242224358779703
-0.17407061 -0.51860565 -0.65082735 242224378920836
-1.6433997 2.1660235 -1.6413615 242224399062490
-2.0102644 3.8449068 -1.5330775 242224419204039
-1.7003839 0.31497228 -1.206715 242224439346473
1.1382563 -2.7320623 0.15362984 242224459487971
2.6400616 -3.4244363 0.62185585 242224479629574
1.3822303 -1.4906075 -0.20269614 242224499771018
-0.44446152 1.9136826 -1.6952227 242224519912724
-0.87461126 3.9869268 -2.5837646 242224540053753
-0.33087397 2.5758026 -1.8341283 242224560195406
0.5922878 -1.4670484 -0.62769 242224580336903
