0.66835165 -5.8699675 -0.28001118 242324059700353
0.3861034 -4.0410013 -0.7145593 242324079842059
0.16031855 -2.5778785 -1.0621547 242324099983556
-0.020306319 -1.4073329 -1.3402609 242324120125262
-0.16480933 -0.470944 -1.5627164 242324140266863
-0.34555653 0.07377964 -1.7109917 242324160408360
-0.62612134 0.44280672 -1.7830217 242324180549910
-0.86693907 1.3291901 -1.8607613 242324200691513
-0.894374 1.9103911 -1.8864026 242324220833113
-0.45201287 1.8406031 -1.7727127 242324240975080
0.20661399 1.0687356 -1.469852 242324261116577
0.25682405 0.38845158 -1.0684054 242324281257971
-0.35188493 0.42455426 -0.664757 242324301399727
-0.4990353 0.67394465 -0.1367672 242324321540653
-0.062885076 0.593716 0.4406837 242324341682305
0.12987918 0.08407004 0.98006225 242324361823804
-0.17817302 -0.2761786 1.2546147 242324381966030
-0.35943574 -0.18902458 1.190983 242324402107110
-0.124786824 0.0857631 0.9418856 242324422248608
0.30155113 0.18887952 0.81409425 242324442390522
0.71269095 0.12889522 0.8324524 242324462531759
0.29703504 -0.15879211 0.74251616 242324482673516
0.19991949 -0.107789576 0.43665 242324502815066
0.47254688 0.38644993 0.15903842 242324522956616
0.4914145 0.7097473 0.009737015 242324543098322
0.19560258 0.7735425 0.030121237 242324563239975
0.20658505 0.5045575 0.17811635 242324583381421
0.5698366 0.06570497 0.30507812 242324603523752
0.7218615 -0.2710338 0.36366236 242324623665144
0.20210966 -0.32670498 0.15576237 242324643806329
-0.22003496 2.0131273 0.33063987 242324663947879
-0.64390504 2.5541182 0.26001978 242324684089532
-0.4380484 -0.6951488 0.7712121 242324704231083
0.47940952 -2.5914152 1.410109 242324724372736
0.63492084 -2.3536687 1.4121101 242324744514442
0.32472336 -1.6467358 1.4567308 242324764656667
0.0012300909 0.25728905 1.0750209 242324784798009
0.05225718 2.4863675 0.42621875 242324804939193
-0.0055268407 2.1062822 0.02641201 242324825080744
0.1386948 -0.9122494 -0.025093347 242324845222293
