-0.4782915 0.04956968 7.184259 242276042130273
0.3777753 0.12736616 5.6888247 242276062271718
0.3107972 -0.16205703 4.6581607 242276082413268
-0.16333413 -0.49056894 3.8290007 242276102554869
-0.5857024 -0.5472597 3.3916442 242276122696679
-0.2014631 0.0022939965 2.9671059 242276142838020
0.06902218 0.31381816 2.741347 242276162979830
-0.07442266 0.24516259 2.4382927 242276183121276
-0.57826436 -0.122315586 2.2712493 242276203262825
-0.82260805 -0.02983424 2.1184046 242276223404583
-0.21870267 0.31030315 1.9768126 242276243546081
0.6440256 0.59607345 1.6261439 242276263687890
1.0107377 0.3886032 1.5026605 242276283829387
0.5074243 0.4511719 1.4406344 242276303971041
0.030620337 0.65935636 1.2078818 242276324113319
-0.36731395 1.0803478 0.6453107 242276344254244
-0.6743456 1.1105654 0.27418506 242276364395846
-0.6472823 0.7008013 -0.15629748 242276384537395
-0.4535243 0.5528131 -0.52961254 242276404679101
0.21758729 0.4019167 -0.849637 242276424820703
1.0439675 0.26185352 -1.0802002 242276444962200
0.75252485 0.30937588 -1.1644294 242276465104270
-0.060802877 0.31058586 -1.163918 242276485244779
-0.021297187 0.14787553 -1.2831111 242276505381794
1.0930357 -0.015241377 -1.7282887 242276525523552
1.0431209 -0.030605044 -1.889153 242276545665310
-0.5611194 -0.2034064 -1.5299938 242276565806703
-1.2074251 -0.2461478 -1.2692254 242276585948982
-0.5202898 -0.12906587 -1.3851998 242276606090531
1.2285643 -1.3823425 -1.8820189 242276626231456
2.2063277 -1.5031297 -1.6884115 242276646372953
