-0.2837422 -5.466662 -0.11539507 242324885506486
-0.77412915 -2.9150546 -0.6429098 242324905648243
-1.1664323 -0.87378323 -1.0649288 242324925789220
-1.4802806 0.75924414 -1.4025477 242324945930665
-1.7313707 2.0656648 -1.6726298 242324966072319
-1.2442142 0.9240863 -1.3820904 242324986213920
-0.32314402 -0.62591916 -1.0059913 242325006355626
0.4248287 -1.1115261 -0.88280475 242325026497176
0.49524444 -0.6265557 -1.0935248 242325046638777
-0.04931277 0.92590916 -1.577145 242325066779962
-0.07973993 1.7580596 -1.6703234 242325086921460
0.18099195 1.0498798 -1.2638612 242325107063009
0.62424755 -0.39944404 -0.615415 242325127204714
0.965131 -1.0309354 -0.24957436 242325147346941
0.724539 -0.049474835 -0.3303072 242325167488440
0.27335787 1.1468773 -0.40084597 242325187629467
-0.024381876 1.7052078 -0.1343778 242325207771018
0.09320626 1.3250422 0.28968963 242325227912618
0.34164435 0.4192685 0.668721 242325248054220
0.32529053 0.30743116 0.7791277 242325268195873
0.22873484 0.41192517 0.8057848 242325288337527
-0.0789751 0.72580284 0.68868965 242325308479129
0.18571606 0.26772976 0.81896317 242325328620679
0.5735513 -0.15487897 0.8586979 242325348762228
0.5026371 -0.11950177 0.8011365 242325368903830
-0.1508403 0.20678265 0.7666788 242325389045379
-0.45807308 0.07109223 1.0222179 242325409187136
-0.28356916 -0.51973236 1.2413828 242325429328686
0.09380442 -0.7943175 1.2970228 242325449470287
-0.1023573 -0.07131523 1.0533181 242325469612410
-0.5248891 1.2586471 0.7135279 242325489753961
-0.14651436 0.7587577 0.8015013 242325509895249
1.4993523 0.35116106 0.9737742 242325530036799
1.8219092 0.64103746 0.7549795 242325550178347
-0.29713184 -1.072855 0.41559994 242325570320002
-0.5394926 -2.1961904 0.42720267 242325590461915
0.5822194 -2.6401467 0.59811914 242325610602996
1.0128574 -3.4276707 0.6501607 242325630744597
0.822808 -2.3819861 0.22330135 242325650886355
0.3450815 0.45270494 -0.7133562 242325671028062
-0.011320949 2.8773203 -1.7255747 242325691169610
0.032810748 1.8029374 -1.5779836 242325711311421
