-1.6872747 1.8890425 0.76947343 242351089732384
-0.67870545 1.2774258 0.1785796 242351109874871
0.12818441 0.7881169 -0.29416066 242351130015536
0.77364826 0.39669454 -0.6723223 242351150157085
1.28959 0.08445728 -0.97511923 242351170298791
1.3644153 0.43811196 -1.3826084 242351190440288
0.09098786 0.33979163 -1.416312 242351210581994
-0.9277251 0.26112852 -1.4432731 242351230723596
-0.9100281 -0.11115984 -1.5437707 242351250865197
0.13643941 -0.35412598 -1.82633 242351271006955
1.1184218 -0.4741046 -2.079684 242351291148453
1.5529516 -0.15077904 -2.1601603 242351311290158
1.0763333 0.16733411 -1.9350123 242351331431968
0.07550824 -0.23848826 -1.2878348 242351351573309
-0.72948736 -0.7137898 -0.7146362 242351371714754
-0.75339055 -0.84441495 -0.33126915 242351391856721
-0.2802758 -0.2758549 -0.2329676 242351411998061
0.3670453 0.19241524 -0.1289118 242351432139611
0.44279516 0.10306364 0.15266544 242351452281421
0.025919452 -0.5943764 0.47659504 242351472422866
-0.13384822 -0.7165133 0.68169487 242351492564416
0.2957763 -0.13818224 0.6634476 242351512706070
0.39231354 0.0027849562 0.7075643 242351532847619
0.026495516 -0.3130317 0.8723887 242351552989220
-0.5407945 -0.9912591 0.9376225 242351573130718
-0.6027136 -0.8681133 0.8967694 242351593271955
0.062289044 -0.17872742 0.67528135 242351613413504
0.31318992 0.46451858 0.80285937 242351633555575
0.5102769 0.5269824 0.7484557 242351653697280
0.11940321 -0.25574443 0.7996522 242351673838882
-0.08930153 -0.7204268 0.76945585 242351693980483
-0.08772077 -0.004412953 0.7415707 242351714122242
-0.7105264 1.4500333 1.1406585 242351734263114
-1.557054 0.7736851 1.1740367 242351754404715
-0.20774817 -1.4920516 0.89251554 242351774546318
0.72488195 -1.1039511 0.4950617 242351794687918
0.62411016 0.023885306 0.54131305 242351814829521
0.10642074 -0.12803753 0.67172086 242351834971799
0.10500467 -0.5410041 0.7408868 242351855113088
