-2.6506271 -2.7158024 -0.14095622 242350263926773
-2.1641762 -2.0373938 -0.71148926 242350284068374
-1.7750205 -1.494645 -1.1679556 242350304209924
-1.4636855 -1.0604522 -1.5331308 242350324351473
-1.2146167 -0.7131033 -1.8252324 242350344493075
-0.21414281 -0.080859914 -2.147595 242350364634728
0.9808 0.8024392 -2.3824968 242350384776330
1.6261091 1.5493464 -2.4777565 242350404917931
1.6754779 1.9569762 -2.4240394 242350425059481
0.8622631 1.6378167 -2.0311024 242350445201291
0.44281387 0.9035011 -1.5647966 242350465342788
0.39693633 0.29657584 -1.0995941 242350485484286
0.44292152 0.024044454 -0.513945 242350505626095
-0.041885957 -0.075281575 0.11778956 242350525767593
-0.44337347 0.3770957 0.53185284 242350545909194
-0.70304376 0.6412507 1.0587134 242350566050901
-0.6762716 -0.23327106 1.4392217 242350586192449
-0.33040607 -1.0333699 1.4468298 242350606333895
-0.079526395 -0.7394364 1.2473512 242350626475810
-0.00621935 0.5258325 1.0222168 242350646617202
0.14530894 1.5387251 0.872332 242350666759064
0.48228496 1.298109 0.8128196 242350686900510
0.5117593 -0.0634651 0.6869711 242350707042320
0.1333496 -0.89934033 0.5465778 242350727184025
-0.3924199 -0.39241222 0.3048492 242350747325158
-0.15042369 0.28991252 0.1662427 242350767466239
0.31976852 0.11897898 0.19699036 242350787607788
0.45301443 -0.36634764 0.24646372 242350807749442
0.2668952 -0.24990717 0.24811271 242350827890939
0.1525541 0.1342906 0.16566142 242350848033167
-0.30397332 0.2751775 0.2604511 242350868174923
-0.7824457 -0.06853789 0.6016075 242350888315900
-0.6236325 -0.5413369 0.9784335 242350908457502
-0.9798914 -0.3914442 1.2001942 242350928599312
-1.1421467 -0.070124686 1.3509719 242350948740705
-0.10808672 0.12598832 1.1697171 242350968882098
0.94609916 0.6992335 0.7514248 242350989023753
1.0884342 0.11634028 0.78234255 242351009165561
0.12957585 -0.40474725 1.0437206 242351029306955
