-0.363273 0.26711142 1.5250651 242349377696721
-1.4266843 -0.025423229 0.8564348 242349397837958
-2.277423 -0.2594633 0.3215242 242349417979508
-2.8405237 -0.39678156 -0.19233447 242349438121005
-2.3573842 -0.23634422 -0.93734163 242349458262606
-0.17098501 0.32284868 -1.2762449 242349478404207
1.7433853 1.8414307 -1.9658058 242349498545861
3.2748814 3.0562963 -2.5174544 242349518687568
1.4072112 3.089662 -2.4411175 242349538829221
0.07453203 0.589947 -1.6709654 242349558970718
-0.7432436 -1.1134124 -1.1498089 242349579112215
-0.5447191 -1.458057 -1.0661135 242349599254078
0.3466131 -0.78644055 -1.333891 242349619395574
1.208721 0.13285494 -1.6069605 242349639537177
1.4502275 0.48183787 -1.4659736 242349659678727
0.9333525 0.012830615 -0.93949556 242349679820379
-0.12911893 -0.76109016 -0.24209213 242349699962294
-0.5120831 -0.72714573 0.068912715 242349720103479
0.049238503 -0.31105936 0.05781778 242349740245029
0.67896736 0.048916236 0.03700742 242349760386733
1.1983266 0.051781327 0.22227672 242349780528596
0.9497324 -0.12680331 0.60577875 242349800670197
0.2703209 -0.08098778 0.8207379 242349820811486
0.0024998784 0.023087502 0.99268264 242349840953036
0.20606872 -0.67147887 0.88008714 242349861094325
0.31058282 -1.2172585 0.7368527 242349881235770
0.47772896 -0.8883109 0.82739633 242349901377268
0.63747406 0.20378926 0.7854242 242349921519234
0.55565035 0.9651836 0.82590395 242349941660835
-0.23954554 0.37145904 0.8612415 242349961802384
-0.57354677 -0.7168115 0.85386604 242349981944039
-0.37505394 -0.14395379 0.8511788 242350002085639
0.43898284 0.87570107 0.57588476 242350022227294
1.1165959 0.77781063 0.887627 242350042368530
-1.5595535 0.29423916 0.72378135 242350062510445
-3.0732136 -1.4925557 1.1351671 242350082651733
-1.6984658 -1.68622 0.9839755 242350102793856
0.0012654662 -0.9352056 1.0480232 242350123022124
2.567029 -0.63235986 0.946202 242350143076643
4.64268 0.21531999 0.7825027 242350163218088
2.0941315 1.0423466 0.17798686 242350183359794
-1.930992 -0.59631336 0.17001678 242350203501500
