-0.40757024 0.71549916 -0.7299858 242280614269189
-0.5593108 0.46785134 -0.8038283 242280634410687
-0.680713 0.26972687 -0.86289847 242280654552289
-0.7778306 0.11122772 -0.9101435 242280674693839
0.20603046 0.34622958 -1.2065948 242280694835493
0.78122306 0.58787054 -1.421793 242280714977041
0.49425462 0.49907887 -1.4727621 242280735118800
0.11350292 0.36050966 -1.490088 242280755260401
0.12785399 0.2159065 -1.6318262 242280775401951
0.45683897 0.079473406 -1.7603079 242280795543030
0.78055716 -0.027660012 -1.8139722 242280815684529
0.75406295 0.19665697 -1.5797886 242280835826129
0.320552 0.21771634 -1.2381731 242280855968200
-0.25473627 0.16107091 -0.8462028 242280876110063
0.068210185 0.13626555 -0.6145586 242280896251456
0.18613902 -0.46508148 -0.24282435 242280916392693
0.16463664 -0.72059464 0.24038374 242280936534137
0.32234266 -0.28024596 0.68223554 242280956675896
0.2599053 0.19350445 0.89486516 242280976817340
0.037100583 0.11201474 1.0861925 242280996958890
-0.12550446 -0.14455977 1.1725943 242281017100596
-0.22595915 -0.6108912 1.0632578 242281037242146
-0.34625706 -0.4088754 0.9380069 242281057383748
-0.49509662 0.14826518 0.87220275 242281077525348
-0.31913078 0.17032228 0.68676996 242281097667211
0.18804632 -0.4118892 0.379299 242281117808812
0.19359699 -0.5972653 0.070891604 242281137950674
0.35036445 -0.38514555 -0.0038571209 242281158092067
0.42100155 -0.057726406 0.1905614 242281178233669
-0.2950636 -0.55499893 0.3546822 242281198375218
-0.17691317 -0.6331637 0.5391931 242281218516611
0.14475039 0.47065014 0.77667767 242281238658474
1.1652093 0.09125939 0.3100352 242281258799867
1.1892376 -0.84583086 0.6959355 242281278941417
-0.9617508 1.2437572 1.4963193 242281299083070
-1.2502148 0.6382397 1.80215 242281319224515
0.17772496 0.812134 1.420013 242281339366273
0.7624618 0.70300996 1.0247535 242281359507875
1.0783662 -1.3351474 0.31480327 242281379649476
-0.11150652 -1.0543574 0.7938075 242281399790921
-2.1948266 1.6710522 0.682271 242281419932732
