-1.1010097 -0.20361087 -0.76709425 242220974991058
-0.5070565 -1.6791928 -0.37956986 242220995132346
-0.23302615 -1.9794376 -0.28482243 242221015273948
-0.47309893 -0.2093801 -0.70068985 242221035415549
-0.66516256 1.2066507 -1.0333778 242221055557152
-0.818808 2.339491 -1.2995342 242221075698649
-0.5530897 0.8076298 -0.7137456 242221095840250
0.37860042 0.41948777 -0.33762276 242221115981905
1.1674155 0.17251086 -0.046129122 242221136123661
1.2063053 0.95930266 -0.10995233 242221156265419
0.5384301 0.23220816 0.057124276 242221176406812
0.33448973 -0.9033823 0.6090816 242221196548622
0.52246267 -0.6939194 0.7315655 242221216690119
0.31348616 0.5299072 0.5297705 242221236831774
0.3006348 0.78799367 0.37651318 242221256972698
0.1295332 -0.04732576 0.521731 242221277114352
0.09111956 -0.96862453 0.6857643 242221297255849
0.1954606 -0.22266944 0.45961154 242221317397450
-0.19820015 0.8342931 0.18650006 242221337539001
-0.8699411 0.5696272 0.19107199 242221357681226
-0.30175143 -0.22411536 0.5247445 242221377822725
0.2257298 -0.54190356 0.7393021 242221397964535
0.050555788 -0.01672554 0.6039888 242221418106187
-0.41280305 0.3052221 0.5026132 242221438247269
-0.29773253 -0.01720839 0.7221008 242221458388766
0.5640474 -0.7533387 1.145413 242221478530368
1.3533925 -0.25428247 1.1726158 242221498672385
0.2724558 0.077102005 1.0796252 242221518814091
-0.8866791 0.6287049 0.9577272 242221538955693
-0.5375718 0.6018027 1.088521 242221559097398
0.6193342 -0.14763916 1.3227426 242221579239053
1.3021195 -0.9170787 1.2741476 242221599379872
0.87419647 -1.0965528 0.8305941 242221619521787
0.12857258 -1.4055738 0.0936628 242221639663076
0.46541333 -1.6002369 -0.55368304 242221659804677
1.174734 -1.5708146 -1.0036482 242221679946226
1.256949 0.18014944 -1.3424137 242221700087932
-0.1383667 2.4000192 -1.9019053 242221720229483
-0.6333592 3.2394214 -1.6736469 242221740371292
-0.5767848 -3.185247 -1.8286341 242221760512737
1.6155142 -6.5601845 -0.5060816 242221780654286
2.7159984 -3.5261855 -0.51363075 242221800796097
-0.36631075 -1.703188 -1.1858032 242221820937698
-0.8067406 1.2019252 -2.249628 242221841079143
-0.18252611 5.600485 -3.1295104 242221861220796
-0.27119637 5.8361993 -2.5356858 242221881362451
-0.977967 0.34018898 -1.0502269 242221901503792
