0.25558028 -0.9938021 -1.0703697 242222807877269
0.21371347 -0.53409654 -0.62101746 242222828018296
0.18021837 -0.16632265 -0.26151308 242222848160159
0.15342395 0.12788709 0.026068013 242222868301501
0.13198848 0.3632547 0.25613233 242222888443102
0.22247288 0.17410775 0.6501437 242222908584703
0.15520674 -0.095287085 0.9076253 242222928726356
0.047430217 -0.30500555 1.0731562 242222948867802
0.120233685 -0.31068045 0.9789379 242222969009456
0.2857474 -0.08147684 0.6863307 242222989151005
0.40414512 0.17980498 0.42453364 242223009292608
-0.026424795 0.39597937 0.21920142 242223029434156
-0.27356955 0.31684777 0.04611689 242223049575966
-0.17401092 0.39551616 -0.031860188 242223069717360
0.3446108 -0.22265632 0.0010793805 242223089858909
0.039992303 -0.6888152 -0.0013442338 242223110000718
-0.6821812 -0.5809684 -0.07250857 242223130142165
-0.80452245 0.5550948 -0.047860384 242223150283245
-0.23707265 1.8169817 -0.054493845 242223170424899
0.056396887 0.9198338 0.68575215 242223190566500
0.22852188 -0.13363338 1.282639 242223210708049
0.23659462 -1.7439613 1.7699189 242223230849703
0.24818969 -2.2749956 1.9658804 242223250991149
0.07534993 -1.4643296 1.5915864 242223271132751
0.2595422 -0.77759415 1.1878452 242223291274507
0.7817177 0.514867 0.6532521 242223311416109
0.56037307 1.4621311 0.38252792 242223331557816
0.37498242 1.5852666 0.121035695 242223351699417
0.061436325 0.8936641 0.09647602 242223371841123
0.41474187 -0.17253968 0.07687224 242223391982984
1.1540713 -2.1155927 0.38695496 242223412124326
2.3429856 -3.8074303 0.6883916 242223432266031
2.6327584 -3.3868966 0.53192735 242223452407737
-0.25793138 0.19658786 -1.7644974 242223472548921
-1.3705816 5.8981066 -1.1994106 242223492690472
-1.267652 -0.22473341 -2.0198755 242223512832542
2.9052148 -4.5021167 0.70925367 242223532974039
2.6804347 -2.6099682 -0.20420194 242223553115797
-0.36369222 0.061109424 -1.5047121 242223573257242
-1.4579493 1.4149704 -2.2253637 242223593398531
-0.31333828 1.7269983 -1.7571704 242223613540133
1.2038813 2.6325483 -1.1875433 242223633681682
0.15146428 1.2676114 -1.7780805 242223653823337
