0.15698081 -1.4640392 -1.0704839 242225526992907
-0.0990491 -0.61779785 -0.9842493 242225547134352
-0.30388093 0.059183866 -0.9152718 242225567275953
-0.46773857 0.6007806 -0.8600797 242225587417503
-0.44323197 0.7273923 -0.63913274 242225607559104
-0.20703736 0.43930602 -0.17452106 242225627700706
-0.17700519 0.5945504 0.09728819 242225647842412
-0.16940334 0.63428074 0.34567562 242225667983961
-0.1760497 0.20940506 0.7281792 242225688125718
0.23054878 0.009618014 1.066482 242225708267112
0.37247676 0.012803823 1.1209347 242225728408817
0.10070803 0.2529752 0.8032687 242225748549794
-0.2737303 0.15175514 0.5034052 242225768691448
-0.16547686 -0.37133837 0.42911178 242225788832997
0.40257752 -1.0553246 0.6115748 242225808974600
0.6954716 -0.78015184 0.49663317 242225829116513
0.36128107 0.20058954 0.09124128 242225849257854
-0.2804653 0.7111188 -0.15290576 242225869399560
-0.24117397 0.53009456 -0.04243146 242225889541214
0.22826588 0.07264328 0.23086329 242225909682659
0.6301981 -0.28341913 0.49383274 242225929824208
0.3687747 -0.7347654 0.621641 242225949965967
-0.19306102 -0.22438973 0.269754 242225970107464
-0.2896678 0.15717123 0.002853021 242225990249638
-0.02536869 -0.9979204 0.46324772 242226010391291
0.58423364 -1.3953216 0.90824157 242226030532581
0.36340064 0.01987958 0.8197139 242226050673869
-0.8575742 0.5319704 0.50363314 242226070815471
-1.0076815 0.32167447 0.57794976 242226090956969
-0.37596273 -0.51008785 0.73880386 242226111098831
0.2789613 -1.553423 0.89968836 242226131240224
0.79231834 -1.2409208 0.5462332 242226151381929
0.5781477 -0.7985889 0.14409599 242226171524000
-0.50459194 -0.652161 -0.4925445 242226191665497
-1.0293896 0.20341855 -1.0007706 242226211807412
-1.1517206 0.6617593 -1.1057644 242226231948441
-0.98257184 0.77204657 -0.8869333 242226252089729
-0.16521057 0.64688724 -0.7822037 242226272231488
0.10795751 0.040991962 -0.7215667 242226292373036
-0.09045312 -0.45948738 -0.57962155 242226312514743
-0.29332364 -0.49763307 -0.33968833 242226332656552
-0.27966473 -0.2705899 -0.3088462 242226352798206
0.1343023 -0.06106659 -0.33609387 242226372940015
0.17895448 0.111704424 -0.5623062 242226393081357
0.13643175 0.34220088 -0.90232986 242226413223531
0.085424244 0.8555947 -1.0857302 242226433364508
-0.3123723 0.9916403 -0.8999742 242226453506162
-0.60271007 0.45539492 -0.5179232 242226473647555
-0.055181257 0.113197476 -0.3650766 242226493789104
0.49607003 0.2764872 -0.2316817 242226513927373
0.42353332 0.38515228 -0.10994485 242226534068922
0.15271951 -0.11191839 0.16479218 242226554210524
0.10850486 -0.2864637 0.10689099 242226574352282
0.30283517 -0.3819855 0.08093993 242226594493832
0.69914234 0.08716334 -0.75824803 242226614635589
0.8948605 2.7490463 -0.087827384 242226634776982
-1.3268255 1.6985675 0.5247328 242226654918636
-0.88082457 -2.6319964 0.31779027 242226675060237
2.509551 -2.4533005 1.4739933 242226695201890
1.8270694 0.34621555 0.20482531 242226715343961
-0.46482897 3.6647182 -0.9714274 242226735485095
-1.7455037 2.8137178 -0.8445059 242226755626591
-1.1280049 -0.1141969 0.06778914 242226775768141
