-0.5357051 -4.4965205 0.43391305 242301058005708
-0.42773175 -2.9431934 -0.17631948 242301078147258
-0.7261918 -0.70433486 -0.8401307 242301098288964
-0.9649581 1.0867474 -1.3711913 242301118430409
-1.1560026 2.5197058 -1.7960665 242301138572062
-1.1918213 2.696351 -1.7179024 242301158713664
-0.6612623 1.0250844 -1.1482164 242301178855214
0.18842971 -1.1310842 -0.6022121 242301198996919
0.7034592 -1.6828263 -0.44703066 242301219138417
0.5275686 -0.6849229 -0.6229129 242301239279654
0.047884494 0.4902171 -0.8203887 242301259421099
-0.68046135 0.6951224 -0.93078256 242301279562752
-0.21033901 0.3353419 -0.8230169 242301299704406
0.11238474 0.28769362 -0.7279161 242301319846685
0.13805532 0.13217013 -0.65240574 242301339988287
0.038327277 0.050255537 -0.69326234 242301360129785
0.6335832 -0.23067385 -0.4395473 242301380271438
0.44720307 -0.010846496 -0.42131165 242301400413143
-0.12729183 0.138809 -0.35533834 242301420554589
0.65870655 0.702634 -0.20565698 242301440696347
0.9561932 0.9798511 -0.09141062 242301460837895
0.31926683 0.4348894 0.08601186 242301480979393
0.00771752 -0.44625401 0.43735927 242301501120475
0.2871802 -0.5036196 0.663026 242301521262596
0.071046904 2.0933151E-4 0.5673038 242301541404094
-0.20287414 0.61624664 0.13035402 242301561545278
0.025594354 0.76056445 0.22410356 242301581686776
-0.34050196 -0.13173462 0.8580798 242301601828482
0.15080845 -0.24313907 0.57403123 242301621970240
0.56569004 1.5463645 0.098122 242301642111633
-0.37085712 1.5121579 0.08541536 242301662253235
-1.1618967 -1.557438 0.51068294 242301682395201
0.31869173 -2.6804447 0.9587692 242301702536437
1.4048226 -1.5239621 0.9591595 242301722678508
1.0045378 0.94483674 0.0776373 242301742819693
-0.6798679 2.9281425 -0.20576584 242301762961294
-1.1517273 1.9760474 0.09637666 242301783102844
-0.7794007 -0.40324357 0.7992956 242301803244446
