0.2023142 -2.1757283 0.44322604 242221941788037
0.13096488 -1.295608 0.46879566 242221961929326
0.07388419 -0.591482 0.48925084 242221982070876
0.028221667 -0.028215975 0.50560474 242222002212528
-0.008308284 0.42239675 0.51868767 242222022354235
-0.13355953 0.38256547 0.5762044 242222042495628
-0.023006838 0.25748795 0.5849298 242222062637282
0.2863045 0.29507026 0.56837434 242222082778831
0.2732938 0.16467665 0.6360862 242222102920484
0.016831493 0.20851938 0.5862025 242222123062398
-0.090541326 -0.06674153 0.5110994 242222143203635
0.12590775 -0.09400228 0.3023998 242222163345237
0.48228085 0.22533043 0.07632947 242222183486942
0.39420265 0.75251895 -0.13224256 242222203628389
-0.15813574 1.1349018 -0.14267573 242222223770199
-0.7312293 0.8697847 0.14226446 242222243911799
-0.18103729 0.1392775 0.5842119 242222264053454
0.50501096 -0.29103604 0.89507174 242222284194794
-0.07612485 -0.24060929 1.0835184 242222304336553
-0.28784016 -0.29833084 1.3701386 242222324478310
-0.27579072 -0.32153094 1.4950264 242222344619808
-0.38083512 -0.22767231 1.2644132 242222364761305
-0.4861714 -0.4537392 1.2198862 242222384903063
-0.45197922 -0.39604694 1.1366634 242222405044508
-0.4243731 -0.44237387 1.0221982 242222425185693
-0.40521365 -0.40892792 0.76747173 242222445327086
-0.8094387 0.13611895 0.30636853 242222465468740
-1.2310445 -0.08458084 0.119104624 242222485610862
-0.526206 -1.1728677 0.18053174 242222505752359
0.090794 -1.0029429 -0.21143588 242222525894222
0.02437517 0.14353526 -0.800897 242222546035667
-0.89320254 2.8520896 -1.6314769 242222566176904
-2.0254219 4.5020647 -2.4606767 242222586318297
-1.4793537 -0.18061036 -1.4248266 242222606460054
1.5366318 -4.0321627 0.13232875 242222626601605
2.5723157 -3.1663835 -0.015908241 242222646743153
0.34001905 -1.2817302 -1.088662 242222666884808
-0.71983135 1.1946945 -1.9582641 242222687026410
-0.08678603 3.7990177 -2.3868382 242222707167959
0.23334813 3.1190052 -2.0986855 242222727309872
0.03748569 0.1906654 -1.3965371 242222747451109
