-0.13504317 -1.3134347 -0.4387582 242308671510809
0.06805131 -0.89015687 -0.5696664 242308691652202
-0.18527688 -0.8372478 -0.22124133 242308711793752
-0.2298478 -0.13435176 -0.20758018 242308731935302
-0.24417526 -0.15363683 -0.0620174 242308752076904
-0.25836676 -0.42408192 0.19964376 242308772218609
0.026533648 0.11442195 0.29974884 242308792360159
0.0034124255 1.5634273 0.0560247 242308812501760
-0.06768268 1.6748629 0.029720455 242308832643361
-0.06942291 0.28328586 0.27873132 242308852785067
-0.02797842 -0.63167334 0.4118924 242308872926773
0.167606 -0.96266615 0.3527597 242308893068374
0.39761376 -0.80292416 0.19888577 242308913209821
0.23026219 -0.30641666 0.041575536 242308933351369
-0.21715114 0.28605735 -0.21026829 242308953493023
-0.5035737 0.32215303 -0.2673584 242308973634624
-0.51215076 0.035375595 -0.27168208 242308993776226
-0.336449 0.07478583 -0.23442331 242309013917827
-0.07657568 0.6681307 -0.10218481 242309034059377
0.09531921 1.4050951 -0.026212037 242309054201083
0.06538227 1.2005847 0.10604769 242309074342685
-0.06748403 0.08456678 0.24684899 242309094484286
-0.16236931 -1.6410365 0.49758357 242309114625991
-0.027408183 -2.2054427 0.4927106 242309134767438
0.5595254 -0.9679371 0.19410583 242309154909143
0.47424823 0.45332962 -0.15529823 242309175050588
-0.37393522 1.2171826 -0.3119458 242309195192242
-0.43045217 0.7149444 -0.22022468 242309215333843
-0.1714775 -0.2399329 0.021771178 242309235475393
0.051489696 -0.4161617 0.1771591 242309255616994
0.3787208 -0.20422542 0.14941297 242309275758648
0.38798273 0.3215573 0.04617705 242309295900406
0.05542922 0.24241649 -0.07799758 242309316041799
0.01970473 0.04195767 -0.11616577 242309336183400
0.15342751 -0.33503687 -0.08570503 242309356325002
0.30659345 -0.33000705 -0.1184566 242309376466657
0.30347833 0.27123317 -0.30341035 242309396608257
-0.1196253 0.445549 -0.3655929 242309416749860
-0.58151186 0.68758744 -0.29009625 242309436891513
-0.4703235 0.6351054 -0.24322529 242309457033010
-0.02901265 -6.920323E-4 0.06542432 242309477174611
0.29686946 -0.31847686 0.16127467 242309497316317
0.9646597 3.1391 -0.13566774 242309517458023
-1.0976238 -0.05322373 -1.0040711 242309537599521
-0.13245451 -4.104007 0.9060211 242309557741018
1.9143444 -2.7996979 0.8512218 242309577882776
0.8280233 -1.9741815 0.6830542 242309598024221
-0.0854312 -0.39889812 -0.254479 242309618165874
-0.85538256 4.036939 -1.5588415 242309638307476
-1.0289385 4.122276 -1.0661472 242309658449442
-0.3194377 0.8030672 -0.19138235 242309678590627
0.26475886 -1.5234392 0.43891585 242309698732281
0.590495 -1.9163871 0.64436525 242309718873830
0.43314576 -0.7674996 0.4866879 242309739015588
0.20629023 0.06949996 0.30943847 242309759157242
0.14251067 0.48501968 0.24706364 242309779298844
0.6759447 -0.73610735 0.6453614 242309799440288
0.2405332 -1.3192614 0.64781916 242309819582047
-0.263771 -0.83611196 0.40645832 242309839722918
0.14349455 0.038699053 0.0962969 242309859864521
0.21880816 0.71306235 -0.12925819 242309880006279
0.40911317 0.11836317 0.13809855 242309900147827
-7.817596E-4 -0.14936598 0.46118006 242309920289378
-0.5761605 -0.12639141 0.4981681 242309940430978
-0.83883387 0.12307696 0.32580477 242309960572945
0.08567464 -0.030211046 0.16317266 242309980714077
0.949476 -0.05314991 -0.014671519 242310000855836
0.42602542 -0.34472212 -0.20381978 242310020997282
-0.20751135 -0.32290283 -0.46133006 242310041139039
-0.17743906 0.13739842 -0.69007015 242310061280536
0.27576005 0.23530203 -0.70974517 242310081422241
0.66287977 0.08490071 -0.65220577 242310101563791
0.61283344 0.20100227 -0.5812287 242310121705549
-0.23894289 -0.19841258 -0.676669 242310141846994
-1.1659998 -0.030764878 -0.84868485 242310161988855
-0.8742451 -0.045039117 -0.7500766 242310182130197
-0.16976486 0.04353285 -0.5075098 242310202272059
-0.85540885 -0.12941611 -0.090364754 242310222413505
-0.600265 -0.23534341 -0.19150646 242310242555158
0.2771889 -0.11830521 -0.24064615 242310262696551
0.86487985 -0.47479564 -0.3291627 242310282838309
1.5436039 -0.66151613 -0.1709514 242310302979859
0.651677 -0.162732 0.42471164 242310323121408
-0.57504886 0.3332546 1.0764965 242310343263062
-1.132574 -0.07231648 1.4179797 242310363404768
-0.8832582 -0.04027785 1.4030907 242310383546162
-0.16926694 0.89691937 1.3878026 242310403687711
0.22794366 0.65797716 1.2074265 242310423829677
0.40445983 -0.20757465 0.9671266 242310443970966
0.84014434 -0.6435682 0.91228783 242310464112724
1.0072625 -0.094450735 0.79636616 242310484254220
1.7964512 -0.36138922 0.52223456 242310504395666
1.5921412 -0.67521477 0.71010125 242310524537424
-2.161696 2.4431126 1.2412221 242310544678973
-3.9291131 1.6468798 1.8512053 242310564820836
-2.6439874 0.38470647 1.1280944 242310584962489
-1.0777816 0.8215763 0.40231806 242310605103830
1.1873409 0.06035792 -0.78637385 242310625245379
3.0619094 -0.7754545 -1.7578151 242310645387190
