-0.7856466 -1.0801759 -1.406591 242299426536087
-0.48471794 -0.30677775 -1.3897147 242299446677531
-0.24397494 0.31196183 -1.3762348 242299466819342
-0.051380455 0.8069323 -1.3654296 242299486960839
-0.18955433 1.5193019 -1.4126704 242299507102440
-0.33147183 0.9871831 -1.1255704 242299527244094
-0.14088675 -0.28987685 -0.7141905 242299547385591
0.08761552 -1.4432364 -0.3637734 242299567527193
0.23660246 -0.9268095 -0.4424581 242299587668846
0.0047489405 0.13940263 -0.61616474 242299607810500
0.08069418 0.15212874 -0.39287224 242299627952257
0.46573085 -0.3868016 -0.029772833 242299648094068
0.72038746 -0.6008836 0.2294205 242299668235356
0.5727245 -0.19147779 0.25974277 242299688376855
0.14617437 0.30386016 0.23312628 242299708518352
0.16902323 0.45643586 0.35998413 242299728659484
0.5401589 0.12429738 0.5029252 242299748801243
0.5499391 0.03310302 0.6378143 242299768943521
0.05976828 -0.016088352 0.6365902 242299789084862
-0.09401107 0.009608261 0.59838074 242299809226567
0.015807256 0.07055251 0.58380026 242299829368065
0.35588282 0.1821807 0.57351 242299849509145
0.28616765 0.34563196 0.5184266 242299869651373
-0.2533452 0.4925057 0.5269946 242299889793078
-0.28784138 0.32229206 0.5650797 242299909934211
-0.028629988 -0.09178382 0.6746287 242299930075501
-0.38048798 -0.6328583 0.61329687 242299950217206
-0.024566144 -0.355179 0.49552166 242299970358755
-0.19019264 0.5686824 0.17282096 242299990500461
0.33447266 2.9874928 0.57899624 242300010641854
0.5088665 0.5233457 0.5166831 242300030783560
0.6938762 -3.2809618 1.5529026 242300050925161
1.1378455 -3.3811908 1.7138935 242300071066764
1.0058349 -1.6573579 1.7171243 242300091208261
0.6010441 0.62969804 0.88455486 242300111350018
1.3836932 2.5142217 0.54820764 242300131491464
0.6506331 -0.14435461 0.3511957 242300151633274
