-3.294602 -3.4332767 -1.3085454 242199906877595
-1.6900966 -1.6934835 -1.3891824 242199927019094
-0.39255095 -0.18039748 -1.3983319 242199947160694
0.6455406 1.0301375 -1.4056556 242199967302088
0.5769615 1.2892406 -1.3746142 242199987443742
-0.6832868 0.33155018 -1.3532265 242200007585343
-1.6823125 -0.69535726 -1.4028095 242200027726945
-2.0080118 -0.98166156 -1.4902467 242200047868546
-0.7206264 0.39048302 -1.6680151 242200068009835
0.24427211 0.9658046 -1.6576837 242200088151228
0.7736201 0.79594696 -1.6183528 242200108292935
0.85592836 0.10004467 -1.5497369 242200128434433
0.92562896 0.12490553 -1.2467011 242200148576190
0.52719706 0.9400399 -0.7440313 242200168717531
-0.1522615 1.2022445 -0.17453545 242200188859392
0.31768757 0.2253894 0.26785725 242200209000891
0.649361 -1.3132641 0.5455353 242200229143325
0.032954276 -1.1304853 0.57772064 242200249284718
-0.2966569 0.046742782 0.5925971 242200269425642
-0.34362134 1.0735371 0.6481566 242200289567453
0.8257518 0.5445791 0.68367314 242200309709679
0.569534 -0.61862284 0.8510876 242200329851124
-0.40282738 -0.8134559 0.8415667 242200349992830
-0.63519514 -0.7006136 0.7197921 242200370133703
0.82722104 0.14182416 0.3930221 242200390275409
1.5639347 -0.7269089 -0.15469944 242200410416958
0.5944537 -0.32399398 0.17771854 242200430558507
-0.20027508 -0.7552265 0.32995698 242200450700005
0.18346325 -1.2374295 0.4273683 242200470841710
0.17861299 0.39365193 0.944029 242200490983417
-1.6209226 1.506069 2.2379284 242200511124914
-3.2942028 -0.2471388 3.0061255 242200531266411
-1.6270955 -1.8176968 2.3971605 242200551408012
2.5625815 -1.6567554 1.1734481 242200571550083
3.7426662 1.4975224 1.3643141 242200591691631
