-0.23191428 -2.1493478 -1.4404991 242300212058703
-0.5163164 -1.9410579 -1.3422673 242300232200200
-0.7438433 -1.7744162 -1.2636861 242300252341594
-0.92585415 -1.6410971 -1.2008222 242300272483196
-1.071468 -1.5344577 -1.1505253 242300292624797
-0.57858545 -1.0339216 -1.2984036 242300312766606
-0.20353797 -0.06947842 -1.6061702 242300332908104
0.016879976 0.8386811 -1.8924239 242300353049706
-0.20022511 1.2701828 -1.8919346 242300373191411
-0.6393043 1.1352441 -1.6393446 242300393333274
-0.36566317 0.71492636 -1.3366143 242300413474771
0.45097065 0.12656721 -0.90964687 242300433616216
0.65182537 -0.3698274 -0.5248247 242300453757921
0.14243653 -0.21360484 -0.22054556 242300473899419
-0.2727519 0.45012763 -0.073250815 242300494040916
-0.4194301 1.0470829 0.12237558 242300514182518
0.039790653 0.28458127 0.49560982 242300534323652
0.54470694 -0.4472105 0.77285856 242300554465305
0.40061104 0.11156699 0.78862303 242300574606907
0.11848204 0.78034997 0.7003818 242300594748403
-0.094100505 1.2336657 0.6199369 242300614889901
-0.11837989 0.2180573 0.6929385 242300635033430
0.033032835 -0.7611073 0.843385 242300655174146
0.32439864 -0.5670834 0.7711172 242300675315279
0.2677775 0.13631818 0.3894509 242300695456828
0.42879978 0.8629181 0.18317786 242300715598743
0.5605267 0.7072024 0.108839676 242300735740083
0.0518798 0.05769878 0.24004911 242300755881164
-0.267811 -0.57762825 0.37604716 242300776022713
0.39248234 -0.37723938 0.33076805 242300796164523
0.8337162 0.394962 0.15525451 242300816306020
0.261273 0.6609827 0.24497761 242300836447623
-0.7019033 1.6065176 -0.06185621 242300856589172
-0.68054134 2.9567807 0.3436162 242300876730825
-0.20406002 -1.2579318 0.51519275 242300896872532
2.5125098 -3.265207 1.6771438 242300917014237
2.1790748 -1.6637719 1.5254499 242300937155735
-0.5596048 -0.24812683 1.127659 242300957297231
-1.8275988 1.2101761 0.9007195 242300977438886
-0.60379636 2.4132962 0.88879293 242300997580540
-0.16040026 0.8352606 0.855071 242301017721984
