0.34729025 1.4158641 1.1699021 242312619264611
0.3523386 1.0386748 1.1600711 242312639406057
0.3563782 0.73693454 1.1522194 242312659547606
0.35960677 0.49554312 1.1459267 242312679689416
0.36865214 0.3958868 1.1437027 242312699830861
0.15365611 0.3110275 1.139697 242312719972568
-0.64055765 -0.45617783 1.1104178 242312740114429
-1.1233305 -0.7226769 1.1037776 242312760255875
-0.81909275 -0.038108885 1.1166064 242312780397372
-0.15939066 0.556558 1.1086401 242312800539077
-0.13739547 0.43976498 1.1757313 242312820680680
-0.0056060553 0.02751417 1.1763872 242312840821551
0.13871185 -0.1374125 1.046103 242312860963154
0.36227927 -0.25815004 1.0558786 242312881104806
0.2903701 -0.6590057 1.0389211 242312901246461
-0.34558767 -0.5474357 1.0209199 242312921387907
-1.6517366 -0.018347532 0.80821514 242312941529767
-3.6709158 0.52263284 0.34651995 242312961671266
-3.6948166 0.32372767 -0.23917156 242312981812918
-1.979463 -0.4307186 -0.94821787 242313001954260
1.20112 -0.7952834 -1.4307891 242313022096018
2.988152 -0.26775497 -1.9859817 242313042237463
0.9428257 0.26506817 -1.7255008 242313062379220
-1.1932759 0.4790122 -1.4541302 242313082521031
-1.7011496 0.12169829 -1.4785933 242313102662320
-0.46247151 -0.15460134 -1.6378989 242313122804025
0.9261769 -0.54963154 -1.8765595 242313142945888
1.2598915 -0.43478563 -1.717361 242313163087281
0.74131155 -0.03930969 -1.4367172 242313183228883
0.15025115 -0.07002417 -1.2812946 242313203370328
-0.118589625 -0.31569 -1.1219506 242313223512034
0.080966786 -0.049728967 -0.87840265 242313243653532
0.60417813 0.16808066 -0.5202788 242313263795862
0.49073184 0.028719746 -0.09112453 242313283937255
0.011269301 -0.104680255 0.34811884 242313304078961
-0.27207392 -0.046969816 0.6626889 242313324220458
0.40053445 -0.27079916 0.37456876 242313344361538
2.7617898 -1.6845465 0.7303123 242313364503297
2.1989088 -0.011898279 0.61056817 242313384644897
-2.0421906 1.6501172 1.1939541 242313404786395
-3.6340902 0.76111305 1.56164 242313424927997
-1.7603142 -0.34598738 1.0109123 242313445069494
-0.48710254 0.6691693 0.69956195 242313465211149
1.0530674 -0.20695332 0.15968749 242313485352853
2.699469 -0.6819422 0.021541297 242313505494352
1.1938345 -0.62163293 0.28588712 242313525636369
