-0.700135 0.33866274 -2.0712423 242257209739318
-0.44712698 0.050877213 -1.1436417 242257229881126
-0.24473374 -0.1793386 -0.4015911 242257250022417
-0.08281845 -0.3635146 0.19203764 242257270164069
0.046723157 -0.5108453 0.66695076 242257290305776
0.3477008 -0.43795526 0.92575705 242257310447220
0.20531058 0.23288101 0.99024224 242257330588822
0.08165848 0.78455114 1.0384201 242257350730476
-0.010846674 0.9063418 1.0676478 242257370872182
-0.014161926 0.22479194 1.1068048 242257391013054
0.039010167 -0.5153092 1.1301258 242257411154655
0.58094996 -1.1165421 0.9433065 242257431296309
0.6701085 -0.66146374 0.60638 242257451437910
0.46100587 0.08325529 0.32460535 242257471579512
0.045535028 0.6404892 0.16008693 242257491721167
-0.03573832 0.597736 0.24900289 242257511862611
-0.01347515 0.35960016 0.2933865 242257532004266
0.26503667 -0.10226995 0.55560684 242257552145867
0.3639465 -0.44457367 0.78099966 242257572288042
0.26668957 -0.11338547 0.83869535 242257592429746
0.28404638 0.15749489 0.9699912 242257612571296
0.23776262 0.12036899 1.1463214 242257632713001
-0.14753899 0.034685805 1.1683273 242257652854551
-0.5897467 0.15452619 1.0876611 242257672995997
-0.14736281 0.3749535 0.9083847 242257693137755
0.4023049 -0.12379667 0.7253581 242257713279408
0.27786815 -1.6567444 0.5703752 242257733420957
-0.13822079 -2.0856142 0.016476631 242257753562404
-0.6454389 -1.5371066 -0.5024911 242257773704264
-1.0457122 -0.47026837 -0.9808024 242257793845658
-0.7692689 1.385757 -1.2133825 242257813987469
-0.9213606 2.069509 -1.3725905 242257834128809
-1.1719859 0.70829254 -1.118122 242257854270463
-0.3697403 -0.8227234 -0.7823921 242257874412168
0.20066126 -1.1697356 -0.8352606 242257894553250
6.573126E-4 -0.29466453 -1.247362 242257914694642
0.28201434 0.72958714 -1.4972488 242257934836453
0.32101768 1.3239417 -1.6077342 242257954977898
-0.8101201 2.5526907 -1.6242006 242257975119551
-1.2017951 2.936511 -1.356109 242257995261050
0.06283474 -1.080153 -1.3568281 242258015402703
2.2840753 -2.988754 -0.3673579 242258035544304
1.6699988 -2.5513895 -0.35381353 242258055685957
0.0326654 -1.0664978 -0.8011954 242258075827508
-0.08513963 2.5648994 -0.9412958 242258095969108
-0.13021779 4.549371 -0.6487649 242258116110866
-0.27655172 1.4762512 -0.16753593 242258136252261
