-1.7333826 0.6936759 1.0364927 242237088275902
-0.98250806 0.7512462 0.9460749 242237108417346
-0.38180855 0.79730254 0.8737407 242237128559000
0.098726235 0.83413213 0.8158661 242237148700706
0.48318756 0.86361337 0.76955855 242237168842255
-0.058970615 0.06024526 1.0154003 242237188983858
-0.16140118 0.11463137 1.0021987 242237209125303
-0.23782364 0.16929549 0.98827285 242237229267112
-0.8821834 -0.09962983 1.2564387 242237249408609
-0.9015101 -0.5298288 1.4205079 242237269552712
-0.5299923 -0.51738286 1.3597435 242237289691709
-0.95635295 -0.3717925 1.2125671 242237309833362
-1.5333598 -0.30703968 0.73350716 242237329974599
-2.170749 -0.004816711 0.15526557 242237350115993
-2.0092373 -0.14979497 -0.35573205 242237370257647
-0.22297329 -0.41021848 -0.79500955 242237390399820
1.1412791 0.063395455 -1.2101891 242237410541370
0.07227811 0.6783939 -1.2002999 242237430682971
-2.365366 0.44506934 -1.1906962 242237450824521
-1.0532689 0.2005641 -1.5667863 242237470965602
0.3417282 0.008793518 -1.890017 242237491107151
1.7542752 -0.14480531 -2.0741558 242237511248805
1.6242722 -0.28064117 -1.9305243 242237531390562
0.929016 -0.31627625 -1.7741258 242237551531957
0.6783968 -0.41661298 -1.5800815 242237571673870
0.5371814 -0.53722644 -1.4151298 242237591815264
-0.07990104 -0.32022735 -1.209209 242237611957124
0.1121643 0.4438998 -0.83634096 242237632098518
0.12213959 0.6946226 -0.5457579 242237652240067
0.49241284 -0.28655273 -0.31357962 242237672381514
0.28266412 -0.52967894 -0.050120026 242237692523897
-0.12802869 -0.15910178 0.18117689 242237712665341
0.23150793 -0.38756698 0.41472283 242237732806995
0.45284954 -0.77799296 0.68308437 242237752948649
0.4019497 -0.5899196 0.74073035 242237773090250
-0.27273953 0.21195403 1.2646674 242237793231279
-0.34749734 0.73471636 1.1949054 242237813815068
-0.09766692 0.3444875 1.0945776 242237833514535
0.109245166 -0.26023093 0.70427 242237853656135
0.035805613 -0.1586218 0.6156332 242237873797685
-0.56649935 0.20766717 0.69348526 242237893939286
-0.5542238 0.42051214 0.6138504 242237914081201
-0.019853547 0.13248165 0.0904593 242237934222490
-0.21660364 -3.2399144 0.34807324 242237954363987
0.79865295 0.7919335 -0.22135589 242237974506318
-0.5195659 1.8303647 0.87117225 242237994647711
-0.6692746 0.51683617 0.80491066 242238014789782
-0.19010721 0.26462954 0.8148861 242238034931018
-0.08105397 -1.710164 0.6533126 242238055072516
0.4089607 -2.6714618 1.0763603 242238075214221
1.3023499 -0.5237707 0.8458576 242238095355980
