0.05640757 0.33285403 7.3284698 242255477566053
0.038197517 -0.17034566 5.940867 242255497707603
0.13725775 -0.47474778 4.731084 242255517849360
0.11546525 -0.1535747 3.6632566 242255537990754
-0.012087002 0.32195705 2.812843 242255558132616
-0.16007657 0.4469013 2.278568 242255578274113
-0.12092492 0.1626787 1.940977 242255598415610
0.0042001307 -0.3195982 1.5810854 242255618557159
0.051838085 -0.15810698 1.1957252 242255638698918
-0.031077981 -0.13821672 1.003673 242255658840414
-0.013842389 -0.2173545 0.8969731 242255678981913
0.17441635 -0.1150613 0.7621082 242255699123877
0.19234909 -0.19621246 0.7080503 242255719264698
-0.06310651 -0.46117646 0.622525 242255739406248
0.064078525 -0.09463506 0.4942103 242255759547694
0.24503198 0.22810286 0.5240998 242255779689399
0.21359219 0.082494065 0.6778725 242255799830896
0.36630574 -0.43420178 0.643591 242255819972603
0.3021636 0.055964097 0.6077325 242255840115089
-0.34246302 0.5436878 0.60377514 242255860256431
-0.51725334 -0.021385893 0.76826733 242255880397876
-0.08934491 0.016243055 0.71992433 242255900539477
0.12338665 1.3860495 0.9110162 242255920680611
-0.72755265 1.1029042 0.92372704 242255940822264
-2.097663 -3.0240264 0.6389934 242255960963761
0.90770155 -2.681616 0.7767461 242255981105466
1.4116728 -2.287325 1.0450494 242256001246964
0.39541793 -2.6090968 0.5006564 242256021388669
-0.17683138 0.51002425 -0.34352502 242256041530219
