-0.9693562 0.2481637 -1.0909961 242256101955180
-0.7826227 0.36103368 -1.3380653 242256122096573
-0.6332413 0.45131922 -1.5356922 242256142238071
-0.51373637 0.5235478 -1.6937935 242256162379725
-0.41812682 0.58134097 -1.8203022 242256182521378
0.10417944 0.74178994 -1.8617144 242256202662980
0.5057277 0.89656246 -1.7924829 242256222804529
0.31308103 0.9199074 -1.699554 242256242946235
-0.25646383 0.7945727 -1.490454 242256263087680
-0.5534288 0.5851712 -1.0528337 242256283230168
0.12610309 0.08136231 -0.47916254 242256303371664
0.83988917 -0.4365085 0.020509005 242256323512693
0.5221641 -0.2965955 0.2926466 242256343654347
-0.5028893 0.34735632 0.4257359 242256363795845
-0.6482804 0.72580796 0.6794588 242256383937343
0.024450101 0.61564964 0.9715749 242256404079725
0.2916133 0.41676563 1.0209022 242256424220702
-0.053512406 0.18494329 0.99184805 242256444362303
-0.23437549 -0.30780762 0.889189 242256464503852
0.100251585 -0.30250564 0.72908723 242256484645610
0.415972 -0.019985676 0.5395407 242256504782742
0.2070413 0.35645515 0.25008276 242256524924344
-0.2086511 0.34538624 0.13550901 242256545065841
-0.31896845 0.050288998 0.0801193 242256565207390
-0.18218364 -0.007185731 -0.01366652 242256585349147
0.090694405 0.20391159 -0.0383446 242256605490697
0.30474433 0.14769687 0.0636267 242256625632247
0.17997137 0.018265143 0.23685472 242256645773900
0.17128745 -0.18119854 0.30012256 242256665915449
0.050909348 -0.15234673 0.39147696 242256686057000
0.106364354 -0.11700525 0.5203602 242256706198601
0.3924654 -0.36583573 0.62291306 242256726340306
0.50130016 -0.6099651 0.7257738 242256746482117
0.123217195 -0.46827033 0.83148426 242256766623458
-0.061182156 -0.3818429 0.93898576 242256786764955
0.21013702 -0.11807752 1.0115407 242256806906764
0.3243647 0.2328806 1.2141345 242256827142690
0.3013422 0.024141103 1.4053597 242256847189865
0.3093065 -0.43926534 1.3914503 242256867331621
-0.30201155 -1.1227306 1.0257864 242256887473067
-0.44099206 -2.3242834 0.5759012 242256907614773
0.6785658 -2.804964 0.1772823 242256927756219
1.3384926 -1.4574603 -0.10066694 242256947897976
0.4033413 1.3946142 -0.59965056 242256968039630
-1.0172194 2.54376 -0.86115235 242256988181126
-1.6573974 0.5467695 -1.2323911 242257008322780
-0.004595399 -2.5100665 -1.1139407 242257028464331
1.4825871 -2.9406662 -1.165806 242257048605827
0.71327245 -1.2632575 -1.7058527 242257068747638
-0.39177138 0.7694807 -2.2057264 242257088889030
-0.5391505 2.5879123 -2.8859909 242257109030632
-0.34435272 3.084074 -2.6453984 242257129172233
-0.45637834 0.6256252 -2.3418725 242257149313887
