-0.5617076 0.7729814 0.4578128 242279687755465
-0.36875868 0.8365146 0.07691318 242279707896911
-0.21439002 0.8873529 -0.22782047 242279728038617
-0.09090954 0.92801464 -0.47160447 242279748180166
0.007887982 0.9605673 -0.66664445 242279768321820
0.17980926 0.7875401 -0.87339747 242279788463422
0.5588703 0.12299663 -1.1452758 242279808605023
0.56457007 0.2010893 -1.1176276 242279828746572
0.5609312 0.15167332 -1.1693974 242279848888226
0.38655627 -0.22948809 -1.3575364 242279869029932
-0.00942868 -0.58617413 -1.3424032 242279889171742
0.07661146 -0.5856777 -1.3027542 242279909313084
0.24190563 -0.20775793 -1.2813789 242279929454112
-0.078483045 -0.028854094 -1.0750871 242279949596442
-0.4790366 -0.08475458 -0.8248814 242279969737835
-0.8544444 -0.03153631 -0.55316246 242279989879333
-0.7535392 0.20608215 -0.558833 242280010021143
-0.14292188 0.15096322 -0.75355035 242280030162692
0.31643227 -0.3496431 -0.8625479 242280050304295
0.36663833 -0.8042658 -0.72670525 242280070445739
0.18149689 -1.0199132 -0.37139165 242280090587393
0.1648778 -1.1202471 -0.035569713 242280110729098
0.4334814 -1.0919486 0.20757586 242280130870596
0.11762331 -0.41294178 0.6919142 242280151011781
-0.4017403 0.1553573 1.1154099 242280171153330
-0.9462584 0.030184537 1.2470134 242280191294879
-0.39452124 -0.9156749 0.8044933 242280211436585
0.2587991 -0.041489065 0.4699296 242280231578240
0.46138495 0.2849596 0.26572102 242280251719633
0.2871869 -0.2073143 0.24751608 242280271861859
0.14196129 -0.38367113 0.3032587 242280292003408
0.1040642 -0.18727298 0.43189707 242280312145010
-0.10802561 0.3395695 0.65389353 242280332286768
-0.10835861 0.70220613 0.8776192 242280352428317
-0.031641476 0.701279 0.9699693 242280372569868
0.064661115 0.12973079 0.9437946 242280392711364
-0.2879541 -0.0065912306 0.98417187 242280412852601
0.7958826 -0.71805316 1.0166855 242280432994307
0.80269086 0.17539392 0.9325001 242280453135804
-0.5749626 1.2505046 1.194657 242280473277302
-1.0179522 -0.2633638 1.3972882 242280493418955
-2.8005834 -1.4092644 1.5208311 242280513560452
-2.4165974 -2.5879087 0.84709805 242280533702054
-0.7526654 -1.3626354 0.04729852 242280553843761
-0.4321332 0.20379117 -0.3815699 242280573985362
