-0.25806904 -1.1094267 6.99148 242220310317997
-0.28989828 -0.7813457 5.3836813 242220330459651
-0.037218094 0.27233708 4.081358 242220350601252
0.04300119 0.74455637 3.015577 242220370742698
-0.13146693 0.4536065 2.407856 242220390884403
-0.10178733 -0.29317877 2.008024 242220411026161
0.034683377 -0.27925372 1.6206527 242220431167659
0.50395817 -0.17987919 1.4205786 242220451309365
0.7307348 0.2949281 1.2119533 242220471450758
0.2652788 0.6822625 1.2670484 242220491591891
-0.13603447 0.40572545 1.3951955 242220511733389
0.12500185 -0.6259586 1.6546671 242220531875615
0.769292 -1.1428659 1.8410106 242220552016591
1.0132749 -0.72956467 1.9397627 242220572158818
0.13881427 0.62984467 1.5738494 242220592300523
-1.1749126 1.2052124 1.506879 242220612441396
-1.0612864 -0.19204381 1.6528683 242220632583571
-0.47398615 -1.7422721 1.9474919 242220652725329
0.34495056 -2.785978 1.7928498 242220672866825
0.53448355 -1.4092003 1.1838088 242220693007802
-0.36679018 1.3792598 0.33538166 242220713150133
-0.74399173 3.3577445 -0.36079675 242220733291110
-1.2290268 1.2496185 -0.9891086 242220753432660
-0.31242353 -2.845473 -0.5826107 242220773574677
0.9133868 -2.7236567 -0.40920442 242220793716592
0.2938413 -0.010064945 -1.0826677 242220813858141
-1.0794295 0.95059025 -1.4098346 242220833999587
-1.0658393 0.25596172 -1.1014104 242220854140770
-0.1004 -1.4032183 -0.43338373 242220874282217
0.4483843 -2.0496492 0.013015568 242220894423870
1.084128 0.44766378 -0.72886425 242220914565368
0.3323536 3.656876 -1.4488409 242220934707073
-1.000829 2.4536672 -1.198871 242220954848726
