-3.3851063 -2.0711393 1.4642669 242314492433401
-1.6556859 -1.8651104 0.8158301 242314512575054
-1.353181 -1.1366724 0.29829055 242314532716292
-1.1111705 -0.5539322 -0.11574164 242314552857788
-0.9175652 -0.0877291 -0.44695464 242314572999286
-0.9733697 0.062030017 -0.65779805 242314593140835
-0.38084552 0.20288408 -0.93359673 242314613282385
0.40425172 0.37088153 -1.2104425 242314633423986
0.47455588 0.46208543 -1.3483541 242314653565588
-0.018610656 0.36145395 -1.349834 242314673707398
-0.39202097 0.1569785 -1.3287361 242314693848895
-0.5850038 0.09285918 -1.3536401 242314713991174
-0.032370985 0.24910566 -1.5345178 242314734132671
0.5909428 0.3247781 -1.8302037 242314754274637
0.85639685 0.087521315 -1.9601822 242314774415926
0.59569126 -0.04761523 -1.8187605 242314794557633
0.535076 0.3753779 -1.7313435 242314814699233
1.0346082 0.44602692 -1.5290478 242314834840627
1.2644502 0.17252427 -1.0963883 242314854982282
0.25052726 -0.19182533 -0.23077495 242314875124091
-0.57152915 -0.41578427 0.5149629 242314895265067
-0.8035105 -0.22462153 1.1269892 242314915406721
-0.2924766 0.13720429 1.3698212 242314935548219
0.5539148 0.12052515 1.3466127 242314955689715
0.3581987 0.25859588 1.4634626 242314975831473
-0.70743394 -0.09615058 1.4007725 242314995973022
-0.91300905 0.27209973 1.4208176 242315016114676
-0.6097727 -0.017531276 0.9638238 242315036256122
0.31234506 -0.14021747 0.47655508 242315056397880
0.85504043 -0.68294275 -0.07759619 242315076539377
0.41991168 -0.6443416 -0.14762786 242315096680978
-0.55466235 -0.47751248 -0.09597558 242315116822893
-0.7917533 -0.3912036 -0.011925101 242315136964390
-0.10918358 -0.69421583 -0.29569796 242315157105992
0.7689785 -1.726218 -0.36743742 242315177247386
1.0053685 -1.7972945 0.16374534 242315197389038
0.69147366 2.6986568 0.64765394 242315217530588
-2.0291102 2.9945521 2.143084 242315237672137
-1.8850911 0.1923871 1.6861628 242315257814312
0.90450066 0.006950997 1.2179395 242315277955653
1.3763463 1.0041718 1.6426501 242315298097046
1.0217507 0.095147714 1.6202391 242315318238647
1.6362414 -2.514157 1.1587496 242315338380197
