0.36581078 0.30943516 0.65472406 242471939365362
0.312366 0.009207875 0.5298989 242471959506861
0.09254676 -0.20443857 0.43776447 242471979648358
0.18204704 -0.27837718 0.32969868 242471999789959
0.13814631 0.046971105 0.25917584 242472019931561
0.079226226 0.1102632 0.18879007 242472040073162
-0.07377963 -0.11863534 0.19472308 242472060214765
-0.17121546 -0.6033218 0.22832206 242472080356365
-0.1647609 -0.46247098 0.1853114 242472100497967
-0.13347158 -0.13543968 0.1204607 242472120639569
-0.010799851 0.27343935 0.024934113 242472140781222
0.19064662 0.36932346 -0.0017995089 242472160922772
0.15498492 0.088406496 -0.009467298 242472181064582
0.094356686 -0.074119866 0.019125251 242472201206027
0.028390752 -0.06150283 0.045946978 242472221347629
0.08188431 -0.04642047 0.05637709 242472241489334
0.09916957 -0.031733803 -0.008763032 242472261630780
0.15058097 -0.0636784 0.028540246 242472281772433
0.10656896 -0.2158239 0.033987902 242472301914088
-0.04923062 0.05753163 0.0086379945 242472322055845
0.044304766 0.20903614 0.0035650805 242472342197238
-0.11209513 0.21454418 -0.008340284 242472362338788
-0.03866975 -0.11712271 0.06146953 242472382480389
-0.037778284 -0.20440802 0.09713413 242472402621990
-0.1001883 -0.15554419 0.0924916 242472422763592
0.056898806 -0.12343678 -0.009423394 242472442905298
0.020317744 0.17193504 -0.061651126 242472463046795
-0.13623992 0.22166215 -0.111059174 242472483188397
-0.08646043 0.10263597 -0.062139615 242472503329998
-6.302819E-5 -0.05467037 0.05893525 242472523471652
0.38749772 0.99594307 -0.25057986 242472543613201
0.9950628 2.5367296 -0.3726085 242472563754803
-0.21206497 1.5190208 -0.53742427 242472583896508
-1.080951 -1.8585786 -0.27519935 242472604038110
-0.014793158 -4.429628 0.983079 242472624179661
-0.104353726 -3.691076 0.8981949 242472644321365
0.49275464 -1.0931706 -0.14803156 242472664462915
1.519614 2.5159538 -0.47005355 242472684604516
0.9891041 3.2619505 -0.15080535 242472704746222
-0.4934679 1.9005198 -0.33744437 242472724887668
-1.253298 0.24400854 -0.19440177 242472745029790
-0.9270326 -1.1078556 0.16217443 242472765170924
-0.30840802 -0.8399548 0.2047662 242472785312525
0.06887041 0.032740474 0.105812155 242472805454127
0.17582384 0.64482236 -0.0114287585 242472825595779
-0.116634905 0.5762574 -0.0460151 242472845737329
-0.015718281 -0.21447857 0.20334056 242472865878982
0.1996371 -0.7146886 0.2293697 242472886020584
0.11789763 -1.0202383 0.25991735 242472906161873
-0.062018156 -0.5049584 0.05652474 242472926303162
0.06571281 0.27429232 -0.02922177 242472946444712
0.35491773 0.5264133 -0.12471469 242472966586418
0.04233724 0.30839878 -0.125777 242472986727968
-0.3341442 -0.101336464 -0.078705624 242473006869464
-0.32088706 -0.37492347 -0.0320658 242473027011379
0.019938176 -0.21785092 -0.06328671 242473047152772
0.33065066 0.061781373 -0.07043127 242473067294269
0.48611116 0.11887551 -0.084175915 242473087435819
0.24489678 0.20545141 -0.12626429 242473107577681
-0.041205678 -0.07247482 -0.010776378 242473127719751
-0.09013646 -0.37547013 0.06472421 242473147860936
0.29123646 -0.4704092 0.027541265 242473168002277
0.37189925 -0.19458076 -0.060327664 242473188143930
-0.10145274 0.16113505 -0.10497117 242473208285584
-0.19968411 0.16452315 -0.016436473 242473228427134
0.10906977 0.018947503 0.1395519 242473248568683
0.012675121 -0.09376194 0.20788084 242473268710441
-0.3127301 -0.43008554 0.2695973 242473288851991
-0.30786398 -0.73778254 0.3475467 242473308993488
-0.10462893 -0.602682 0.28708154 242473329135194
0.03312114 -0.25209302 0.15440577 242473349276743
-0.018927444 0.03311361 0.05683911 242473369418448
0.06657904 0.033028707 -0.016611345 242473389559894
0.23889193 -0.101606645 -0.049501766 242473409701497
0.1647523 -0.071528815 -0.10456377 242473429843254
-0.013685036 0.216622 -0.25359398 242473449984699
-0.027422547 0.37480274 -0.3736725 242473470126717
0.07255033 0.2306935 -0.39855298 242473490267954
0.24864915 -0.08712275 -0.33854702 242473510409452
0.16547912 -0.27969798 -0.35256475 242473530551261
-0.1505818 -0.07436964 -0.4189539 242473550692914
-0.08057557 0.19272855 -0.4316141 242473570834934
0.17810567 0.16098991 -0.43313223 242473590976796
0.08356222 -0.04998937 -0.5003542 242473611118084
-0.12408996 -0.48126513 -0.6681186 242473631259738
-0.19430926 -0.82842886 -0.71121657 242473651401444
-0.13431054 -0.6168803 -0.88477296 242473671542420
-0.1242342 0.17532307 -1.0060105 242473691684281
-0.07118611 0.85977316 -1.2417814 242473711825779
0.25095272 1.1698371 -1.0583816 242473731967329
0.3938992 1.2840682 -0.8550226 242473752109139
0.40588576 1.2463727 -0.4271977 242473772250637
0.054989904 1.4351082 -0.18941672 242473792392394
-0.24428767 0.710282 0.26971212 242473812533892
-0.40246567 -0.21789092 0.4264803 242473832675649
-0.35574403 -1.2968493 0.6204721 242473852817094
0.32411218 -1.9951559 0.93703806 242473872959217
0.5686134 -1.7386788 2.0695884 242473893100714
0.39463067 0.582968 2.545463 242473913242681
-0.022481143 2.8852432 2.3997655 242473933384439
-0.30256078 1.5704969 3.0142982 242473953525884
0.2652086 -1.2405226 2.5439265 242473973667225
1.2001317 -2.0196018 2.4428496 242473993808827
0.58264756 0.17254841 1.0011129 242474013950427
-0.18089607 0.07735692 1.2447221 242474034091874
-0.22644871 -1.2260209 1.4479735 242474054233475
0.04462878 0.23513532 0.75894433 242474074374452
0.09242928 6.6013517 -0.28453457 242474094516053
-1.8151517 1.9363335 -1.6279309 242474114657655
-3.1126719 -7.7285137 -0.82952356 242474134799308
-0.061743498 -7.223686 -0.2071563 242474154940858
1.1209923 -3.0008116 -0.6651078 242474175082408
0.41926283 0.47372437 -1.6268845 242474195224061
0.21713054 3.7830048 -2.2967787 242474215365819
-0.20543861 3.969899 -1.8793547 242474235507212
