0.76097924 0.007386923 -1.9804928 242540662483848
0.32179576 0.26960564 -1.761522 242540682625604
-0.02956301 0.4793734 -1.5863564 242540702767050
-0.3106349 0.6471799 -1.446221 242540722912193
-0.42000332 0.7017698 -1.3142674 242540743050253
0.23160318 0.22313091 -1.0754062 242540763191855
0.14528115 0.18249269 -0.9501146 242540783333404
0.04198774 0.070981264 -0.8341082 242540803475058
-0.24490248 -0.3851772 -0.67030084 242540823616972
-0.54890776 -0.6065885 -0.57614625 242540843758469
-0.35315216 -0.15856418 -0.6008265 242540863900071
-0.1542773 0.60149616 -0.6241329 242540884041517
-0.18619294 0.7566268 -0.5528132 242540904183221
0.054923803 0.46302253 -0.42059594 242540924324615
0.19886091 0.46013498 -0.18845052 242540944466218
0.20664974 0.5997703 -0.05536081 242540964607714
0.34353107 0.44540638 0.12900017 242540984749159
0.17835991 -0.011886448 0.5338271 242541004890917
0.02008599 -0.49024147 1.1999614 242541025032467
0.03980604 -0.8074025 1.8897059 242541045174068
0.25819576 0.24257177 2.3370829 242541065315618
0.44455695 1.3094736 2.5586824 242541085457324
0.5791236 0.3072815 2.3968291 242541105599185
0.65159166 -1.2336934 2.220615 242541125740788
0.48132363 -2.1300623 2.356739 242541145881972
0.028869182 -0.6621916 1.9961991 242541166023730
-0.89667535 1.817343 0.31644237 242541186165122
-1.0675508 1.8487049 -0.010920346 242541206306829
-0.04650107 -0.1210296 0.18409963 242541226448326
0.23455411 -0.7202166 0.08479011 242541246590449
-0.5427396 -0.35079193 -0.43564743 242541266731946
-1.4013474 -0.31596494 -0.7949871 242541286873235
-1.8595301 -1.0802872 -0.98808926 242541307014785
-0.71270025 0.087228775 -1.1828669 242541327156386
-0.0035657883 1.4843864 -1.4129629 242541347298300
-1.6820953 -1.2930189 -1.3058126 242541367439588
-0.66250503 -3.3472953 -0.38446516 242541387581191
0.7429437 -2.5747044 -0.45038283 242541407722793
0.21767382 -0.70907384 -0.849292 242541427864394
0.1113947 1.4008114 -1.7662277 242541448006152
1.0424268 3.1915038 -1.9562669 242541468147649
0.95214534 2.538128 -1.1505235 242541488289199
0.30806306 0.247783 -0.4259842 242541508430851
-0.065154344 -0.84852284 0.015588641 242541528572714
