-0.13478991 -0.17019105 -0.4466626 242526704349510
-0.32717064 -0.09409323 -0.2547397 242526724491164
-0.481101 -0.03321363 -0.101192296 242526744632766
-0.60422397 0.015488669 0.021624982 242526764774263
-0.70271796 0.054450467 0.11989018 242526784915969
-0.37131098 -0.05283905 0.0014646649 242526805057570
0.069756515 -0.08899841 -0.14726222 242526825199067
0.40692604 -0.061368957 -0.24436581 242526845340722
0.47217423 -0.040352374 -0.2802735 242526865482271
0.1415169 0.20205064 -0.259718 242526885623664
-0.14733863 0.3887664 -0.29992875 242526905765162
-0.033778578 0.19564016 -0.44102338 242526925906711
0.16133903 0.03815522 -0.5959485 242526946048625
0.13143823 -0.08739919 -0.70898634 242526966190226
0.23779798 -0.01538229 -0.7388259 242526986331932
0.5134412 0.14819032 -0.73287004 242527006473534
0.71980727 0.082889706 -0.6732845 242527026614875
0.53404945 -0.07006757 -0.55503476 242527046756476
-0.13973792 -0.18996572 -0.25644696 242527066897922
-0.27577466 -0.28543258 -0.04851459 242527087039628
-0.09737212 -0.36286348 0.053622816 242527107181125
0.63996524 -0.10818179 0.05882378 242527127322882
0.12609771 0.1286659 0.6361022 242527147464380
0.16377446 -0.14218621 1.2395248 242527167606294
0.613486 -0.392542 1.7445629 242527187747739
1.3812695 -0.1510994 2.0457087 242527207889185
0.8018167 0.70495796 2.2681077 242527228030943
-1.0009358 0.57513756 2.1560383 242527248172440
-1.9856024 -0.8403238 2.7792563 242527268314094
0.025804996 -1.0797242 1.9965293 242527288455695
2.3799791 -0.004230231 0.64713734 242527308597453
-0.6486012 0.9609052 0.6911982 242527328738794
-4.0634494 0.18853444 1.0567079 242527348880292
-2.085982 -0.6365586 0.43668887 242527369021892
1.8937744 -0.14874405 -0.7674255 242527389163651
2.877225 0.6871767 -1.4118803 242527409305305
0.9812591 1.2451692 -1.4002479 242527429447010
-0.49328166 1.1781405 -1.1008501 242527449588456
0.3446586 0.52554995 -1.6819986 242527469730265
1.7743944 -0.58034253 -1.3506515 242527489871554
0.2699468 1.7432276 -1.2331072 242527510013155
-2.4192948 2.0471034 -0.47883308 242527530155018
-2.2575123 -0.47906908 -0.5519589 242527550296308
-0.077437684 -1.7584801 -1.0779127 242527570438274
3.9317086 -2.8488026 -1.2566313 242527590579719
3.963748 -0.7657402 -1.334625 242527610721320
0.50411457 0.80188435 -0.64895684 242527630862922
