0.30032766 -1.5226039 3.2891593 242459532111719
-0.82578105 -1.9935797 2.3728526 242459552253321
-1.7265941 -2.3702931 1.6398103 242459572394714
-2.4473293 -2.6717257 1.053374 242459592536315
-3.0238326 -2.91281 0.5842273 242459612677968
-1.9396644 -1.485661 -0.118247986 242459632819674
-0.6197704 0.9932153 -1.1080229 242459652961120
0.01450336 3.0987062 -2.0277848 242459673102722
0.406968 3.403229 -2.3950408 242459693244322
0.42245114 1.7310071 -2.0289817 242459713386758
0.2603128 0.69068694 -1.6028928 242459733528256
0.35859796 0.775238 -1.5082747 242459753669857
1.073489 1.2715201 -1.4597111 242459773810937
1.5649316 1.1304562 -1.1168942 242459793952486
1.3610871 0.5712721 -0.81169224 242459814094140
0.8092482 -0.06271255 -0.46093082 242459834235689
0.42844838 -0.4953004 -0.09612703 242459854377344
0.10148093 -0.49384776 0.11360188 242459874518894
-0.1510627 -0.2647883 0.23345897 242459894660703
-0.028698593 -0.044746898 0.19453017 242459914802149
0.14398226 0.11208019 0.14442302 242459934944530
0.37164453 0.09734897 0.13845213 242459955085872
0.45989102 0.16974202 0.047078393 242459975227734
0.15353478 0.30520177 -2.829954E-4 242459995368971
-0.26422548 0.33947164 -0.0040394478 242460015510572
-0.68189335 0.088248745 0.020275872 242460035652435
-0.43518722 -0.18700603 -0.024635084 242460055793933
0.18586865 -0.60387266 -0.35333282 242460075935481
0.44040483 -0.21082157 -0.47982275 242460096077291
0.307044 0.35546735 -0.47290438 242460116218788
-0.14792237 0.5377666 -0.34905767 242460136360391
-0.458767 0.032941133 -0.28712976 242460156502043
-0.13070253 -0.41623074 -0.40743262 242460176643541
0.2729897 -0.041492566 -0.4888681 242460196785247
0.61496013 0.57225055 -0.4944334 242460216926797
0.7218372 0.7197419 -0.39968437 242460237068242
0.57426935 0.38353738 -0.22231075 242460257209843
0.40442544 -0.037417278 -0.08260338 242460277351810
0.24397537 -0.23015957 -0.003918702 242460297493150
0.25671396 -0.07787013 0.22439818 242460317634128
0.8803277 0.27040997 -0.017322034 242460337775728
2.1840358 0.34480393 0.7767023 242460357917382
0.22626644 0.63153064 0.6232611 242460378058880
-1.687356 -1.2588544 1.4450245 242460398201106
-1.0958451 -1.6677828 2.2993753 242460418342656
-0.7168937 -0.40215963 2.0142648 242460438483789
-1.0808809 0.06523001 1.0943663 242460458625287
-3.0409868 -1.6385031 1.5613594 242460478767513
-4.3184414 -2.3377159 1.452363 242460498909115
-2.6295652 -1.8428383 1.1379726 242460519050143
0.64832306 -0.6835831 0.03337687 242460539191745
