-1.368857 -1.8055688 -1.2171092 242454778722136
-0.23063906 -0.89008176 -1.4740196 242454798863737
0.098419994 -0.4214947 -1.4406425 242454819005286
0.3616565 -0.046637237 -1.4139466 242454839146940
0.5035345 0.16428208 -1.3523902 242454859288542
-0.72955406 -1.414083 -0.50502825 242454879430039
-0.73836696 -1.4910803 -0.1859175 242454899571849
0.1735203 -0.42134792 -0.31305075 242454919713294
0.7063465 1.0552872 -0.40646344 242454939854844
0.4005065 0.6122664 -0.107318595 242454959996653
0.03971265 0.055482052 0.14698218 242454980138255
-0.41054052 -0.16852619 0.1917967 242455000279752
-0.92815405 -0.33543104 0.37356532 242455020421458
-0.67702544 0.08085069 0.14277597 242455040562904
0.056197837 0.53599036 -0.21365815 242455060704609
0.6889186 0.48430306 -0.35714126 242455080846420
0.62177825 0.13491014 -0.24235216 242455100987813
0.018477209 -0.08878735 -0.043179087 242455121128841
-0.33936918 -0.002910249 -0.10146622 242455141270391
-0.23415476 0.20726609 -0.39758354 242455161411888
0.036965817 0.1531982 -0.5339344 242455181553437
0.30831936 -0.13969585 -0.5423936 242455201695091
0.35347784 -0.1339576 -0.60625374 242455221837735
0.31616813 0.058359265 -0.7048211 242455241979128
0.047697634 0.42527264 -0.9223126 242455262120157
-0.017763704 0.21312004 -0.7177199 242455282261549
0.45807105 0.1313794 -0.6140107 242455302403099
1.0467457 0.14463821 -0.5719915 242455322545378
1.3807843 0.8101617 -0.7164115 242455342686875
0.8374916 0.34594297 -0.36451167 242455362828113
-0.6765629 0.20251803 0.08105369 242455382969557
-1.4352734 -0.16547745 0.456234 242455403111160
-1.0123552 -0.3108648 0.36979735 242455423253438
-0.11044315 0.15983835 0.24518754 242455443395352
0.70691556 0.3638274 0.4387376 242455463536588
1.3602351 0.7813623 0.6024102 242455483677669
1.7971048 0.11415774 1.2754858 242455503819167
3.3209236 0.1652472 1.4602084 242455523960716
1.541109 0.8372152 2.7263806 242455544102318
-5.3038206 0.54163194 2.4267945 242455564243971
-4.9300923 -3.407728 4.74545 242455584385573
-0.35197484 -2.4193635 3.0338984 242455604527070
1.1956289 0.43862745 1.6524229 242455624668881
1.1911373 0.7761637 1.3260015 242455644810429
0.8272211 -0.22169232 1.8736714 242455664951979
