-2.3432143 2.233337 0.83030105 242425855365786
-1.1539681 1.4952343 0.22166497 242425875507284
-0.20255512 0.904747 -0.2652485 242425895648938
0.5585034 0.43237126 -0.6547489 242425915790487
1.1674061 0.054461658 -0.9663754 242425935932036
1.8308374 0.8470647 -1.1914032 242425956073585
0.29031122 0.24825299 -1.0515344 242425976215239
-1.1867563 -0.3921409 -0.9026897 242425996356892
-1.6980157 -1.0607344 -0.9756905 242426016498546
-1.1574475 -0.92109686 -0.9946185 242426036640357
-0.45430738 -0.49677685 -0.95663327 242426056781646
-0.45545784 0.48864537 -0.6875027 242426076923351
-0.1610499 0.74445003 -0.6800923 242426097065056
0.35924196 0.044333532 -0.62113535 242426117206555
-0.11173636 -0.72356313 -0.18506663 242426137347635
-0.769662 -0.51571363 0.09621241 242426157489080
-1.1404434 -0.29326108 0.39278746 242426177630733
-0.57469726 0.19157761 0.3174162 242426197772336
0.4528708 0.725793 0.059688494 242426217913885
0.20570551 0.23442787 -0.026568923 242426238055434
0.029828265 -0.22612928 -0.1248521 242426258197141
0.15390575 -0.3276362 -0.2977884 242426278338741
0.33522144 -0.5946898 -0.6037879 242426298480865
0.7810501 -0.67894006 -0.7874168 242426318622569
0.42009503 -0.5455493 -0.71759224 242426338764067
-0.28488958 -0.09769384 -0.51729864 242426358905305
-0.6287186 0.40748137 -0.48763794 242426379046802
-0.30197847 0.44206065 -0.6351529 242426399188351
-0.1890836 0.41104504 -0.7612797 242426419330005
0.3651721 -0.008151084 -0.8502318 242426439471554
0.6490964 -0.069097 -0.9752956 242426459613208
0.50105447 -0.37848246 -0.8470418 242426479755434
0.6254045 -0.74784315 -0.69826895 242426499896983
0.95484054 -0.79042584 -0.54004 242426520020542
0.6638442 -0.117502615 -0.22502056 242426540162353
-0.09575356 0.3173138 0.092685014 242426560303850
-0.7240483 0.44183946 0.47093773 242426580444879
-1.1247768 -0.10829012 0.6849763 242426600586479
2.9598224 -2.3836718 0.41716868 242426620728029
0.49043146 -0.27289483 0.9360629 242426640869735
-4.164996 2.648289 3.1387215 242426661011440
-2.9421875 1.1319973 2.9572127 242426681153043
0.64148724 -0.26409027 2.6286037 242426701294487
2.1677468 -1.0321568 2.3085792 242426721436194
2.6724324 -2.2092745 3.7705078 242426741577846
3.0095677 -0.8403946 1.786762 242426761719292
