2.9079494 2.9080937 -0.02981615 242537701668521
2.6331706 2.479235 -0.17399609 242537721810071
2.3486896 2.3319132 -0.30540037 242537741951620
1.7598445 1.8172426 -0.14284003 242537762093170
1.172816 1.2609787 0.028922975 242537782234772
0.74751824 0.90123534 0.17835802 242537802376426
0.51316124 0.72110534 0.13064826 242537822518079
0.736359 0.74447393 -0.051971734 242537842659628
0.881729 0.61927086 -0.15927032 242537862801230
0.6036327 0.36855176 -0.0396927 242537882942832
0.16877276 0.23723954 0.106825806 242537903084485
0.2206059 0.39126825 -0.006235495 242537923226086
0.32083344 0.22399765 -0.06779796 242537943367584
0.15781116 -0.05290554 0.04379005 242537963509237
0.12010864 -0.010336278 0.045029007 242537983650787
-0.17163002 -0.12105081 0.16701162 242538003792389
-0.056938868 0.0010105073 0.041002817 242538023933991
0.42630443 0.2764017 -0.22176917 242538044075800
0.5783818 0.2342155 -0.26395702 242538064217246
0.25058168 0.14355174 -0.109486766 242538084358848
0.048954174 -0.07474014 0.020884972 242538104500396
-0.079139285 -0.12064376 0.13256198 242538124641998
0.02526662 0.10972221 0.0031583793 242538144783651
0.20105913 0.18528847 -0.087141804 242538164925253
-0.13340086 -0.01653684 0.097058654 242538185066646
-0.45775324 -0.31795552 0.24290441 242538205208195
-0.28261572 -0.28041333 0.14324303 242538225349694
0.07819 0.04150153 -0.15075174 242538245491295
0.15818867 0.44309285 -0.3015908 242538265632897
-0.061156407 0.29973546 -0.16546413 242538285774497
0.11247027 0.04846416 -0.11674571 242538305916099
0.19054519 0.009716608 -0.10149671 242538326057648
-0.19188385 -0.07978843 0.10849108 242538346199354
0.27742913 0.16372257 -0.635618 242538366340904
1.6545593 -0.906221 0.04879883 242538386482505
-1.2533842 0.8488422 0.14918351 242538406624108
-0.9669949 -0.5948621 0.5767124 242538426765656
0.06926963 -0.58252907 0.23873441 242538446907311
-0.0017894302 0.0077693705 -0.027461607 242538467048911
1.1991259 0.29715794 -0.44625494 242538487190462
0.78847075 0.9338559 -0.535704 242538507332116
-0.83459604 0.07226038 0.41404763 242538527473769
-1.4585605 -0.57952905 0.80441463 242538547615215
-0.8321346 -0.7042022 0.52101636 242538567756816
-0.17536595 -0.37008944 0.16262916 242538587898469
0.15478227 0.0067086816 -0.06044212 242538608040227
0.30540392 0.20030212 -0.1747056 242538628181881
-0.26378304 -0.27583823 0.11358581 242538648323325
-0.40027028 -0.24430202 0.11615464 242538668465031
-0.0067025796 0.14069395 -0.1229776 242538688606634
0.3256191 0.38348782 -0.4488944 242538708748131
0.43525392 0.37040094 -0.44451112 242538728890149
0.2894724 -0.16689819 -0.25694537 242538749031647
0.13096765 -0.41650137 0.0058842003 242538769173092
-0.18434492 -0.075677216 0.114123225 242538789314693
-0.29894876 0.01165396 0.2002497 242538809456191
-0.22798897 -0.18541038 0.30706722 242538829597845
-0.1473518 -0.31923744 0.26120263 242538849739758
-0.25657564 -0.21768562 0.3233456 242538869881412
-0.2137112 -0.21934412 0.298033 242538890022962
0.07660292 -0.08765136 0.09418962 242538910164407
0.18676944 0.14271113 0.007931188 242538930305956
0.016922943 -0.09087673 0.17609745 242538950447766
-0.092069775 -0.2607368 0.19033593 242538970589419
-0.16460401 -0.09498568 0.123984635 242538990730865
-0.29407892 0.22442666 -0.14236513 242539010872467
-0.270702 0.19873627 -0.26300758 242539031014277
0.056225576 0.041394863 -0.38051206 242539051155462
0.37533924 -0.059513688 -0.37974083 242539071297010
0.12395039 -0.034772504 -0.51102924 242539091438873
-0.08194506 -0.11994338 -0.5394831 242539111580370
-0.32021317 0.31603894 -0.73251355 242539131721711
-0.00656797 0.2926054 -0.76056 242539151863470
0.2970425 0.16450165 -0.7982273 242539172004914
-0.008984588 -0.3183577 -0.8034301 242539192146621
-0.28155217 -0.6234664 -0.873278 242539212288117
-0.29353702 -0.40549096 -0.89344823 242539232429772
-0.004559815 0.1939711 -0.8220757 242539252571425
0.32120985 0.6047882 -0.6801822 242539272713235
0.08719936 0.81729615 -0.4832259 242539292854732
-0.41406387 0.8148139 -0.1617561 242539312996750
-0.4836909 0.44551685 0.107828945 242539333137935
-0.04955019 -0.3768785 0.38984007 242539353279537
-0.037937254 -0.6747948 0.531445 242539373420983
0.09720074 -0.3328849 0.8384001 242539393562688
0.5273162 0.75358224 1.3450254 242539413704446
0.70282304 1.5182096 2.0402014 242539433845838
0.17617218 0.98828506 2.816995 242539453987493
-0.59681296 -0.6195716 3.1369493 242539474128990
-0.8502907 -1.6943527 2.4694097 242539494270957
-0.1105324 -1.9102799 1.7789207 242539514412193
1.0606563 -1.1486745 1.9491564 242539534554159
1.3832878 0.99828064 1.6394401 242539554695553
0.0077816844 2.020495 0.7887819 242539574837258
-1.3262026 0.41668442 0.33729857 242539594978964
-1.0652978 -0.9190624 -0.5473435 242539615120253
0.59425473 0.2844435 -0.57162493 242539635261959
-0.8495227 -0.8399042 -0.89098966 242539655403873
-2.026147 -2.615963 -1.4124699 242539675545474
-0.68465364 -1.8225513 -1.4886379 242539695687076
0.33337474 -0.71584964 -1.6881849 242539715828521
0.9167696 1.6688237 -2.184669 242539735969863
-0.2683909 3.9947343 -2.1461182 242539756111411
-0.611858 2.2855709 -1.3977394 242539776253274
0.084781066 -0.67087364 -0.86952865 242539796394615
