1.4366183 -0.94674003 -0.38637224 242539836678131
1.0901921 0.2069011 -0.3279649 242539856819836
0.7717693 -0.06505221 -0.12572742 242539876961282
0.50316286 -0.6841604 0.08831376 242539897102987
0.2882644 -1.1794751 0.2595661 242539917244590
0.10322413 -1.183318 0.24406475 242539937386086
-0.09152932 -0.27835178 -0.056221887 242539957527688
-0.28256375 0.69211596 -0.28500497 242539977669290
-0.34322703 1.1020888 -0.4659722 242539997810943
-0.43115467 0.7162106 -0.5325036 242540017952805
-0.5466908 0.0641768 -0.5644935 242540038094198
-0.006823428 -0.44970185 -0.6922074 242540058235748
0.6278357 -0.45771837 -0.83538693 242540078377557
0.62320966 0.044858627 -0.8527127 242540098518952
0.54628915 0.66105837 -0.65092045 242540118660449
0.21255744 1.1406717 -0.25310788 242540138801894
-0.49356288 0.72257745 0.20715412 242540158943548
-0.7644087 -0.46854728 0.4927393 242540179084992
-0.36319253 -1.4319655 0.6549431 242540199226855
0.07446195 -0.66398984 0.62019104 242540219368404
0.35247964 0.82746136 0.4916107 242540239509902
-0.6436946 1.1883385 0.33742642 242540259651555
-0.74192184 0.004085779 0.2865437 242540279793261
0.5494616 -0.23840863 0.5101251 242540299934759
1.1044885 -0.0074383616 0.7202646 242540320076516
0.6631969 0.42660356 0.99156785 242540340218066
0.39008427 0.24127048 1.3344314 242540360359719
0.13990042 0.25521073 1.5912791 242540380501061
-0.5864409 -0.89545417 1.7138841 242540400642662
-0.43143207 -3.1571338 1.3938792 242540420784368
1.8872951 -1.2871158 1.7772996 242540440925813
0.6473064 0.3826251 0.9554828 242540461067571
-1.2240579 -2.0877569 0.5234637 242540481209225
-0.36179477 -3.1030443 0.6571069 242540501350774
0.15645087 -2.4714468 0.4780678 242540521492324
0.57051104 -0.4905419 -0.5418444 242540541634029
0.4971466 1.6330969 -0.98104495 242540561775474
-0.58597463 1.3738141 -1.1610985 242540581917180
-1.0721792 0.10291523 -1.3767183 242540602058938
