-0.16532543 -1.8242437 -1.756727 242439471087175
-0.5086641 -0.6599307 -1.7477744 242439491228412
-0.7833384 0.2715314 -1.740614 242439511369909
-1.0030744 1.0166894 -1.7348834 242439531511562
-0.7222915 1.2310727 -1.5694468 242439551653112
0.12982133 0.87789583 -1.2160245 242439571794975
0.6217606 0.6870585 -0.9598049 242439591936316
0.32193625 0.7858694 -0.81764084 242439612078073
0.12027472 0.5668907 -0.5845446 242439632219622
-0.04106289 0.39169288 -0.39806464 242439652361224
0.025570177 0.3500842 -0.19930974 242439672502877
0.1023381 -0.14135799 0.0010588579 242439692644583
-0.12686998 -0.26560688 0.026672175 242439712786185
-0.31174886 0.0072573945 -0.03260439 242439732927734
-0.3642977 -0.021512896 -0.1416937 242439753069284
-0.18868154 -0.27341235 -0.1827986 242439773210469
0.10132279 -0.19775215 -0.31237382 242439793352018
0.15800571 0.3544116 -0.39191458 242439813493411
0.019099772 0.68617666 -0.46729597 242439833635118
0.033189893 0.46517378 -0.4380442 242439853776719
-0.2293101 -0.036754966 -0.4326525 242439873918372
-0.3045322 -0.23610017 -0.46595275 242439894060026
-0.25988063 -0.28575552 -0.49692217 242439914201471
-0.2905033 0.5253013 -0.7169049 242439934343126
-0.5507969 1.0631603 -0.79976726 242439954484779
-0.29014787 0.3941539 -0.6798368 242439974626328
0.21490556 -0.014114402 -0.65924793 242439994768137
0.35794833 0.8261402 -1.4511745 242440014909479
1.4602326 3.6162565 -0.9357318 242440035051132
0.27280986 2.474122 -0.8940021 242440055192683
-1.7709045 -3.0844836 -0.25249767 242440075334545
-0.13605618 -5.181917 0.85823107 242440095475833
1.1459134 -3.8219404 1.4775683 242440115618060
0.74494904 0.5960173 0.72864395 242440135759297
0.630226 6.8896313 1.2696823 242440155900795
-0.78820485 6.0832634 2.0194159 242440176042291
-1.7187849 0.45826936 3.8652782 242440196183842
