-0.101760566 -0.06994009 7.012477 242406902131446
-0.3051178 -0.32827652 5.4818735 242406922273361
-0.083830714 -0.74462914 4.314918 242406942414754
0.17228875 -0.70120835 3.246578 242406962556252
0.18288848 -0.26005733 2.2268708 242406982697279
0.011912413 0.0613724 1.5423862 242407002838881
-0.13615975 0.09189394 1.0456483 242407022980484
0.0500575 -0.28831643 0.71394056 242407043122397
0.27950943 -0.22601147 0.5024724 242407063263687
0.19873014 0.5129322 0.21764171 242407083405288
-0.2255959 1.2700317 -0.005666077 242407103546942
-0.60115755 1.2458813 -0.07091132 242407123688490
-0.39838952 0.65467095 0.04338418 242407143830040
0.34564286 -0.15785371 0.23191977 242407163971745
0.6990103 -0.11995369 0.28582087 242407184113347
-0.10943606 0.6550687 0.28579754 242407204255054
-0.84550047 1.0453086 0.08059052 242407224396498
0.32578266 1.43109 0.5946698 242407244538152
1.6499403 -0.07020831 1.5790981 242407264680066
0.92903167 -2.3930833 2.384555 242407284821721
-0.8760247 -2.2639906 2.8190937 242407304963113
-1.1064582 -0.3326908 3.13596 242407325105496
1.1041071 2.5879226 3.51032 242407345246056
1.4166478 1.7040197 3.2754173 242407365387813
