-3.5109885 -0.53117204 0.14494866 242527671146281
-2.2096682 -0.22722045 0.015864015 242527691288039
-1.1685743 0.015956417 -0.087400734 242527711429589
-0.33569008 0.2104882 -0.17002901 242527731571139
0.33060452 0.3661242 -0.23612723 242527751712791
-0.032890942 0.106212795 -0.26040593 242527771854289
0.13545111 0.16464788 -0.37915677 242527791996046
0.42858344 0.29526457 -0.49860638 242527812137649
0.80622923 0.32747203 -0.47096413 242527832279093
0.986365 0.12927483 -0.35820067 242527852420851
0.9978232 -0.13753402 -0.26215637 242527872562297
0.13214922 0.086732686 0.063155465 242527892703846
-0.64837974 -0.0012347475 0.2541691 242527912845240
-0.85001034 0.08917064 0.42373317 242527932986892
0.23168337 -0.072755605 0.31957543 242527953128651
1.1112226 0.002066858 0.31740454 242527973270200
0.3244999 0.49105594 0.4948805 242527993411802
-1.3214897 0.18175757 0.91867554 242528013553351
-1.5526478 -0.19301032 1.1324297 242528033695005
0.33420902 -0.42875585 1.13241 242528053836451
1.5798962 -0.5447621 1.1761749 242528073978104
1.2566223 -0.38584173 1.3244903 242528094119914
-0.6419195 -0.056109324 1.5161293 242528114261255
-2.4557462 0.22126451 1.718122 242528134402908
-2.1516442 -0.22093801 1.8067948 242528154544562
0.37939498 -0.8160031 1.2085663 242528174686112
0.9768468 0.36999846 0.8557711 242528194827662
-1.733424 0.606374 0.54283005 242528214969367
-3.4452868 0.09371388 0.12630859 242528235110969
-2.0042996 -0.25926113 -0.3203641 242528255252466
0.48556572 0.20019929 -0.9614624 242528275394120
1.8635666 0.20587134 -1.2946708 242528295535982
1.7624553 -0.7311532 -1.3754022 242528315677427
0.37674788 -0.23551835 -1.0753447 242528335818924
-0.5374143 -0.06454785 -0.9879229 242528355960891
0.3674091 0.18988705 -1.5844555 242528376102284
1.9877114 -0.51293546 -0.7251197 242528396243833
0.507112 0.20436342 -1.0217078 242528416385435
-2.5024896 -0.22045982 -0.451814 242528436526880
-2.404003 -0.75135696 -0.4535563 242528456668586
-0.20038147 -0.577028 -0.5432848 242528476810083
1.4790797 0.43401754 -0.87646407 242528496951685
3.0433261 -0.2830667 -0.7527764 242528517093600
1.3765402 0.33086658 -0.60891956 242528537235096
