-2.732759 0.71407646 1.4272609 242426842286740
-1.0299096 1.6888572 -0.13673602 242426862427978
-0.8906914 1.149618 -0.7308713 242426882569422
-0.7793188 0.71823734 -1.2061414 242426902711128
-0.6902188 0.373122 -1.5863954 242426922852625
-0.5823803 0.012083642 -1.9910392 242426942994331
0.37765414 0.18897806 -2.29857 242426963135881
1.4058917 0.47911954 -2.530157 242426983277482
1.5243742 0.8126383 -2.2734 242427003419032
0.66910684 0.27237287 -1.5869033 242427023560789
-0.30959147 -0.6042784 -0.8194728 242427043702287
-0.6626926 -0.62532014 -0.16830386 242427063843888
-0.1873579 0.21810758 -0.010950655 242427083985438
0.21858704 0.35558155 0.034055933 242427104127247
-0.0012961105 -0.26965782 0.14523456 242427124268745
-0.3086649 -0.753961 0.24995045 242427144410243
-0.33738267 -0.76832896 0.14374706 242427164552105
0.028115222 -0.29248336 -0.14265017 242427184693394
-0.18834226 0.29037192 -0.31829858 242427204834526
-0.5497309 0.21591693 -0.37990904 242427224976233
-0.5741526 0.09770874 -0.5008488 242427245117833
0.24137232 -0.11433713 -0.78262687 242427265259332
1.0192771 -0.03141868 -0.90919924 242427285401036
1.028168 0.43607295 -0.7614416 242427305542482
0.2249166 0.3673784 -0.48884022 242427325684449
-0.35977334 -0.39616036 -0.06486963 242427345825842
-0.15266703 -0.5863287 -0.1985662 242427365967444
-0.597281 0.1076248 0.015346838 242427386108889
-0.91405153 0.03793174 0.19575767 242427406250646
0.20876811 -0.66323394 0.41410464 242427426392143
2.265941 0.59983027 -0.18598318 242427446533746
4.5208273 0.28975296 1.9583452 242427466675346
-2.699871 0.95045197 1.3304592 242427486817105
-2.9257863 -2.1716826 2.3653512 242427506958706
-2.043837 -2.2908742 2.2895153 242427527100204
-3.108443 -1.3421731 2.7980373 242427547241753
-1.6024112 -1.210157 2.1456795 242427567383563
