-0.76972294 0.8726397 -1.5486398 242474255649387
-0.225184 -0.63399976 -1.1742789 242474275791040
0.2104553 -1.8393705 -0.87477267 242474295932641
0.3027905 -0.8521043 -0.77928793 242474316074139
0.2652681 0.7862464 -0.76556695 242474336215844
0.23526073 2.0969343 -0.75457907 242474356357498
0.24254787 1.6460762 -0.48331362 242474376498996
0.20953584 -0.010438129 -0.003290685 242474396640597
0.013777435 -0.6244375 0.24689023 242474416782252
-0.28886908 -0.529114 0.20929193 242474436923800
-0.21542606 -0.39875838 0.1939556 242474457064882
-0.14547886 -0.43881255 0.17284203 242474477206431
-0.10568038 -0.4762966 0.11062511 242474497348397
-0.25727373 -0.49754602 -0.0069126263 242474517489686
-0.5031842 -0.28296015 -0.17231067 242474537631183
-0.54107004 -0.016429558 -0.40847492 242474557772993
-0.21015756 0.33003867 -0.51213634 242474577914647
0.2447404 1.029903 -0.59722537 242474598056041
0.25406396 1.6584337 -0.63896394 242474618197798
0.046255678 1.3519313 -0.5743445 242474638339296
-0.019540042 0.04204888 -0.18816498 242474658481365
-0.025365502 -1.3007703 0.2441205 242474678622499
0.6468628 -1.1099693 0.25550714 242474698764153
0.86166 0.20504095 0.09331199 242474718905754
0.067861795 1.0087126 -0.080296785 242474739047199
-0.34952727 1.1408453 -0.02599746 242474759188956
-0.013962738 -0.113102056 0.49254337 242474779330454
0.22453985 -0.9772682 0.8431127 242474799472107
-0.11450182 -0.69983625 0.92850184 242474819613813
-0.32841858 -0.25225455 1.1379232 242474839755362
0.45494568 0.27635288 1.5410384 242474859897068
0.99134386 1.0961124 1.8065698 242474880038618
0.56284714 1.2300911 1.8086643 242474900180324
0.10789025 0.016624093 1.2961066 242474920321718
-0.116466165 -2.2474566 0.9808692 242474940463371
0.23603576 -3.763066 1.4163663 242474960604972
2.2964563 0.67691696 1.2991302 242474980746625
0.9145031 5.8540926 -0.2626481 242475000888124
-2.9304874 -1.0929533 -0.13801649 242475021029673
-1.4547939 -8.118145 0.9577749 242475041171379
1.8317269 -6.5784693 0.651602 242475061312980
1.3682927 -0.6355338 -0.9054859 242475081454425
-0.49449062 4.8974895 -1.8952696 242475101596600
-2.3457222 4.9364924 -2.4540944 242475121738253
