-0.20006043 -0.9744266 -0.819383 242507630258072
0.16297957 -0.52202666 -0.45675042 242507650399935
0.13056795 -0.10706666 -0.31047934 242507670541171
0.06501159 0.1344778 -0.21058872 242507690682825
0.012565162 0.32770982 -0.13068748 242507710824478
-0.10106678 0.31380257 -0.061660156 242507730966028
-0.4129315 -0.3409073 -0.019373283 242507751107682
-0.20236629 -0.29432386 -0.13608761 242507771249179
0.034277126 -0.08962431 -0.27319065 242507791390781
0.32676318 0.5888832 -0.45515174 242507811532851
0.045032166 0.7989571 -0.37404 242507831674245
-0.4620552 0.35859114 -0.29820985 242507851815638
-0.46332163 -0.0486686 -0.30339387 242507871956822
-0.19195147 -0.03417532 -0.46873543 242507892098997
-0.3364115 0.1293964 -0.556027 242507912240494
-0.7206701 0.36939543 -0.5348321 242507932381523
-0.5923816 0.5567705 -0.53526664 242507952523124
-0.007336069 0.23972207 -0.5462641 242507972664726
0.29539084 -0.029723428 -0.4196553 242507992806484
0.3863726 0.0049484596 -0.21550666 242508012947982
0.59566164 0.36059225 -0.041266263 242508033089478
0.36337683 0.32452384 0.07460449 242508053231288
-0.15307564 0.16315962 0.23249619 242508073372734
-0.17116448 -0.392277 0.43192905 242508093514491
0.13926567 -0.76241696 0.5413146 242508113655938
0.589 -0.2636426 0.537768 242508133797799
0.020648196 0.50619185 0.94382423 242508153939088
-0.46580404 0.6424484 1.5729557 242508174080637
-0.5648896 0.93977416 1.8629117 242508194222395
-0.53307045 0.6489284 2.0011556 242508214363894
-0.3010419 -0.91669333 1.7778251 242508234505495
-0.012485683 -2.089448 1.7726445 242508254647097
1.036988 -0.03912109 2.0242693 242508274788697
1.8965476 4.45494 0.7880401 242508294930403
1.3248686 4.7359204 0.022128224 242508315072109
-0.09656376 -1.2908794 0.6461009 242508335213450
-0.59008765 -6.7172894 0.924016 242508355355885
-0.5820044 -5.9516144 0.6724079 242508375497486
-0.8532511 -1.7248704 -0.5257577 242508395638464
-1.4766852 1.2050966 -1.7745833 242508415779908
-1.4925711 1.9084904 -2.2748313 242508435921666
-1.0027672 1.1888397 -2.1806493 242508456063112
-1.0068836 0.32293177 -1.7158327 242508476204817
-0.9223104 -0.044509828 -1.3687322 242508496346367
-0.08314192 0.56201416 -1.3036622 242508516488020
0.5662339 1.2549534 -1.079769 242508536629675
0.521778 1.4861635 -0.6864755 242508556771171
0.46013525 0.69932437 -0.25090337 242508576912877
0.6183051 -0.21591027 0.04952544 242508597054322
0.3779115 3.6980957E-4 -0.3966268 242508617196080
1.5191721 1.3836353 0.48868877 242508637337525
-0.49764475 -0.12711403 -0.092738055 242508657479180
-0.35288566 -3.1661313 0.681435 242508677620832
0.6202149 -2.8514326 0.54853606 242508697762434
0.49216506 -0.6014238 -0.45324785 242508717904037
0.684862 1.3783033 -2.025051 242508738045690
0.89333916 4.080901 -1.5590591 242508758187187
-0.26221314 2.5756483 -1.2790799 242508778328892
-1.4013982 -0.23885143 -0.9319955 242508798470286
