-1.7593476 -2.4429345 -2.6445823 242411635407970
-1.2409594 -1.0191858 -2.715889 242411655549519
-0.82626474 0.11975372 -2.772894 242411675690912
-0.4944834 1.0309726 -2.818538 242411695832462
-0.19997329 0.80029035 -2.632985 242411715974169
0.023107171 -0.100631654 -2.195714 242411736115874
0.035550565 0.21795163 -1.8143663 242411756257371
-0.07229781 0.90953064 -1.471788 242411776399076
-0.16433191 1.4398224 -1.1932173 242411796540522
-0.62954456 0.21428978 -0.6496713 242411816682176
-0.24025255 -0.31896207 -0.41107923 242411836824194
0.60250604 -0.085827515 -0.19142313 242411856965380
0.81700873 0.078097016 -0.02640371 242411877106928
0.25108334 -0.516523 -0.03173223 242411897248634
0.022807479 -1.2019358 0.23532417 242411917390235
0.01599729 -0.29124892 0.0055260435 242411937531942
-0.11587334 0.8225455 -0.24878287 242411957673438
-0.8245578 0.803545 -0.26213408 242411977814936
-0.39133817 -0.38793182 0.041326966 242411997956068
0.22041512 -1.8473755 0.8513238 242412018097618
0.61683005 -0.9794238 1.1145287 242412038239949
0.31696504 0.84904695 1.2092743 242412058380925
-1.1112229 4.6823187 1.0953681 242412078522476
-0.02322948 3.4338064 1.5113454 242412098664024
1.7070351 -2.3741755 2.286456 242412118805678
3.2646072 -4.4489965 3.3635283 242412138947280
1.315849 -2.011653 2.7493765 242412159088934
-1.5971665 -0.85172313 1.9169627 242412179230379
-1.3262733 -2.597159 1.5815635 242412199372032
0.7534837 -3.5576487 0.8806152 242412219513687
1.4868772 -1.6495943 0.25218418 242412239655391
0.12174845 2.2059379 -1.7176826 242412259796993
-2.6953423 2.5221243 -1.9348303 242412279938386
-1.9815403 0.31808746 -1.8947555 242412300079989
