-1.4659654 -0.43449152 1.4705493 242489986199323
-0.13596381 -0.56139344 0.7116339 242490006340874
1.7945492 -0.20715952 1.0567675 242490026482371
0.4215387 0.63754845 0.64305806 242490046624024
-0.6522488 0.8529829 0.400248 242490066765575
-1.0954365 0.016949058 0.4122472 242490086907124
-0.48618317 -0.1553007 0.40935674 242490107048777
0.15980032 0.332091 0.33450165 242490127190378
0.2592116 0.6199363 0.17964147 242490147331980
-0.005524516 0.43565613 0.1769165 242490167473634
-0.55552804 0.11506529 0.24146205 242490187615287
-0.8082186 -0.22478083 0.31375563 242490207756838
-0.5257226 -0.19544028 0.23800686 242490227898803
-0.013103135 0.13793568 0.1002399 242490248042644
0.017238142 0.09331551 0.024488088 242490268181798
-0.14204961 -0.20910254 -0.003839329 242490288323244
-0.2547891 -0.36312968 0.03642943 242490308464792
-0.23989123 -0.15718517 0.06083904 242490328606394
0.16134962 0.0017232522 0.1614248 242490348748049
0.27044916 0.36491406 0.15632269 242490368889597
-0.09141302 0.14466585 0.21494864 242490389031407
-0.46063966 -0.17260386 0.26679856 242490409172905
-0.7171825 -0.5140035 0.19436373 242490429314559
-0.47897518 -0.050704375 0.014320202 242490449456159
-0.24363635 0.02655337 -0.16508704 242490469597657
0.02982203 -0.033288125 -0.33491775 242490489739155
0.3466398 -0.11036113 -0.43676466 242490509881642
0.325093 -0.12630263 -0.55436206 242490530023140
0.1531286 0.0691582 -0.56565726 242490550164011
0.094659634 0.05371757 -0.6084615 242490570305821
0.11910138 -0.056363672 -0.6484878 242490590447214
0.26215196 -0.19041397 -0.7937107 242490610589025
-0.16849384 -0.33096802 -0.9178409 242490630730677
-0.79321903 -0.5904448 -0.8962605 242490650872071
-0.693226 -0.6421018 -0.8680301 242490671013726
0.16581905 -0.11422172 -0.83979094 242490691155274
1.3662474 0.9953606 -0.8119152 242490711297032
1.8297386 1.3685871 -0.7008679 242490731438478
0.9388186 1.2442591 -0.3555683 242490751580131
-0.39055175 -0.4078773 0.24382952 242490771721732
-0.7685728 -0.9198966 0.4288612 242490791863178
-0.12427346 0.02309195 0.20478074 242490812004832
0.43448815 0.52982795 0.2170427 242490832146433
0.027082656 0.15942234 0.9296668 242490852288713
0.5435066 -0.5089429 1.5837786 242490872430209
1.2731934 0.17497954 1.7008119 242490892571343
0.40233618 0.59834677 2.2512605 242490912712839
-0.76370907 0.056626916 2.4138577 242490932855327
-1.4786947 -0.96121585 2.3756452 242490952996667
-0.06104362 -1.7853547 3.5115073 242490973137801
1.5712976 0.7441802 1.5199882 242490993279403
0.92001367 2.105163 0.83791506 242491013421629
-1.6579235 -0.43613094 1.2315753 242491033562554
-2.3156073 -2.5330229 1.3229235 242491053705249
-1.1972125 -1.4028735 0.52197474 242491073845652
-0.69050986 1.145275 -0.76622593 242491093987409
-1.2198926 1.3302617 -1.324757 242491114128907
-0.7152921 0.49150908 -1.626169 242491134270770
0.15933347 0.5567318 -1.8764157 242491154412162
0.3872383 0.86868346 -1.9087815 242491174553712
0.19419259 0.66056174 -1.6896708 242491194695313
0.24736589 1.1225219 -1.6987419 242491214836967
1.3612652 1.4664865 -1.6721838 242491234978568
1.1536702 -0.23328203 -0.8816992 242491255120118
-1.3388486 -1.6762104 -0.5765765 242491275261824
-1.1551584 -2.1784449 -0.08010703 242491295403790
0.43636188 -0.5338676 -0.48344928 242491315545340
2.3660135 0.7949479 -0.8411943 242491335686577
3.1246877 1.0980518 -0.6131713 242491355828647
1.2803618 0.5668917 -0.2671858 242491375969728
