2.8000672 1.7095897 -1.8716396 242437215227799
2.0862963 1.3414258 -1.3864708 242437235369088
1.5233953 0.92215306 -1.0384411 242437255510638
1.2736322 0.5149704 -0.8462412 242437275652291
0.86834013 0.33873022 -0.69347906 242437295793997
0.7096453 0.4096861 -0.6139755 242437315935547
0.8991314 0.49314344 -0.59829575 242437336077045
0.9063688 0.41567844 -0.54160804 242437356218646
0.6512238 0.20441435 -0.40486637 242437376360300
0.40408164 0.1980628 -0.24036053 242437396501901
0.3414693 0.20526814 -0.24269295 242437416643502
0.32108212 0.17950946 -0.26783624 242437436785156
0.32314843 0.031639665 -0.325518 242437456926705
0.14105263 -0.17276837 -0.20217179 242437477068255
0.019681498 -0.05261301 -0.25681448 242437497209910
-0.02892755 -0.003227055 -0.28409672 242437517351511
0.1596233 -0.27747393 -0.32415766 242437537493112
0.21210846 -0.20900682 -0.2527637 242437557634818
-0.11321465 0.194901 -0.09083551 242437577776368
-0.5080488 0.01647009 0.14529228 242437597918073
0.1307649 -0.19968489 -0.1502367 242437618059467
1.8320941 -0.7070091 -0.20815605 242437638201121
0.5971875 -0.03155382 -0.024828628 242437658342669
-1.9303074 0.33656865 1.0400121 242437678484167
-2.610431 0.34739113 1.5032451 242437698625873
-1.0858412 -0.043904483 0.7897464 242437718767475
0.8231536 -1.4067346 -0.20569128 242437738909127
1.5929812 0.024917662 -0.39580807 242437759050678
0.41749343 0.34301394 -0.0643453 242437779192278
-0.31787798 0.3322439 0.17427921 242437799333932
-0.74266934 0.18127453 0.25678292 242437819475534
-0.60052943 -0.037852913 0.01317063 242437839617083
-0.17017391 0.14084798 -0.37225598 242437859758737
0.1741029 0.28381628 -0.6805793 242437879900286
0.40022355 -0.0150209665 -0.9228015 242437900041940
0.09893042 -0.2066711 -0.86664367 242437920183489
-0.3446409 0.11402311 -0.5581748 242437940325299
-0.6716434 0.39412814 -0.4730958 242437960466745
-0.7549778 0.3571747 -0.6232945 242437980608554
-0.07816124 -0.61830926 -0.7944968 242438000749949
0.15240271 -0.41869357 -0.91445696 242438020892018
0.2986974 -0.0068070292 -0.9932779 242438041033047
0.08606547 0.36578643 -1.1127331 242438061174596
-0.040246755 0.21002841 -1.0231351 242438081316406
0.13336405 -0.32931447 -0.7539262 242438101457955
0.13695706 -0.60116124 -0.7184942 242438121599140
0.1318751 -0.22953552 -0.5459478 242438141741055
0.1721112 0.53270257 -0.23678721 242438161882708
0.2259444 0.8560798 0.096724376 242438182024362
-0.09355275 0.40989125 0.7773036 242438202165859
0.008821458 -0.42048925 2.08838 242438222307617
0.3121568 -0.6187533 3.0279984 242438242449010
0.29116216 0.7245447 3.3559973 242438262590612
0.34444594 1.4886358 3.8390841 242438282732318
0.35684794 0.8326856 3.4160163 242438302873920
-0.5410929 -0.9587471 2.618826 242438323015782
-1.0889924 -2.722424 2.1014183 242438343157434
0.6843458 -2.45242 2.3598762 242438363298725
1.3257083 0.35354155 1.5789361 242438383440377
0.54282165 2.501052 0.46929348 242438403582188
-1.107548 0.6005502 -0.27154428 242438423723685
-1.916776 -1.6250368 -0.7382905 242438443865131
-1.6182709 -2.2978926 -1.1310264 242438464006993
-0.11943324 -1.3063575 -1.4570861 242438484148385
-0.1473746 -0.06759617 -1.775242 242438504289884
-0.84586585 0.7357183 -2.0102744 242438524431901
-1.2792854 1.0526975 -2.1088228 242438544573398
-0.61884826 0.87993556 -2.1267543 242438564714896
0.5861837 0.09849501 -2.0344975 242438584856445
0.85160005 0.14242291 -1.4601096 242438604998099
-0.0114753395 0.44682255 -1.1134639 242438625140690
-0.055266485 0.37223968 -0.9941101 242438645281250
0.94483465 -0.09298654 -0.6097828 242438665422799
1.3683853 -0.41669017 -0.39936328 242438685564505
0.652138 -0.10080357 -0.26054087 242438705705482
0.06145003 0.21927148 -0.09032008 242438725846980
-0.049186707 0.028619112 0.10931547 242438745988736
-0.23677486 -0.71228516 0.40880677 242438766130182
-0.71033204 -1.2424171 0.41143578 242438786271785
0.0380524 -0.45019698 -0.22139324 242438806413385
1.1375442 2.3811846 -0.98075235 242438826554935
0.67015845 3.9011557 0.13398755 242438846696640
-2.8415496 -2.5593996 -0.36781237 242438866838242
0.88679564 -4.5314612 0.5276349 242438886979895
2.7672286 -2.376172 0.22745872 242438907121549
1.4937072 2.3558118 -0.831811 242438927263307
-0.9995071 5.4320145 -0.971355 242438947404648
-2.234756 2.136031 -1.0089313 242438967546199
