-1.617475 -3.2547395 2.3968294 242408130769245
-1.0373691 -2.1556675 1.0524642 242408150910587
-0.5732663 -1.2763854 -0.023085803 242408171052241
-0.20200233 -0.57298386 -0.88346803 242408191193946
0.09503895 -0.010235876 -1.5718328 242408211335444
0.26668867 -0.29069534 -1.9610101 242408231477202
0.41280898 -0.042702734 -2.342121 242408251618855
0.595369 1.2211657 -2.8512654 242408271760301
0.61619973 2.2133572 -3.140387 242408291902006
0.33320862 2.2764537 -2.9066865 242408312043817
0.048404515 0.95684516 -2.3029442 242408332185158
-0.29731002 0.18520033 -1.8460798 242408352326707
-0.418661 0.1696423 -1.5186224 242408372467787
-0.23201881 0.5458108 -1.3646215 242408392609285
-0.04454635 0.2646708 -1.1987836 242408412751146
-0.26199254 -0.5608874 -1.0679718 242408432892540
-0.47247964 -1.3964481 -0.7280735 242408453034142
-0.58579415 -0.8817333 -0.6683756 242408473175795
-0.3434075 0.9148669 -0.8548806 242408493317554
0.03058803 1.883794 -0.87592435 242408513459051
0.15670955 2.0869188 -0.73489565 242408533600601
-0.342317 1.2946244 -0.30541247 242408553742358
-0.75885254 0.11401035 0.15915865 242408573883751
0.5802523 0.14097868 0.63834876 242408594025352
1.75479 1.3651335 1.2269585 242408614167007
-0.8810228 -0.6424475 1.9520042 242408634308816
-1.6616595 -1.0574708 3.164782 242408654450157
0.70231664 -0.25543875 4.1075673 242408674591863
3.028102 -1.9971547 5.5563083 242408694733309
2.5896974 -0.8561783 5.461254 242408714875015
-1.3255155 0.6788159 3.7224665 242408735016667
-3.671022 -0.9960582 2.3428624 242408755158738
