2.300857 -1.7613366 2.6901112 242545375618716
1.3071785 -0.79133147 2.296379 242545395760319
0.87464345 -0.5877627 1.9436736 242545415901763
0.726374 -0.7372684 1.6409318 242545436043366
0.6077657 -0.8568632 1.3987381 242545456185019
1.2227645 -1.1473067 1.1214385 242545476326516
2.2073865 -1.369134 0.62080956 242545496468222
2.6263647 -1.2869166 0.023338616 242545516609979
2.4870863 -0.9175036 -0.4732396 242545536751321
0.8508049 0.07985464 -0.89106953 242545556893026
-1.0317589 0.56182575 -1.1501092 242545577034524
-2.0793347 0.27553976 -1.2164007 242545597176022
-1.6827682 -0.49158883 -1.2098719 242545617317883
-0.18810897 -0.7368194 -1.0630221 242545637459434
0.8512707 -0.7167097 -0.88035285 242545657600930
0.65433747 -0.83960307 -0.8991425 242545677742428
-0.31385383 -0.5539485 -1.0021994 242545697884133
-1.021344 0.35144776 -1.1361358 242545718025631
-0.95821273 0.8305291 -1.0094322 242545738167180
-0.552575 0.58189803 -0.72935534 242545758308938
-0.17336714 0.21031497 -0.4787591 242545778450384
0.20694004 -0.20559373 -0.15947513 242545798592089
0.2257272 -0.397745 0.01735042 242545818733795
-0.36447203 -0.008501664 0.18654306 242545838875396
-0.5428198 0.20018542 0.35020477 242545859017050
-0.09069991 0.22016947 0.45942393 242545879158964
-0.09128241 0.07655842 0.45627502 242545899300097
0.5237482 -0.6156213 0.8352235 242545919442012
1.1121043 -0.81727546 0.8434944 242545939583456
-0.101849206 0.24839374 0.21009612 242545959724745
-1.6140807 0.81053084 -0.111920536 242545979866347
0.45397106 -0.6203146 0.43278736 242546000008105
2.2355416 -0.7901884 1.4341499 242546020149550
1.3810636 0.40339807 0.97583216 242546040291151
-0.96454847 1.1295844 0.4481854 242546060432857
-3.167203 1.2531235 -0.12547886 242546080574615
-3.4353676 1.053132 -0.66208947 242546100715905
-1.43293 0.30374062 -0.4832729 242546120857454
1.7386823 -0.74850833 0.31020206 242546140999055
