0.70534676 -0.79420197 2.815955 242442049211966
0.19713193 -1.1503539 1.9662642 242442069353464
-0.2094217 -1.4352307 1.2865248 242442089495065
-0.53469354 -1.6631826 0.74272025 242442109636562
-0.8847513 -1.7421448 0.13164482 242442129778216
-1.3199937 -1.6267303 -0.66129595 242442149919766
-1.6682237 -1.5344099 -1.2956637 242442170061628
-0.90448666 -0.9597695 -1.7357506 242442190203022
-0.21504872 -0.003448248 -1.9449033 242442210344570
-0.55346763 1.0610638 -2.2239318 242442230486172
-0.9412884 1.9240172 -2.4214575 242442250627825
-0.7822631 2.1892927 -2.1644387 242442270769428
-0.02836144 1.2485249 -1.5715272 242442290910872
0.85507655 -0.12813765 -0.9386624 242442311052578
1.2335541 -0.4212965 -0.43239632 242442331194076
0.44497624 0.1790823 -0.45975107 242442351335312
0.24690914 0.27396554 -0.22976427 242442371476810
0.08438684 -0.058118887 0.0028190762 242442391618620
0.23078275 -0.5161305 0.28856647 242442411760743
0.096536174 -0.317048 0.19718492 242442431902135
-0.30140615 0.21029586 0.1550721 242442452043321
-0.33186278 0.3419886 0.06688298 242442472184818
0.16085383 -0.24065709 0.15098633 242442492327096
-0.15826446 0.02730137 0.24351867 242442512468646
-0.48847783 0.4542655 -0.020279527 242442532609726
-0.19484389 0.3806659 -0.34738803 242442552751276
0.010296728 -0.4083143 -0.5190158 242442572892825
0.09081363 -0.7350969 -0.5909473 242442593035209
0.38265485 -0.12158929 -0.61213374 242442613176601
0.17642432 1.1220311 -0.75340873 242442633318256
0.09950611 1.7670023 -0.86717725 242442653459858
0.32554597 1.2407055 -0.7757515 242442673600937
0.6241734 -0.15751792 -0.37233454 242442693742487
0.7516255 -1.1809984 0.03649786 242442713884141
0.52679867 -0.7177059 0.25780076 242442734025794
0.19087851 -0.07239576 0.74422216 242442754167291
0.18272185 -0.22979969 1.0951973 242442774309518
0.94809526 1.0856808 1.4155755 242442794450443
1.1545961 3.145288 2.1191561 242442814592097
0.49379194 1.741199 1.8538204 242442834733750
0.7400565 -1.4951949 1.9397798 242442854875352
1.1399919 -3.4365602 2.0776453 242442875016849
1.2074095 -2.6712558 2.2759528 242442895158711
0.8068808 0.7395051 1.5936761 242442915300208
-0.5569804 1.9382355 0.8954447 242442935442069
-1.5163572 -2.0874774 0.70331526 242442955583412
