-0.84062344 -1.741553 -4.2524858 242410245637410
-0.8130245 -0.4615153 -4.235471 242410265778959
-0.9935528 0.4382851 -4.0725007 242410285920457
-1.1379716 1.1581153 -3.9421191 242410306061955
-0.87619 0.95205724 -3.5040834 242410326203556
-0.15023649 0.08329785 -2.679598 242410346345261
0.43609864 -0.16134244 -1.9934239 242410366486863
0.69985837 -0.06890157 -1.5196714 242410386628412
0.26654196 0.2736966 -1.141516 242410406769910
-0.32501477 0.31994188 -0.66511977 242410426911928
-0.42350018 0.2886907 -0.26859218 242410447053270
0.17453754 0.629899 -0.15610828 242410467195235
0.8880925 0.62464345 0.015179016 242410487336524
0.7811643 -0.7746387 0.53386694 242410507478022
-0.036330044 -1.9764742 1.000901 242410527619831
-0.5511174 -1.363605 0.9798167 242410547761537
-0.2435666 0.61332816 0.5012084 242410567903139
0.1341056 1.8494496 0.24613702 242410588044533
-0.021742955 1.0712609 0.5401697 242410608186082
-0.37712577 -0.8231694 1.1510307 242410628327735
-0.566519 -1.95295 1.7504557 242410648468712
-0.17972249 -0.7412535 1.740136 242410668610261
0.5267153 1.0601343 1.6170831 242410688751967
1.0974545 2.486588 1.4880687 242410708893673
0.973768 2.3661265 1.4845356 242410729035170
-0.24828315 -1.6750438 1.9849244 242410749177241
-0.6832975 -5.126481 1.9559212 242410769318842
0.6760627 -4.4851537 1.6349919 242410789460028
1.6538775 -2.212707 1.6436181 242410809601576
0.63764 -1.2640424 1.01795 242410829743179
0.34292358 0.3001401 -0.007794503 242410849884779
0.44832683 2.7783144 -1.3451936 242410870026537
-0.6084678 2.6680307 -1.7537489 242410890167984
-1.4062715 -1.0835993 -1.2826328 242410910309637
-0.56879133 -3.4727907 -0.6107073 242410930451082
