0.37160158 -2.285248 0.27987453 242544308113730
0.7313601 -0.8922156 0.037467897 242544328255227
-0.08284576 -0.36773053 -0.32536337 242544348396985
-0.73417 0.051833987 -0.61561 242544368538482
-1.2552619 0.38750106 -0.8478209 242544388679980
-0.28907347 -0.33229053 -0.36371157 242544408821581
0.849328 -0.6504739 0.15613571 242544428963287
1.0081521 -0.38117942 0.37488517 242544449104836
0.09294207 0.44728842 0.51580215 242544469246490
-0.46768254 1.1134939 1.168783 242544489389290
-0.787195 1.5915704 1.799261 242544509529693
-0.62629163 1.5637308 2.0031757 242544529671295
0.13003185 0.28803304 1.9322982 242544549813053
1.440732 -1.2610158 3.2129917 242544569954446
1.763145 -0.10581398 3.736876 242544590096151
-0.52224267 1.6926123 2.0488193 242544610237597
-2.0922365 1.5383874 1.5196271 242544630379147
-0.23123658 -1.3150218 2.084326 242544650520748
1.1056417 -2.800458 2.11069 242544670662611
-0.3008868 -1.8463428 0.6619042 242544690804055
-1.5248547 -0.6491707 -0.78474617 242544710945657
-1.5198698 0.27043557 -1.7989949 242544731087519
-0.4928712 0.21161693 -1.9981334 242544751228965
0.37520587 -0.1582891 -1.960095 242544771370565
0.61508435 -0.70790637 -1.8740065 242544791512219
0.19847983 -0.15515438 -2.05849 242544811653977
0.043458164 0.42649132 -2.0597587 242544831795683
0.14418733 0.5621604 -1.7756085 242544851936921
0.054653883 0.39877498 -1.433306 242544872078938
-0.30120182 0.19481081 -1.1036174 242544892220124
-0.068124026 0.21076792 -0.9044782 242544912361776
-0.01096642 0.0119942725 -0.65315324 242544932503535
-0.023795962 0.3238808 -0.6329321 242544952645032
-0.3722942 0.60112244 -0.5446865 242544972786894
-0.3434642 0.9377295 -0.39446527 242544992928235
-0.2636395 0.64342797 -0.15562502 242545013069993
-0.21421145 -0.018395841 -0.041564927 242545033211282
0.2030597 -0.8920188 0.4587139 242545053352674
0.7066825 -0.7018535 0.5952954 242545073494276
0.32461476 -0.033789605 0.45300052 242545093635878
-0.17626116 0.39582318 0.2216978 242545113777532
-0.25942653 -0.22615376 0.10171618 242545133919186
0.12529528 -0.6100444 0.2488334 242545154060734
-0.94164765 1.2408102 -0.6711923 242545174202232
-1.2192049 3.0358424 -0.08866584 242545194344042
-0.8148581 -1.5170841 -0.19016546 242545214485488
2.5075073 -4.2460938 0.82987094 242545234627505
4.5116825 -2.5037606 0.9137391 242545254769055
2.2237325 0.8055095 -0.059092432 242545274910449
-1.3549057 4.4429646 -0.879372 242545295051894
-3.4585862 4.3415923 -0.857231 242545315193548
-2.0043046 1.1471133 0.46632588 242545335334992
