-2.0432394 -3.1500342 3.1209905 242407405671589
-0.8835778 -1.4261556 2.3938334 242407425813608
-0.8702904 -0.8252915 1.0164874 242407445954688
-0.859652 -0.34458572 -0.085392565 242407466096239
-0.85113794 0.039967477 -0.96689403 242407486237944
-0.6235875 0.12186617 -1.7065887 242407506379442
0.06135737 -0.13612384 -2.2679482 242407526521044
0.79993343 -0.077121586 -2.4910688 242407546662593
1.0990069 0.50431776 -2.487565 242407566804194
0.5021918 1.1720195 -2.3184266 242407586946108
-0.526554 1.3682717 -2.0940635 242407607087397
-0.5395038 0.7159461 -1.732421 242407627228478
0.6199004 -0.1328926 -1.2089318 242407647370027
1.239633 -0.23180869 -0.86794853 242407667512566
0.41840982 0.55061924 -0.7277342 242407687653907
-0.67110586 0.6718427 -0.64137655 242407707795614
-0.47045082 -0.0960872 -0.47577143 242407727937423
0.29089242 -0.78835845 -0.28958327 242407748078660
1.047711 -0.99665666 -0.30715916 242407768220001
0.38015833 -0.1852943 -0.5345807 242407788362228
-0.47830844 0.55380756 -0.7053685 242407808503412
-1.557838 0.53965664 -0.5339132 242407828645899
-0.79376304 -0.034535035 -0.28401497 242407848786825
0.21554668 0.7559463 -0.24412534 242407868928321
0.2760228 1.2465743 -0.36923409 242407889069975
-0.36204562 0.41410595 -0.37690875 242407909211420
-0.12917715 -1.2376268 0.13358822 242407929353387
0.8344937 0.19432819 0.42335835 242407949494675
1.21808 3.1854293 0.9053795 242407969635913
-0.49288714 0.52932066 2.096605 242407989777307
-0.56766963 -3.3232837 3.095141 242408009919011
0.9318511 -3.469389 3.8231394 242408030060510
1.0568941 -2.7434757 4.477175 242408050202058
1.5817068 -0.999398 3.9500735 242408070343764
0.3651352 -0.16636878 2.8321664 242408090485522
