-0.029442638 -0.42124873 0.75764775 242483681891579
-0.0362435 -0.4459228 0.61487675 242483702033077
8.549094E-4 -0.37794206 0.52133876 242483722174679
-0.009019211 -0.18885669 0.41287512 242483742316228
-0.097168006 -0.08236245 0.30056092 242483762457778
-0.22673444 -0.02777009 0.20665148 242483782599431
-0.018812168 -0.058634125 0.20119362 242483802741137
0.22119872 -0.14668016 0.18719614 242483822882635
0.049038637 -0.17432696 0.09193815 242483843024236
-0.21877407 -0.13707332 0.0391717 242483863165889
-0.17039122 0.021464631 -0.008146714 242483883307596
0.03886772 0.07509397 0.01771649 242483903449041
0.092600085 -0.13728471 0.009976305 242483923590642
0.034277566 -0.2264157 0.035318762 242483943732244
0.055022396 -9.916071E-4 -0.03386472 242483963873845
-0.030097596 0.18892536 -0.08081178 242483984015395
0.14368689 0.08519198 -0.0802686 242484004157048
0.16864799 0.05825977 -0.06899261 242484024298650
0.08580896 0.13450506 -0.06845664 242484044440253
0.029398233 0.07200368 -0.051001504 242484064581853
-0.08097109 0.054137133 0.03015988 242484084723456
-0.055314973 0.06852927 0.11169388 242484104865056
0.16518253 -0.014703743 0.09050663 242484125006763
0.05935786 -0.21981996 0.10332857 242484145148259
-0.2451043 -0.11923739 0.076228775 242484165289862
-0.19232352 0.019887988 0.093178414 242484185431462
-0.24814278 0.914971 -0.7247678 242484205573220
0.36378863 1.352318 0.15631653 242484225714874
-0.9070066 -0.94072884 -0.08371824 242484245856268
0.1300286 -2.3402643 0.40760237 242484265997869
0.5882391 -1.768594 0.3842796 242484286139470
0.6216628 0.82490194 -0.6132747 242484306281072
-0.0027797222 2.3703365 -0.1998887 242484326422726
-0.5752175 0.41299793 -0.12197874 242484346564327
-0.52700824 -0.90592796 -6.289631E-4 242484366705929
0.42540985 -0.96190554 0.13751756 242484386847582
0.52654725 -0.03743361 0.04090359 242484406989132
0.090784356 0.47533178 -0.0467803 242484427130733
0.021091744 0.40130585 0.009860709 242484447272388
0.02897488 0.09493704 0.13837245 242484467413988
-0.04454589 -0.28119373 0.18975678 242484487555643
0.16897674 -0.5321646 0.15238802 242484507696618
0.43451643 -0.7120242 0.16610925 242484527838220
0.4127218 -0.55020255 0.103706345 242484547979771
-0.039996654 0.075729385 -0.07977631 242484568121319
-0.5121226 0.47227472 -0.15498626 242484588262921
-0.3996618 0.5257333 -0.17222705 242484608404678
0.07216628 0.31256402 -0.1525921 242484628546124
0.3969527 -0.14732003 -0.097931035 242484648688038
0.43292663 -0.41486627 -0.043357685 242484668829483
0.09132356 -0.16740116 -0.063666895 242484688971190
-0.20677294 0.16591735 -0.07934792 242484709112686
0.40716714 -0.073153794 0.16872108 242484729254393
0.6501726 -0.32967034 0.32462418 242484749395993
0.3938063 -0.5302926 0.41555268 242484769537387
0.371135 -0.84153235 0.5093007 242484789679248
0.22748944 -0.864253 0.3842742 242484809820590
0.09516931 -0.3437932 0.21355969 242484829962244
0.1720193 0.230548 0.09808449 242484850103793
0.03253711 0.18314159 0.04963226 242484870245500
-0.13384528 0.07626641 0.07377482 242484890387152
-0.4113262 0.13771623 -0.015696004 242484910528598
-0.34077144 0.12397476 -0.119237915 242484930670251
-0.04500231 0.29336703 -0.3017287 242484950811749
0.21635565 0.5405207 -0.4454806 242484970953506
0.0636857 0.29022804 -0.5456111 242484991095005
0.08921832 0.2933698 -0.66463333 242485011236710
0.17996995 0.41657552 -0.70264566 242485031378364
0.028090887 -0.0856517 -0.62575084 242485051519913
0.05070653 -0.1580673 -0.68909514 242485071661984
-0.07504535 -0.30254814 -0.7378773 242485091803533
0.11252103 -0.29710114 -0.7553557 242485111944561
0.45406714 -0.3396687 -0.6882866 242485132086215
0.47707522 -0.12602848 -0.4646179 242485152227868
0.5433146 0.20151657 -0.4080618 242485172369835
0.34253186 -0.10178736 -0.40911782 242485192510917
-0.30984578 -0.47871137 -0.30479038 242485212652622
-0.18525049 -0.24517494 -0.26214758 242485232794171
0.30835786 0.4939486 -0.41804045 242485252936033
1.3148401 1.327737 -0.094716966 242485273077374
-0.012498364 0.51034784 -0.06462055 242485293219080
-0.7200218 -1.4126031 0.12434782 242485313360629
0.35950726 -1.0416874 -0.08356333 242485333502284
0.8614639 0.36207542 0.0027683973 242485353643781
