0.52037776 0.77383995 -1.9838033 242465151619127
0.37692833 0.8987787 -1.5657454 242465171760572
0.118037224 0.8776797 -1.1688678 242465191902382
-0.098468274 0.6942965 -0.70394015 242465212043984
-0.27061275 0.28472468 -0.3120762 242465232185533
-0.17975406 0.010042405 -0.1954076 242465252327240
0.13848722 0.04590092 -0.21522816 242465272468684
0.35163438 0.2150842 -0.22131337 242465292610338
1.0280093 0.25769642 -0.2694423 242465312751784
1.7108834 0.38083106 -0.32309955 242465332893437
1.1227169 0.49563938 -0.17109135 242465353035195
-0.26630282 0.51973194 0.18903008 242465373176797
-0.5132998 0.070729226 0.25235486 242465393318399
0.246526 -0.31254768 -0.09768849 242465413460000
1.3796728 -0.20749408 -0.43649215 242465433601550
2.019706 -0.15962261 -0.62409544 242465453743150
1.4008734 -0.04978639 -0.40433824 242465473884753
0.04422823 0.01497063 -0.032611486 242465494026406
-0.55990905 -0.011362046 0.13305692 242465514168007
-0.56861246 -0.07256597 0.049709037 242465534309453
-0.24561983 -0.10356575 -0.06882604 242465554451054
0.14271761 -0.2222841 -0.12767111 242465574592553
0.20416296 -0.20727783 -0.08807484 242465594734205
0.02210974 0.20126122 -0.017887112 242465614875807
-0.07893982 0.3751405 0.0015856773 242465635017616
0.13063669 0.1942247 -0.04620193 242465655159114
0.42666158 0.49590656 -0.2087423 242465675300873
0.5057172 0.59426665 -0.1766412 242465695442318
0.14101812 0.36800098 -0.024145618 242465715583867
-0.42312032 0.029933393 0.16437945 242465735725521
-0.2619819 0.10042792 0.113095075 242465755867070
0.110886194 0.18321645 -0.022795733 242465776008619
0.5102888 0.026902482 -0.067693695 242465796150378
0.42097077 0.10165176 0.058200553 242465816292082
-0.06998351 0.30138615 0.16417089 242465836433476
0.013570562 0.36753368 0.08960064 242465856575235
0.30093575 0.3764317 -0.031359673 242465876716679
0.6025238 -0.017775774 -0.3137856 242465896858282
0.991007 -0.7662926 0.11124763 242465916999882
-0.12440367 -0.124232456 0.14340481 242465937141484
-1.8322362 0.5265311 0.58823806 242465957283034
-1.117971 0.053601384 0.38214296 242465977424740
0.96983236 -0.36281767 -0.7550374 242465997566237
1.9053841 -0.48178583 -0.49826974 242466017707891
0.3444153 0.24203329 -0.29765415 242466037849492
-0.77734554 0.15340859 -0.018920228 242466057991146
-0.92965055 -0.08186391 0.11983815 242466078132643
-0.11054063 0.057535626 0.030642241 242466098274296
0.40020207 -0.037244096 -0.0955168 242466118415899
0.71909094 -0.08087447 -0.17443025 242466138557447
0.17164081 0.12813438 -0.035843913 242466158699050
-0.35206026 -0.023319498 0.13172406 242466178840130
-0.90999913 -0.25111392 0.30459723 242466198981627
-0.47392327 -0.48021734 0.18234621 242466219123333
0.23634687 -0.37427247 0.14758751 242466239265611
0.5344231 -0.041880667 0.1437723 242466259407109
-0.028427579 -0.051649764 0.38744926 242466279548658
-0.73313934 -0.46299386 0.5017281 242466299690677
-1.1040401 -0.45166016 0.34211674 242466319832018
-0.5690737 -0.5161411 0.31289122 242466339973463
0.36611927 -0.19440845 -0.026675235 242466360115170
0.8831663 0.12095687 -0.17055345 242466380256771
0.560773 0.2358379 -0.1302118 242466400398216
-0.21273196 0.109740034 -0.014668707 242466420539817
-0.40684426 0.02463974 -0.0735777 242466440681211
-0.30791238 0.013427496 -0.20146789 242466460822499
0.084052175 0.291488 -0.4298162 242466480964049
-0.005001843 0.19252636 -0.4723418 242466501105755
-0.2491955 -0.12517808 -0.5402296 242466521247304
-0.10083851 -0.0705272 -0.5987852 242466541415415
-0.07042698 -0.08475124 -0.71850675 242466561556964
0.06217522 -0.023934469 -0.92791754 242466581698566
0.037794355 -0.13930783 -0.73060375 242466601840220
0.051262997 -0.01684992 -0.66341406 242466621981822
0.18252979 -0.020973574 -0.45757642 242466642123371
0.08187484 0.24717203 -0.41334954 242466662265025
-0.1634638 0.2361595 -0.4465456 242466682406678
-0.21218513 -0.08036005 -0.33537117 242466702548175
-0.020744674 -0.09656185 -0.39601773 242466722689882
0.06970899 0.32406983 -0.38671145 242466742831378
-0.0021663308 0.825051 -0.44778967 242466762972980
-0.037131816 0.90884125 -0.4288353 242466783114634
0.17196761 0.46878684 -0.11946761 242466803256235
0.2749235 0.048198387 0.18194185 242466823397941
0.06550058 0.030538648 0.38752234 242466843539438
-0.14701104 -0.2244493 0.67513406 242466863680988
0.061988458 -0.30809116 1.3573631 242466883822589
0.39325705 0.07739228 1.8520622 242466903964243
0.22596486 0.6518146 2.1454673 242466924105897
-0.27326366 0.05641991 2.7279408 242466944247602
-0.62775975 -1.4377737 2.9651833 242466964389621
-0.5644498 -1.8897786 2.9691384 242466984531170
-0.32707715 -0.72912836 2.2890205 242467004672408
-0.15716115 0.3849825 1.2955699 242467024813905
0.525147 0.55499506 1.1160665 242467044955454
0.73843646 0.49416313 0.6325099 242467065097108
-0.020445399 0.30393147 -0.013715245 242467085238710
-1.0312688 -0.66858685 -0.47171867 242467105380310
-1.1603596 -1.3182951 -0.88621396 242467125521913
-0.8154943 -0.4343542 -1.3795917 242467145664139
-0.8569048 0.907868 -2.1284735 242467165805689
-0.06027651 2.1837184 -1.9297962 242467185947238
-0.1406728 1.7235748 -2.0924163 242467206088527
-0.8451066 -1.4168745 -1.6392752 242467226229921
0.14836955 -3.1811678 -0.86199754 242467246371522
0.6366999 -1.5230507 -0.70511925 242467266513072
-0.2593007 0.6735273 -0.9606941 242467286654934
0.76870924 3.296284 -1.7202398 242467306796900
0.88509715 4.326411 -1.4315126 242467326938449
