0.13389823 -2.1290135 -0.07017827 242508838754166
-0.0692327 -1.0123786 -0.006328702 242508858895664
-0.23174751 -0.119083285 0.044756405 242508879037318
-0.36174464 0.5955276 0.085618764 242508899178919
-0.37010336 -0.25745052 0.5709609 242508919320468
0.37667197 -1.9906545 1.2966905 242508939461966
0.15414013 -0.41391528 0.93300986 242508959603723
-0.30128682 1.4034793 0.46429604 242508979745377
-0.3546584 -9.3483925E-4 0.80744517 242508999886874
0.42386922 -1.1451082 0.96836454 242509020028684
0.67435396 -0.29039723 0.7732477 242509040170078
-0.29868478 0.8407413 0.654699 242509060311262
-0.6200353 0.8156922 0.96184313 242509080453489
0.18793568 1.1955829 1.2369817 242509100595038
0.20238252 1.3214254 1.1845477 242509120736119
-0.11443645 0.015380889 1.160624 242509140877669
-0.15638357 -1.9030564 1.2860268 242509161019374
1.0719018 -1.0940038 1.3018727 242509181160872
1.2284858 1.42503 0.21181187 242509201302942
-0.24924973 -0.5793172 0.33971617 242509221444492
-1.1547232 -2.5585773 0.4805119 242509241585728
-0.9049154 -4.1664186 0.50309324 242509261727382
-0.31233367 -2.5737724 -0.07099348 242509281868931
-0.4206642 0.58097214 -0.9116639 242509302010325
-0.35745606 2.5269353 -1.3896205 242509322151979
-0.0014756024 2.205747 -1.0870435 242509342293997
0.32817766 0.41716143 -0.90232855 242509362435130
-0.06824431 -0.7888342 -0.7724145 242509382576888
-0.7524465 -1.1814185 -0.6841999 242509402718489
0.120495476 -0.87073195 -1.263948 242509422859986
3.8951588 4.8241615 -0.8171285 242509443001641
0.16339606 2.6977592 -1.9210513 242509463143189
-1.0843492 -4.1228504 -0.047751725 242509483284947
0.55952156 -3.7531831 0.29288423 242509503426549
0.18816236 -0.65249723 0.045004636 242509523568046
-0.14839047 1.9320606 -1.2138169 242509543709596
0.49488252 3.425958 -0.69142705 242509563851823
0.19132146 0.29983646 -0.32801092 242509583993372
-0.7463551 -1.7608354 -0.12956393 242509604134869
