0.6230649 -0.7466898 7.7290273 242505958506057
0.5545281 -0.21843314 6.060339 242505978647865
0.16060805 0.07973671 4.729816 242505998789311
0.015462734 0.13730276 3.6361346 242506018931121
0.021949165 0.1032204 2.743791 242506039072879
-0.3018342 0.18653625 2.0033631 242506059214428
-0.5561762 0.1865652 1.5370215 242506079355926
-0.33449742 0.077498615 1.0883831 242506099497474
0.016298126 0.03720659 0.68404895 242506119639129
0.0034394828 0.12921345 0.37575832 242506139780626
-0.29644725 0.115018055 0.16548531 242506159922383
-0.4290694 -0.20428392 -0.009295341 242506180063934
-0.16982596 -0.61666244 -0.1579077 242506200205535
0.22112237 -0.47460234 -0.36382723 242506220347032
0.5016003 0.03004831 -0.5444715 242506240488737
0.6381881 0.5465342 -0.5659235 242506260630287
0.5138529 0.8791103 -0.66003263 242506280772045
0.3639737 0.5252768 -0.6883324 242506300913438
0.16104722 -0.23627025 -0.5247898 242506321054936
0.231245 -0.36177796 -0.32775873 242506341196902
0.3336211 0.23867397 -0.31128842 242506361338660
-0.08232797 1.0936972 -0.18481694 242506381479845
-0.5067863 0.5914352 0.76029277 242506401621654
-0.26875964 -0.35053155 2.1966133 242506421762995
0.99223703 1.6710765 2.3800473 242506441904076
2.0175304 2.4401326 2.9115808 242506462045626
-0.95431626 -1.5941875 3.4928656 242506482187592
-3.4393353 -4.4364853 3.9807062 242506502329350
-1.5998285 -2.2024949 4.3486104 242506522471055
-0.02733501 1.182488 2.1873286 242506542611693
2.7769513 3.8356051 1.4966215 242506562752669
1.8768835 -0.25641954 1.246685 242506582894635
