-0.8208531 -0.32798213 7.5204983 242524730483691
-0.84673244 -0.34121823 5.9926014 242524750625345
-0.3889879 -0.16879238 4.824333 242524770766894
0.040914834 0.15892847 3.85608 242524790908339
-0.24416858 0.20044273 3.0175276 242524811050202
-0.6754464 -0.0653967 2.3451793 242524831191752
-0.8311651 -0.06832409 1.8152227 242524851333405
-0.33994037 0.18941422 1.3535113 242524871475007
0.5244022 0.34975076 0.91949713 242524891616608
0.5956172 0.23338878 0.6232871 242524911758209
-0.3071764 -0.17575109 0.52198625 242524931899602
-0.8870025 -0.15048842 0.3934326 242524952041308
-0.4863329 0.06495635 0.11322273 242524972182858
0.1394609 0.13661622 -0.21627808 242524992324563
0.5027625 0.18210211 -0.54418826 242525012466218
0.10572928 -0.04125825 -0.7123301 242525032607610
-0.21646306 -0.3367676 -0.79606473 242525052749368
0.13046664 -0.4429635 -0.7473865 242525072891022
0.88570607 -0.39321265 -0.69240725 242525093032623
1.8311535 -0.10256931 -0.4766067 242525113174068
1.5841395 0.3410091 -0.23494884 242525133315774
-0.48496345 0.329358 0.17228061 242525153457532
-2.0180683 0.17199513 0.52346575 242525173598925
-1.3254601 0.30011356 0.581758 242525193740997
0.38416132 0.017756872 0.3199367 242525213882285
0.9682651 0.26277003 0.2339959 242525234023783
-0.112564355 0.34825036 0.32107726 242525254165435
-0.97682583 0.16610171 0.48488894 242525274306881
-1.2006512 -0.43600833 0.93400097 242525294448639
0.25902715 -0.8945353 1.6145718 242525314590293
2.1336737 -1.1734426 2.2503362 242525334731895
2.5964398 -0.6452604 2.4468026 242525354873547
0.6773527 0.440705 2.4640064 242525375014993
-1.0763193 0.3071243 2.9536922 242525395156438
-0.9824505 -0.40868703 2.230668 242525415297832
-0.6733006 -0.009602934 1.7704022 242525435439277
-1.6211767 0.29527864 1.6125786 242525455580982
-1.8340918 0.2607541 1.14537 242525475722533
-0.24827647 0.68013996 0.2827368 242525495864343
0.50998265 1.9532274 -0.79862463 242525516006256
0.51653516 1.9770458 -1.5588523 242525536147805
0.43519562 1.145345 -1.9436679 242525556289043
0.89129806 -0.23256335 -2.1060147 242525576430591
0.20433003 -0.1693093 -2.075942 242525596572089
-1.5367036 0.9914303 -1.8837442 242525616713900
-1.2832934 0.45160687 -1.6315678 242525636855397
-0.7873398 -0.31023464 -1.3998907 242525656997051
0.5915071 -1.494054 -1.2655648 242525677138547
3.4950962 -1.9049574 -1.0910103 242525697280150
2.8410225 -0.26775634 -0.94874156 242525717422168
0.33602062 0.43739533 -0.589576 242525737563822
