0.06138523 1.1452701 -0.58894163 242509644417655
0.05859658 1.5196263 -0.5934165 242509664559414
-0.18099318 0.09266269 -0.27322233 242509684700808
-0.37266254 -1.0489157 -0.017051935 242509704842408
-0.52599794 -1.9621785 0.18788463 242509724984062
-0.47176182 -1.508354 0.022924066 242509745125612
-0.2049889 0.15131837 -0.40824732 242509765267213
0.034564823 1.4632187 -0.6904652 242509785408814
0.21262747 1.6438179 -0.7175598 242509805550417
0.33801562 0.16679595 -0.3028533 242509825692226
0.4689043 -0.18188381 -0.021869779 242509845833724
0.35724849 0.819703 -0.0636542 242509865975325
0.020374626 1.622515 -0.0548532 242509886116874
-0.1443078 0.29894328 0.31499898 242509906258529
0.25084186 -1.7747669 0.76309764 242509926400807
0.6773887 -2.483451 1.1798362 242509946541992
0.1891011 -0.29172078 1.3346826 242509966683436
-0.48288387 2.0716038 1.509187 242509986824882
-0.29145935 2.407445 1.8141911 242510006966641
-0.29469454 0.05043426 1.9262329 242510027108242
-0.39295214 -2.4979455 1.9915203 242510047249687
1.2935996 -2.2875235 3.1873336 242510067391444
1.1726675 1.9444234 0.67718744 242510087532995
0.19814081 1.0999715 1.0156276 242510107674439
-0.15455584 -0.9360138 1.3312658 242510127816198
0.2556262 -3.5111415 1.3930442 242510147957748
0.08866513 -1.7657423 0.48164034 242510168099505
-1.3211597 0.48308223 -0.6437306 242510188240951
-1.7940252 1.1590557 -1.4617858 242510208382551
-0.71920455 1.0698752 -1.8332937 242510228524206
-0.049245775 0.7139925 -1.7819405 242510248665703
-0.97748655 -0.30253282 -1.6695235 242510268807513
-1.2692267 -0.8250762 -1.6039835 242510288948854
-0.25954437 -0.24854198 -1.5654446 242510309091028
0.4846384 0.42058203 -1.4598318 242510329232630
0.8519221 0.92797875 -1.2931098 242510349373867
0.80853045 1.5271814 -1.3230381 242510369515312
0.45395747 1.6003824 -1.062275 242510389656914
0.21328104 0.9927564 -0.68680245 242510409798619
