-2.9360485 -1.8662623 -0.14074779 242492262200717
-0.9065019 -0.95139784 -0.5985607 242492282342371
0.12188691 0.0033653975 -0.8359262 242492302483921
0.9445782 0.7671722 -1.025825 242492322625522
1.4073415 1.1873608 -1.1055257 242492342767123
0.39215738 0.2605467 -0.67732656 242492362908777
-0.68564177 -0.20980625 -0.3543124 242492383050847
-1.3888671 -0.13551697 -0.16305843 242492403192032
-1.0219408 0.20894861 -0.07392298 242492423333687
0.014423475 0.27190122 -0.18890634 242492443475496
0.57517993 0.3149892 -0.21950525 242492463617046
-0.14759399 0.17818764 0.049223684 242492483758335
-1.008322 -0.37701237 0.47945508 242492503899936
-0.68008864 -0.44172424 0.9547868 242492524041693
0.5652237 -0.19348349 1.4377776 242492544183608
1.8795282 0.34230617 1.8483086 242492564324948
2.2334101 1.0972211 2.3119965 242492584466290
0.75339425 1.0278003 2.6782563 242492604608152
-0.9633994 0.12491882 2.9788313 242492624749649
-1.6115055 -0.7459649 3.3297815 242492644891095
-1.1416177 -0.60565 2.2400692 242492665032749
0.97952616 0.5338361 1.1354364 242492685173882
1.7774749 0.15886146 0.69490707 242492705315535
1.7484323 -0.84387124 0.4357541 242492725457033
-1.718142 -0.21522719 -0.09572393 242492745599051
-5.359124 2.5646605 0.8690675 242492765740652
-3.423987 0.9574569 0.06700891 242492785882150
-0.8595508 -0.08340699 -1.2406054 242492806023855
0.9325839 -0.6129154 -2.7413673 242492826165040
1.8228152 -0.6266619 -2.3985999 242492846306902
0.5698034 0.5797107 -2.2347908 242492866448504
