0.80977464 1.0736054 1.4964738 242457598518541
0.023679286 1.1175756 0.89263934 242457618660040
-1.8760995 0.07225144 1.0196935 242457638801641
-3.3959308 -0.7640145 1.1213427 242457658943138
-3.4651618 -0.78974515 0.6918446 242457679084844
-1.229203 0.4056841 -0.60539794 242457699226341
0.63995624 1.2808005 -1.5569327 242457719367994
1.7597352 1.9470265 -2.1976159 242457739509596
0.38209808 2.120487 -1.9532707 242457759651354
-0.59746224 1.2461433 -1.5702851 242457779793007
0.13743366 -0.3242509 -1.3563548 242457799934454
0.7130556 -1.2867675 -1.2019428 242457820076367
0.69891846 -1.0605208 -1.0721222 242457840217604
0.36732298 -0.43702275 -0.86960536 242457860358789
0.33505017 -0.29108688 -0.6507524 242457880500234
0.2486242 -0.67921275 -0.17225677 242457900642200
0.19125392 -0.6286071 0.041579805 242457920783646
0.37821782 -0.33342314 0.0412201 242457940925143
0.72010005 0.09741792 -0.17616484 242457961066901
0.86398584 0.5777619 -0.3278825 242457981208242
0.5732364 0.46800476 -0.19824636 242458001349895
-0.06523815 -0.16605234 0.16136053 242458021491601
-0.31868112 -0.36438382 0.25505513 242458041633151
-0.29602137 -0.1821141 0.14791997 242458061774700
-0.14601363 0.30459076 -0.10392992 242458081916302
-0.27804217 0.08415714 -0.061313562 242458102058007
-0.4540723 -0.3606099 -0.24640277 242458122199453
-0.7150749 -0.47607788 -0.26166648 242458142341159
-0.49676067 -0.3578169 -0.3085109 242458162482812
0.40645474 0.3398012 -0.4505557 242458182624414
1.1960336 0.98011625 -0.55736685 242458202765963
1.3108294 0.98309135 -0.34603354 242458222907564
0.61504424 0.1896975 -0.065771654 242458243049271
-0.33500507 -0.5056534 0.08008865 242458263190769
-0.54647654 -0.6427553 0.10835503 242458283332265
0.19900234 -0.32576695 0.14282314 242458303474023
0.9854827 0.087367356 0.16286811 242458323615521
0.7642389 0.2097724 0.37161654 242458343757174
-0.23101735 -0.34205535 0.68822616 242458363898880
0.55192983 -0.7609893 0.6251077 242458384040326
2.5442657 0.199265 0.34783602 242458404182083
0.9388062 0.65322906 0.90856594 242458424323684
-3.3205013 -0.09243226 1.7095836 242458444465131
-4.73401 -1.2814229 1.7337059 242458464606783
-2.4582539 -2.1804538 1.6132149 242458484748333
0.5552466 -1.6610146 1.6182668 242458504890038
2.5815256 -0.0101925135 0.72414786 242458525031588
2.3489103 1.3650724 0.50601053 242458545173293
-0.9855857 0.96418273 0.9428409 242458565314739
-4.6638384 -1.2400197 1.2376866 242458585456341
