-0.6288247 1.5149451 -2.070218 242456712288073
-0.19794434 1.1865637 -1.8038445 242456732429571
0.14678136 0.9238471 -1.590759 242456752571120
0.42254895 0.7136705 -1.4202745 242456772712773
0.64318126 0.5455475 -1.2838953 242456792854322
0.7063005 0.3295467 -1.0420707 242456812996028
0.6720477 0.10431594 -0.74525064 242456833137526
0.64937985 -0.06615308 -0.5102289 242456853279648
0.52565205 -0.11769357 -0.29463243 242456873420833
0.20190296 0.007679805 -0.056685 242456893561913
-0.121821 0.13738133 0.16152412 242456913703515
0.14675273 0.10174735 0.25544238 242456933845012
0.24180381 0.2827994 0.20765036 242456953987187
-0.23118466 -0.08996326 0.17641959 242456974128685
-0.09723752 -0.58591956 0.091941245 242456994270339
0.43996876 -0.26124594 -0.07233069 242457014411888
0.60743374 0.6277552 -0.32458055 242457034553124
0.42027542 1.0406374 -0.48231545 242457054694778
0.003238231 0.6787346 -0.4088654 242457074836328
-0.19155043 -0.26633626 -0.26210937 242457094977982
-0.3114707 -1.0547979 -0.15260872 242457115120156
-0.5003308 -0.65723366 -0.2806344 242457135261758
-0.40458065 0.25773734 -0.61436665 242457155403463
-0.07235408 0.5331992 -0.8025995 242457175544804
0.14408621 0.5783181 -0.86464787 242457195686354
0.20403337 0.35928106 -0.76741606 242457215828215
0.17590126 0.30601507 -0.77475697 242457235969766
0.09622675 0.5416035 -0.6696458 242457256110793
0.070632815 0.43704748 -0.47047615 242457276252291
0.33559373 0.081047505 -0.28537363 242457296394102
0.47931948 -0.14876185 -0.15234195 242457316535547
0.2740975 -0.07939996 -0.1173568 242457336677097
1.0455084 0.36921334 -0.73837465 242457356818645
3.4671686 -0.080596805 -0.65349877 242457376960351
1.7226034 0.4236096 -0.45618287 242457397102057
-2.5836513 -0.077848315 0.94896615 242457417243658
-2.678371 -1.5450112 2.2458003 242457437385103
-0.24822545 -0.4669518 2.0333533 242457457526653
1.5070323 0.8673848 2.0180924 242457477668411
2.8235064 1.186382 2.0547225 242457497810013
1.3001134 0.30513194 1.9922208 242457517951510
-2.996969 -1.3700794 2.5077503 242457538093112
