-1.7330034 -5.411746 2.7591975 242441142839844
-1.2222432 -3.055945 1.5384306 242441162981497
-0.8136509 -1.1713928 0.5618693 242441183123829
-0.48676124 0.33633813 -0.21943206 242441203264700
-0.22526285 1.5424217 -0.8444169 242441223406095
0.30281076 0.6822696 -0.8904153 242441243547643
0.64772135 -0.6140448 -0.80772746 242441263689245
0.45915255 -0.10378599 -1.1601143 242441283831055
0.09963563 0.8307067 -1.5372515 242441303972812
-0.23698482 1.4748027 -1.6645265 242441324114310
-0.1887354 1.0306196 -1.4407058 242441344255911
0.2662985 0.21107128 -1.0182668 242441364397409
0.5303044 0.017095178 -0.77345395 242441384538437
0.20370983 0.4275746 -0.6463888 242441404679935
-0.04574038 0.76316416 -0.5684936 242441424821692
0.17205468 0.68886805 -0.42911792 242441444963138
0.16556513 0.49843073 -0.3018224 242441465105364
0.31261325 -0.40017402 -0.035689175 242441485246914
0.36518264 -0.4021502 -0.053684413 242441505387996
0.1687025 0.009567976 -0.2072196 242441525529700
-0.046103936 0.32168266 -0.33107805 242441545671095
0.19190203 0.86212355 -0.6324675 242441565812851
0.66275996 0.3115296 -0.5048493 242441585954453
0.40160656 -0.3450073 -0.40611607 242441606095950
-0.0071305763 -0.29390237 -0.42718908 242441626237812
-0.2968812 0.36227888 -0.5630741 242441646379362
-0.20450474 0.62494123 -0.7356001 242441666520859
-0.11844145 0.3012989 -0.5081244 242441686662409
-0.25395057 -0.28368267 -0.17353529 242441706804062
-0.45016408 -0.16055071 -0.14390041 242441726946029
-0.6432206 0.33416831 -0.33090204 242441747087213
-0.60729325 0.281564 -0.29717866 242441767228971
-0.5152185 -0.04843405 -0.22502288 242441787370364
-0.056101065 0.06633853 -0.16948968 242441807512696
0.1448777 0.22461815 -0.2789486 242441827654089
0.6425589 1.712795 -0.88367313 242441847795274
-0.24387735 1.0411432 -0.22986238 242441867936719
-1.1168947 -3.262588 1.2319204 242441888078477
0.6012784 -1.526687 1.0292289 242441908220026
1.9847995 1.7274978 1.2162757 242441928361731
1.8794689 3.132618 2.4312406 242441948503386
1.6034946 3.9781528 2.1496596 242441968644935
-0.9295531 0.6845796 2.3262572 242441988786537
-2.3200843 -3.9495213 3.1688533 242442008928034
