0.59772044 -1.0743674 0.68229926 242506603036445
-0.43538585 -1.3490434 0.18786417 242506623177994
-0.7675024 -1.0078266 -0.60849696 242506643319544
-0.79104406 -0.46004373 -1.4420025 242506663461093
-0.80987763 -0.021850884 -2.1087458 242506683602955
-0.6874174 0.40324032 -2.5345974 242506703744400
-0.30725405 0.8224213 -2.458116 242506723886002
-0.55461186 0.6246846 -2.2044933 242506744027551
-0.6845374 0.525504 -1.9806792 242506764169154
-0.3447635 0.45591658 -1.6421643 242506784311171
0.3845632 0.15277414 -1.1544385 242506804452721
0.37924215 0.04172162 -0.80304897 242506824593490
-0.14619914 0.25737777 -0.5410599 242506844735767
-0.3876065 0.5731858 -0.38618958 242506864877109
-0.19348592 0.3075972 -0.31653273 242506885018867
0.20173949 -0.38533446 -0.29565686 242506905160416
0.37944147 -0.5443119 -0.40791076 242506925302175
0.21526217 -0.12899318 -0.516257 242506945443932
0.032026142 0.47785956 -0.52852124 242506965585325
-0.011043847 0.96984607 -0.5865296 242506985726823
-0.008217245 1.2794894 -0.63365513 242507005868632
-0.110667944 -0.23073278 -0.3702198 242507026009921
-0.0654127 -1.3828757 -0.31268105 242507046151731
0.19643813 -0.79284275 -0.07516979 242507066293072
0.409849 0.2837781 0.012919493 242507086434934
0.23607266 1.7959391 -0.07723111 242507106576328
-0.18787876 1.1832613 0.22194757 242507126718137
-0.63127947 -0.860401 0.5044227 242507146859531
-0.21590033 -1.7306448 0.7097269 242507167000663
0.19906566 -0.7232132 0.7493673 242507187142265
0.18971643 0.7628391 0.7886805 242507207283866
-0.1851068 0.9992667 1.1742488 242507227425520
0.24253672 0.0979732 1.9336945 242507247567018
0.990216 -0.25401598 2.1563587 242507267708776
0.5131773 -0.77008694 1.9625793 242507287850325
-1.2052757 -2.339761 1.7189803 242507307991926
-1.444551 -2.820836 1.6215715 242507328133528
0.20139381 -0.65218323 1.1496136 242507348275078
1.3142709 1.3576149 0.67354447 242507368416575
0.6884512 0.5517448 0.64038515 242507388558854
-0.8765334 -1.5863718 0.775501 242507408700038
-1.3369443 -2.5564506 0.521254 242507428841692
0.86884195 -0.23810653 -0.22057904 242507448983086
0.29971904 1.4095478 -1.1710776 242507469124844
-1.3933377 -1.0386006 -1.0068753 242507489266340
-0.3681388 -1.6517599 -1.0669812 242507509407839
0.4437732 -0.50461847 -1.4035943 242507529549699
1.3868079 0.69790995 -1.934098 242507549691302
1.8172991 2.5023649 -1.8882592 242507569832696
0.4233275 1.5909622 -1.5404683 242507589974348
