-0.44440508 1.6579993 -2.0855024 242492906732332
0.054383695 0.6929905 -1.7789565 242492926873725
0.4534237 -0.07900977 -1.5337248 242492947015170
0.77264094 -0.69661796 -1.3375453 242492967156721
0.64788127 -0.5698974 -1.0653441 242492987298477
0.37796372 -0.19071987 -0.79602844 242493007440079
0.24129541 -0.13433777 -0.5884532 242493027581629
0.08215934 -0.09454685 -0.42145228 242493047723230
-0.1788868 0.19440301 -0.27855462 242493067864832
-0.38773328 0.42556784 -0.16421801 242493088006538
-0.6246972 0.3419654 0.057028823 242493108147983
-0.45079637 0.22828391 0.11666039 242493128290105
0.009423867 0.36618742 0.07597616 242493148431291
0.31198388 0.77314556 -0.03520289 242493168572996
0.080443196 0.3934363 0.23203659 242493188714598
0.123297684 -0.1600672 0.32218495 242493208856251
0.17861474 -0.27209547 0.49156594 242493228997644
0.22116932 -0.17198272 0.47574723 242493249139194
0.24805796 0.38545978 0.5766324 242493269280951
-0.49312258 0.4891683 0.76686835 242493289422657
-0.7684157 0.021236151 0.8862401 242493309564207
-0.5516552 0.02264908 0.8700862 242493329706069
-0.19366455 0.06715435 0.87479657 242493349847670
0.64861363 0.07932615 0.9319865 242493369989064
1.3968517 -0.12925619 0.92165333 242493390130822
1.7118127 -0.09937385 0.7502712 242493410272319
0.78263235 0.04268615 0.5959311 242493430413712
-0.70621216 -0.7850596 0.80575216 242493450555573
-0.12882376 -2.0061772 1.3761151 242493470696968
1.3500386 -1.1111915 0.8511422 242493490838465
1.104987 0.64778143 0.40049937 242493510980170
-2.0250297 0.4533316 0.7757356 242493531121824
-5.9281893 -1.6539245 1.1624796 242493551262645
-3.8838305 -2.62303 0.25691473 242493571404246
0.67124367 -0.4116169 -0.83611965 242493591545847
1.9682882 1.9745879 -1.355155 242493611687605
0.43528014 2.2729151 -0.9287817 242493631829154
-0.8832637 -0.24236937 -0.35352135 242493651970704
0.24920933 -0.51999235 -1.2520559 242493672112357
3.1565824 -0.37751615 -1.5030818 242493692253908
