0.16900542 -0.27262586 -0.6807539 242542495369225
0.1815481 -0.11003448 -0.63591367 242542515510826
0.19159335 0.020043634 -0.600043 242542535652480
0.19962946 0.12410628 -0.5713464 242542555794030
0.06128028 0.7845738 -0.63176894 242542575935578
-0.24539301 1.2100059 -0.6670338 242542596077233
-0.55514646 1.0923762 -0.6305561 242542616219198
-0.21025085 0.36240888 -0.290119 242542636360696
0.3975212 -0.24363343 -0.018815272 242542656502557
0.36429107 -0.31646362 -0.07317968 242542676644264
-0.046434283 -0.41108924 0.12701213 242542696785658
-0.080374494 -0.51443297 0.5142202 242542716928925
0.4463144 -0.17225227 0.6764771 242542737068965
0.5623772 0.6921665 0.8628334 242542757210566
0.18225417 1.2973568 1.3917851 242542777352063
-0.16666128 1.2455881 1.8402016 242542797493613
-0.32440442 -0.8293028 2.094038 242542817635371
0.27149892 -2.8421834 2.352653 242542837776972
1.2524209 -1.6621451 2.3505964 242542857918470
1.9103091 0.079464674 2.1354938 242542878060019
0.21916515 2.5011325 0.40803492 242542898201672
-1.7830783 0.58671707 -0.1406472 242542918343222
-1.6364428 -2.914188 0.17333484 242542938484772
-0.9796109 -3.4142864 0.28957635 242542958626321
-0.75090235 -0.54351646 -0.46726465 242542978768131
-1.0012641 2.234769 -1.3206458 242542998909576
-1.225893 2.2006323 -1.5716755 242543019051335
-1.2855827 -0.11010969 -1.0920401 242543039192570
-0.8016545 -2.0075006 -0.6311586 242543059334538
0.17660889 -1.6103113 -0.60447276 242543079476139
0.51483744 0.40534037 -0.89930695 242543099617792
0.3728493 1.3093466 -0.90378344 242543119759289
0.04415244 1.0769649 -0.8604826 242543139900891
0.13792914 0.48068374 -0.65782815 242543160042597
0.45553845 -0.14013411 -0.44710988 242543180184199
0.8842728 -0.066545725 -0.41543543 242543200325696
0.42971095 0.4751618 -0.2882989 242543220467297
-0.7559042 0.6502038 -0.7930269 242543240608587
0.66571546 2.607492 0.048967183 242543260750187
-1.3981512 0.7395332 -0.4348476 242543280891946
-1.1357872 -3.3008518 0.5906441 242543301033339
0.7176296 -2.9607744 0.5584988 242543321174941
0.6489479 -1.9374751 0.4032051 242543341316960
0.27010342 0.3637607 -0.42947245 242543361458300
0.5741451 4.123851 -0.91557336 242543381599694
-0.96527743 4.687544 -1.3532279 242543401741451
-1.1101367 1.5350605 -0.7806067 242543421883000
