-0.12901872 -2.073095 -0.013087422 242438987688424
1.0123003 -1.9764285 0.08417976 242439007830287
0.58604085 -0.38386646 -0.13083217 242439027971628
0.17945187 0.18565843 -0.08220735 242439048113281
-0.14584461 0.6413235 -0.04330767 242439068254726
-0.40002996 0.98980385 -0.011550784 242439088396381
0.05390469 -0.47055227 0.092315376 242439108537930
0.26760396 -1.2329464 0.49536934 242439128679531
0.18753767 -0.46660963 0.47191054 242439148821237
-0.33556715 -0.20812932 0.5875832 242439168962786
1.8468412 4.262801 0.6404743 242439189103764
2.8388386 6.608387 0.6736436 242439209245364
-4.6765656 -5.9059415 0.9688163 242439229387071
-1.5198275 -5.8566074 2.2390742 242439249528620
1.9744743 -2.9385352 1.8189702 242439269670222
1.5882106 -1.4771729 2.1603196 242439289811771
1.403944 0.40856463 2.0807977 242439309953580
-0.099446215 0.0037133098 1.5400729 242439330095078
-1.091396 -2.4192708 1.5121015 242439350236888
0.57628775 -3.0564754 1.2957662 242439370378385
1.0079755 -1.9803808 0.6369195 242439390519778
0.82026744 0.96714437 0.111473665 242439410661433
-0.91087264 3.5425532 -0.9817828 242439430802982
