0.8206052 -0.58971953 -1.4345896 242475162021560
0.4454881 0.13478707 -1.2323468 242475182163111
0.14537877 0.7143984 -1.0705565 242475202304765
-0.094687074 1.1780338 -0.94110435 242475222446261
-0.28675017 1.5490005 -0.83756256 242475242594374
-0.20279787 0.7202425 -0.45790824 242475262729464
0.13937429 -0.9142378 0.026478738 242475282871223
0.33496392 -1.7195995 0.23680714 242475303012720
0.12071715 -0.9654262 0.06720933 242475323154270
-0.11349579 -0.044799615 -0.19701804 242475343295975
-0.16591848 0.0030639544 -0.23368113 242475363437421
0.11378924 -0.333479 -0.17703888 242475383579074
0.37533778 -0.3818663 -0.2266439 242475403720155
0.24936745 0.3232873 -0.4573189 242475423861704
0.00946328 0.96586114 -0.60364926 242475444003826
-0.06774667 1.103068 -0.6269645 242475464145481
-0.12150532 0.53023034 -0.5215749 242475484286560
-0.26727402 -0.360608 -0.3765135 242475504428423
-0.43972036 -0.840354 -0.46746483 242475524569713
-0.38909057 -0.8870301 -0.51676255 242475544711522
-0.29801965 -0.79473364 -0.5435361 242475564853540
-0.35101086 0.2898152 -0.7985269 242475584994985
-0.32172674 0.72546405 -0.7244626 242475605136847
0.2998982 0.79825336 -0.69318926 242475625278396
0.61150336 0.7915877 -0.6123749 242475645419373
0.33695447 0.78392965 -0.4337804 242475665560924
-0.26349992 0.64786094 -0.26147807 242475685702576
-0.43201098 0.13810489 0.068785146 242475705844127
0.28158054 -0.42092833 0.63323486 242475725985832
0.81824064 0.07267803 1.4735577 242475746127277
-0.10881592 1.0295348 2.2762704 242475766268983
-1.5226687 1.2249699 2.4448164 242475786411314
-1.6213186 0.61207104 2.713569 242475806552863
-0.14428413 -0.6964607 3.3191857 242475826694360
1.1941972 -0.53597903 3.745389 242475846835441
0.8516643 0.82101846 2.5922148 242475866976938
-0.012553453 0.08227968 1.9497898 242475887118489
0.42012465 -2.1117003 2.2264645 242475907260089
0.7273189 -2.338293 1.8015692 242475927401899
-0.27432293 -0.6439421 0.34611377 242475947543396
-1.30054 -0.22244233 -1.0418475 242475967684842
-1.5488744 -1.4102979 -1.8312182 242475987826757
-1.115544 -1.319676 -2.2626247 242476007968253
0.11845803 1.4691042 -3.0533519 242476028109803
0.3253827 2.943274 -3.155655 242476048251404
-1.4035537 -0.5486587 -2.5142214 242476068392902
-1.0104861 -2.461616 -1.5952017 242476088534608
0.6796663 -1.0372283 -1.2615943 242476108676210
1.7276636 1.1470146 -1.5340004 242476128817706
1.9090762 3.6818488 -1.188772 242476148959516
-0.11257297 2.8017783 -0.5419015 242476169100910
-0.9972719 0.5681295 -0.024238408 242476189242928
