-0.39546245 -1.2335458 0.17837682 242477095588077
-0.37263697 -0.7823466 0.03685026 242477115729522
-0.35437292 -0.42139852 -0.07636842 242477135871073
-0.33976525 -0.13262871 -0.16694558 242477156012569
-0.32807836 0.098389685 -0.23939595 242477176154171
-0.34576005 0.3781082 -0.16931808 242477196295772
-0.058793306 0.64320165 -0.30594805 242477216437374
0.33822882 0.38108432 -0.36607862 242477236579183
0.43919402 -0.19355401 -0.46670523 242477256720577
-0.03508815 -0.14069556 -0.5077468 242477276862387
-0.63688713 0.22176315 -0.46891704 242477297003780
-0.5875707 0.2676517 -0.43678933 242477317145903
-0.050512277 -0.066442505 -0.2459403 242477337287036
0.29536948 -0.015471946 -0.3220803 242477357428065
0.44517916 0.34851485 -0.23124228 242477377569561
0.388712 0.4404185 -0.21832147 242477397711320
-0.06030958 0.2776049 -0.12885013 242477417852816
-0.41430897 -0.1363534 -0.037042864 242477437994523
-0.09436704 -0.5851483 0.32353586 242477458136176
0.16025376 -0.5812862 0.9854092 242477478277517
0.39407152 0.41176417 1.5616888 242477498419328
0.44805068 2.914402 1.9423137 242477518560928
0.27738845 2.6987622 1.9093989 242477538702530
0.38434887 -0.39984098 1.8549726 242477558844027
0.17637265 -3.8810742 1.8154012 242477578985630
0.37954468 -4.0763316 1.921401 242477599127231
0.6470815 0.33712053 2.1551929 242477619268780
-0.81634486 3.6289146 0.9733446 242477639410538
-1.480925 3.938787 0.12304926 242477659552139
-0.34276956 -0.17657524 -0.17580423 242477679693638
1.0439622 -5.4342012 -0.5463909 242477699835394
1.338196 -6.2301183 -0.838063 242477719976841
0.5343317 -2.3335345 -0.93448657 242477740118442
-0.62733483 1.6187047 -2.1237273 242477760260304
-2.3308566 4.361729 -1.8518187 242477780401802
-2.917727 2.1699257 -2.5879328 242477800543195
-0.27341533 -1.6106262 -1.2274808 242477820685474
1.6547449 -2.379128 -0.620728 242477840826919
1.3624622 -0.21483225 -0.96375865 242477860968676
0.048211634 1.9973576 -0.9034176 242477881110226
-0.73211515 2.5205464 -0.7613843 242477901251671
-0.35070962 1.9219296 -0.71371746 242477921393482
0.38120905 0.4733614 0.012044579 242477941534978
