-3.0192204 1.0855273 -1.2130382 242455725377774
-1.9750896 1.025584 -1.6685785 242455745518907
-1.1397758 0.9776425 -2.0330043 242455765660404
-0.47151786 0.9392785 -2.3245573 242455785802161
0.06308168 0.9085981 -2.5577874 242455805943815
0.055707812 1.3827382 -2.6541722 242455826085417
0.49093014 1.1745636 -2.2879431 242455846226966
1.1507682 0.6123649 -1.8082671 242455866368516
1.3461097 -0.08401394 -1.1729282 242455886510222
0.7300455 -0.5600496 -0.49692217 242455906652032
-0.17940457 -0.56352043 -0.078205526 242455926793372
-0.5311447 -0.78960174 0.23107028 242455946934974
-0.2899862 -0.84435225 0.36085063 242455967076263
0.07680622 -0.7271381 0.27156794 242455987217605
0.2833007 -0.7620135 0.25159666 242456007359363
0.004235491 -0.42713273 0.29366922 242456027501120
-0.056800485 -0.05427226 0.11791043 242456047642357
0.012228429 0.5023578 -0.06386949 242456067784010
-0.0022106618 0.5493342 -0.15470694 242456087925560
-0.119719766 -0.10823786 -0.21687229 242456108067370
-0.24977139 -0.62226635 -0.2702654 242456128209544
-0.31713274 -0.5436125 -0.3421691 242456148350781
0.2314375 0.2632903 -0.49886003 242456168492019
0.8534013 1.0431783 -0.7998314 242456188633621
1.1564143 1.0716343 -0.8811559 242456208775170
0.37784085 0.18375227 -0.5704193 242456228916771
-0.3192283 -0.6944107 -0.19095851 242456249058424
-0.20343044 -0.75343865 0.024592668 242456269200079
0.35198617 0.30683535 0.0051326826 242456289341680
0.5450531 1.0448147 -0.048378214 242456309483750
0.34124795 0.2935838 0.18317305 242456329625300
0.12009907 -0.65853727 0.38905194 242456349767005
-0.5858771 -0.96247864 0.60480344 242456369908346
-0.9190681 -0.23631987 0.74829865 242456390050052
-0.56676316 0.018442303 0.96828496 242456410191550
0.078137025 0.20164733 1.1717378 242456430333203
1.067736 -0.14281332 1.5263987 242456450474961
0.70312524 -0.18956754 1.4294387 242456470616093
-0.727177 -0.46649832 0.99644244 242456490757591
2.1400948 -0.31448287 0.90237176 242456510871589
-2.614122 -0.7603465 -0.05576092 242456531012981
-3.88028 -3.0610838 2.6164348 242456551154948
1.1850941 -1.7791636 1.0201638 242456571296653
-0.071372256 0.6059705 0.81070626 242456591438099
-3.4862256 -0.9053416 0.89476514 242456611579804
-1.4531887 -3.218008 0.9075233 242456631721041
1.1852405 -1.1240523 -0.003689468 242456651862748
