-1.4577839 0.617524 -0.24730182 242528597660057
-0.18073994 0.38128445 -0.42093417 242528617801658
-0.03699091 0.22237974 -0.35946968 242528637943104
0.07800454 0.09526749 -0.3102969 242528658084705
0.1700157 -0.0064297393 -0.27096334 242528678226307
-0.06041311 0.23355705 -0.16906253 242528698367961
-0.28568757 0.41878465 -0.15581176 242528718509614
-0.2287126 0.3916681 -0.23543367 242528738651216
0.008790292 0.07706827 -0.23989001 242528758792921
0.21188417 -0.1726987 -0.18077862 242528778934471
0.432014 -0.13001488 -0.20394766 242528799075968
0.56746113 0.13274303 -0.22021225 242528819217571
0.3576122 0.16146106 -0.18917319 242528839359224
-0.08741862 -0.30381423 -0.041163556 242528859500773
-0.3677498 -0.43306416 0.17664617 242528879642480
-0.24482346 -0.5574478 0.40592998 242528899784028
0.064213246 -0.7611018 0.54523313 242528919925578
0.89747286 -0.07559608 1.1207381 242528940067440
0.38516337 0.8177422 1.782057 242528960208990
0.4613922 0.2707989 1.7988617 242528980350538
0.67673075 -0.4086597 1.6732938 242529000492192
0.57900184 -1.003363 1.3732792 242529020633846
-0.9158652 -0.14461198 1.6035733 242529040775344
1.5544806 -0.26230827 1.2793669 242529060916997
1.457572 0.67383164 1.1159368 242529081058182
-2.1900353 0.68146557 1.4066509 242529101199679
-4.2438726 -0.22040424 1.98366 242529121341333
-2.2163885 -1.1604588 1.2129749 242529141483039
1.3541511 0.1508339 -0.17901713 242529161624589
2.0000515 2.2078276 -1.0246124 242529181766554
0.16812187 2.851221 -0.9477701 242529201908000
