-0.4020167 -0.99619716 0.07791336 242510450082447
-0.31646878 -0.55905473 0.09165117 242510470223893
-0.24802724 -0.2093521 0.10264426 242510490365442
-0.19327722 0.070421234 0.11143594 242510510507252
-0.12310436 -0.19851947 0.1254584 242510530648697
-0.016626358 -0.32346466 0.07004185 242510550790352
-0.18356521 0.11993811 -0.1016192 242510570931900
-0.34254852 0.36063397 -0.1605883 242510591073606
-0.4037684 0.29979062 -0.09876485 242510611215207
-0.20077531 -0.38702837 -0.04288262 242510631356966
0.26465002 -0.17825831 -0.15080625 242510651498411
0.7328179 0.6867472 -0.29483795 242510671639856
0.6781645 1.3062141 -0.42395097 242510691781510
-0.06778774 1.0008231 -0.1847304 242510711922538
-0.38817757 -0.6448524 0.21821024 242510732064141
-0.063765764 -1.5063933 0.3594615 242510752205794
0.4632768 -1.1359468 0.18737307 242510772347396
0.65590036 0.39405382 -0.18736956 242510792489154
-0.024929821 1.0567958 -0.27759635 242510812630650
-0.09562586 -0.32549053 0.38419235 242510832772252
0.06218177 -1.0637726 0.9622853 242510852914010
0.55593455 -0.006892562 1.3521522 242510873055352
0.30687162 1.1880229 1.3232143 242510893196952
-0.043869585 0.28855067 1.481431 242510913338502
0.3429784 -1.0989416 1.9317384 242510933480259
1.0060031 -0.9689083 2.1020803 242510953621809
0.8090737 0.66812915 1.5205634 242510973763359
-0.66328526 0.03797084 1.3621526 242510993905065
-1.7477921 -3.4675603 1.5535332 242511014046459
-1.3155117 -5.1586614 1.7318491 242511034188268
-0.5037102 -2.968124 0.6223172 242511054329818
-0.21991302 0.7438604 -0.82843655 242511074471367
-0.18036935 2.7023945 -1.914444 242511094613072
0.055018514 2.2404304 -1.9527328 242511114754570
0.062326394 0.20348984 -1.3946838 242511134896692
-0.3994338 -1.3108513 -1.080528 242511155038295
-0.7762521 -0.84646875 -1.2433673 242511175179374
-0.18730235 -0.19551829 -1.5768968 242511195320976
1.1935657 1.9371115 -2.6542614 242511215462525
3.0376332 4.770753 -1.3518271 242511235604232
-1.4180456 0.24980998 -0.9340688 242511255745728
-0.4227444 -3.5569835 0.6107611 242511275887487
1.5114717 -2.56476 0.81773174 242511296029089
-0.121480405 -1.3256855 0.46072873 242511316170533
-0.566974 -0.11749136 0.32578465 242511336312239
0.88135594 2.2135298 -0.4410112 242511356453736
0.34323424 2.3742735 -0.35887375 242511376595390
