-1.6356103 0.67563266 -0.69346535 242409520539753
-0.7989224 0.3124798 -1.0799133 242409540681251
-0.12959953 0.02198428 -1.389055 242409560822904
0.40586144 -0.21041897 -1.6363523 242409580964402
0.81149757 -0.3824603 -1.8467977 242409601105953
-0.16744687 0.29377073 -2.3870144 242409621247553
-0.5726819 0.439081 -2.2514737 242409641389155
-0.71258026 0.2903415 -2.0024076 242409661530861
-0.56012297 0.22080535 -1.834082 242409681672410
-0.040374324 0.52162254 -1.7287402 242409701814376
0.26359522 1.0127583 -1.6181133 242409721955926
-0.15664133 0.8794156 -1.273049 242409742097214
-0.48120528 -0.18287456 -0.9641653 242409762239180
-0.12128833 -1.0490681 -0.80466026 242409782380575
-0.07533676 -0.8343842 -0.84862655 242409802522072
-0.20724821 -0.008584291 -1.0204467 242409822663934
0.14390042 0.8217193 -1.1047444 242409842805274
-0.008028686 1.5665168 -1.1739557 242409862946772
-0.23959851 1.072383 -0.86199635 242409883088530
0.29378217 -0.13190398 -0.17284593 242409903230392
0.8521377 -1.0648671 0.43710557 242409923371682
0.18926404 0.74310553 0.4096474 242409943513230
-1.2755544 1.9253561 0.48702127 242409963654572
-0.5456723 1.1524696 1.3985746 242409983796017
1.3141855 0.8855492 2.6880083 242410003937514
2.2879815 0.14040446 4.161297 242410024079116
-0.5752169 -1.2432748 4.7534304 242410044220561
-0.7133856 -1.1396319 4.929434 242410064362422
0.27046695 -1.1254475 4.5329 242410084503868
0.20752326 -1.3355567 3.7143748 242410104645627
0.6043664 -0.6972736 2.3706746 242410124787279
1.380289 0.59358674 1.3921852 242410144928674
0.38788006 1.3703272 0.25230312 242410165070587
-1.4213856 0.7198813 -0.62691617 242410185212084
