-0.9973179 0.86540985 -0.26836222 242530309696139
-0.6663072 0.633081 -0.25394782 242530329838052
-0.40150717 0.44722658 -0.24239911 242530349979446
-0.18966956 0.29853162 -0.23317271 242530370120994
-0.020183869 0.17957802 -0.22578546 242530390262701
0.115394086 0.08441228 -0.21987069 242530410404145
0.16769889 0.50838184 -0.4258991 242530430545748
0.4055775 -0.12533799 -0.4873663 242530450687401
0.59586716 -0.6322817 -0.53651917 242530470828951
0.6509585 -0.37018383 -0.4121889 242530490970501
0.44991186 0.1517492 -0.35428232 242530511112518
0.22901514 0.5423851 -0.32286012 242530531254016
-0.040280327 0.32937205 -0.26260772 242530551395512
-0.08070719 -0.16323623 -0.12961943 242530571536906
0.20705764 -0.75681865 -0.28150803 242530591678664
0.6346842 -0.9453083 -0.1916389 242530611820266
0.58498 -0.32888746 -0.051495135 242530631961555
0.1389375 0.03448411 0.14075214 242530652103416
0.12208954 0.007665282 0.5499561 242530672244862
0.33744454 -0.5172308 1.1945654 242530692386619
1.1753442 -0.63526523 1.5477946 242530712528169
1.5847178 -0.14734551 1.8016654 242530732669770
0.8100523 1.2163737 1.6994026 242530752811164
-1.168629 1.2404892 2.1411433 242530772952714
-2.8901181 0.10334724 2.8824315 242530793094419
-0.3749479 -1.7340248 1.7217959 242530813235917
3.963797 -0.5429479 0.3863433 242530833377570
3.7313514 1.0161927 0.4303441 242530853519276
-1.0268712 0.43687305 0.59959257 242530873660565
-2.1401815 -0.56472754 0.33530533 242530893802375
-1.2650926 -0.72382116 0.38092315 242530913944392
-2.0154686 1.47461 -0.26160228 242530934086047
-2.1220083 2.8756661 -0.24921292 242530954227180
-2.6727798 1.1479492 -0.3640079 242530974368886
-0.3479951 -0.13192286 -0.80773395 242530994510279
1.7243989 -0.14410841 -1.4386163 242531014652036
1.6513944 0.6411026 -2.060004 242531034793430
