-0.30131847 -0.15867165 -0.09459346 242491396112267
-0.9530133 -0.4695735 0.028942138 242491416253555
-1.2440853 -0.5944041 0.07898381 242491436395053
-0.81836265 -0.33989388 -0.020461038 242491456536707
-0.4777679 -0.1362826 -0.10002099 242491476678257
-0.20531508 0.026593521 -0.16366185 242491496819858
-0.2859044 -0.2768392 -0.2704221 242491516961459
-0.17634636 -0.54684985 -0.34753177 242491537103114
-0.058097884 -0.7570427 -0.40682805 242491557244975
0.85802114 0.2766381 -0.56068945 242491577386316
0.8744396 0.49953064 -0.45472765 242491597527396
0.33642104 0.30917737 -0.14954185 242491617669102
-0.2750384 -0.27091935 0.20917067 242491637810652
-0.2822776 -0.46395448 0.41780174 242491657952879
-0.018517978 0.3141448 0.36973676 242491678094220
0.16346419 0.84599465 0.43201652 242491698235769
0.034949154 0.5545928 0.46594888 242491718377580
-0.42815492 -0.14152879 0.7463898 242491738519025
-0.67537737 -0.76976013 1.2529817 242491758660418
-0.025839984 0.012997687 1.5986123 242491778801811
0.8815727 1.1954378 1.375221 242491798943464
0.98991853 1.2301764 1.1870328 242491819084911
0.1014691 -0.6330074 1.2004151 242491839226771
0.2401526 -1.8885889 1.5078338 242491859368270
1.5339272 -1.647464 1.8117003 242491879509766
1.658845 0.6769471 1.1263477 242491899651316
-2.2694304 0.15257108 0.980427 242491919793021
-6.773897 -2.7143447 1.009756 242491939934936
-6.272034 -3.4802685 0.8907577 242491960076954
-2.3764393 1.0809882 -0.30725008 242491980218764
1.692544 0.7811359 -2.4814384 242492000359950
3.269753 0.30689615 -3.04971 242492020501030
2.7298844 1.1919898 -2.160367 242492040642579
2.8337703 0.42168474 -2.23301 242492060784076
1.3581407 -0.508125 -0.7490994 242492080925887
-2.8089662 0.91849345 -0.13096559 242492101067437
-2.2891283 0.023701191 -0.17217219 242492121209350
-0.031319246 -0.6876382 -0.6088268 242492141350588
2.0981536 -1.2463987 -0.8295741 242492161492292
5.3564186 -0.2054162 -1.0664935 242492181634207
2.645543 1.1897722 -0.947153 242492201775339
