-0.6014025 -0.40030318 2.265556 242430306641845
-0.7157286 -0.24474978 1.4403932 242430326783445
-0.8072207 -0.12029716 0.7802197 242430346925464
-0.8804115 -0.020749569 0.2520956 242430367066492
-0.9389359 0.058893025 -0.17037539 242430387208250
-1.4181045 0.34877148 -0.5104346 242430407349697
-1.6840965 0.83105266 -0.8305149 242430427491349
-0.47124824 0.95689356 -1.155589 242430447632951
0.33504623 0.678103 -1.3806788 242430467774709
0.40017685 -0.14566207 -1.4231591 242430487916363
0.33563316 -0.57424843 -1.4169984 242430508057756
0.7072227 -0.19155443 -1.4715617 242430528199409
1.5170243 0.62807846 -1.674629 242430548340490
1.9742826 0.78277546 -1.6551428 242430568482092
1.2690454 0.09154916 -1.0329546 242430588623642
0.30105385 -0.59603906 -0.45449835 242430608765243
0.39645937 -0.39156693 -0.35321268 242430628906896
0.9037546 0.31140307 -0.43855333 242430649048497
0.45441908 0.16536096 -0.10798925 242430669190048
-0.14328411 -0.48850697 0.33668315 242430689332326
-0.49186978 -1.0590439 0.64828 242430709473823
0.027734071 -0.6324233 0.4419557 242430729615321
-0.09881596 0.39420635 0.12928194 242430749756402
-0.5268192 0.104108706 0.16579595 242430769898107
-0.5952116 -0.31339452 0.17655712 242430790039604
-0.037568368 -0.2618013 -0.012463696 242430810181311
0.48917645 0.0069624633 -0.33106393 242430830323380
0.4829892 0.10709819 -0.43766758 242430850464930
-0.207358 0.14756489 -0.37329015 242430870607001
-0.63977647 -0.051302068 -0.30079818 242430890748342
-0.08199669 -0.14700976 -0.5130997 242430910889162
0.8723553 -0.054831058 -0.8149103 242430931030867
0.9781836 -0.22631016 -0.60703003 242430951172418
0.6502795 -0.5180045 -0.26741233 242430971314279
0.40511844 -0.36520588 0.28794098 242430991455776
-0.030358106 -0.19592422 1.131372 242431011597273
0.103894055 -0.39967632 1.4942515 242431031738771
0.9753965 0.006548494 0.88816524 242431051880477
1.2779206 0.34061423 1.1716337 242431072022078
-2.911151 -0.4236591 2.290011 242431092163837
-4.1272087 -2.1569257 2.94725 242431112305282
-1.3561093 -1.217797 1.6726034 242431132446831
0.6864036 0.5689627 0.5689885 242431152588432
-0.2734016 -0.07818839 0.30757755 242431172729982
-2.2702556 -1.0093727 0.57666487 242431192871688
