1.3012117 -3.8321178 5.147675 242440236467826
0.5198219 -2.2337549 3.8429646 242440256609324
-0.105290174 -0.95506436 2.799197 242440276750820
-0.60537535 0.06787735 1.9641864 242440296892474
-1.005448 0.8862416 1.2961737 242440317034023
-2.2271981 -1.6287439 0.40878764 242440337175677
-1.346388 -1.8179 -0.47199768 242440357317278
-0.4139426 -1.7095861 -1.1906934 242440377459036
-0.20344214 -0.16856718 -1.9967886 242440397600534
-0.38009495 0.17543155 -2.1345048 242440417742135
-0.5635987 -0.18944848 -1.991737 242440437883685
-0.1511974 -0.6226904 -2.01144 242440458025390
0.36465442 -0.091792375 -1.9462906 242440478166472
0.3434748 0.7356937 -2.0034642 242440498307916
0.8505689 1.8225013 -1.7993447 242440518449466
1.2784064 2.2341633 -1.5148491 242440538591172
0.58843076 0.9763997 -1.0563284 242440558732721
0.30000326 -0.24652964 -0.51662266 242440578874427
0.48786077 -0.65880615 -0.2468735 242440599016497
0.55375886 -0.295312 -0.13324492 242440619157630
0.42259836 -0.07315624 -0.06695082 242440639299075
0.12254007 -0.1484198 -0.0255089 242440659440781
-0.07513347 -0.14190717 -0.055836525 242440679582955
-0.27712274 0.18905556 -0.19158019 242440699723932
-0.32919982 0.250967 -0.19406652 242440719865483
0.013307527 -0.3103903 0.032898113 242440740007292
-0.4363445 -0.8323226 0.25055218 242440760148893
-0.52146447 -0.86193734 0.13400513 242440780290494
-0.37068808 -0.10261373 -0.16446011 242440800432044
0.15801737 1.1661747 -0.60133046 242440820573489
0.656229 1.542655 -0.68072563 242440840715196
0.6385579 1.319195 -0.25054872 242440860856954
0.16408336 0.9236311 -0.036141932 242440880998502
-0.22159457 -0.4040987 0.24301659 242440901316719
-0.08244679 -0.5850933 0.45921925 242440921281654
-0.6818626 -1.0447581 0.49840814 242440941423308
3.0328624 3.1269183 0.64732164 242440961564856
-1.1817935 -0.879215 0.25418496 242440981706407
-0.81034625 -5.5009604 3.2128437 242441001847956
1.4802034 -1.6002924 2.0691476 242441021989662
-0.76105803 0.22200088 1.529799 242441042131368
-0.42637226 -0.30479288 1.4735143 242441062272761
3.0066795 1.0925723 1.9772276 242441082414466
