-0.86596483 -0.25521404 -1.9074042 242529242191464
0.19794083 0.19819883 -1.9279404 242529262332961
0.6785965 0.54291177 -1.79352 242529282474406
0.64584166 0.47670215 -1.5347239 242529302616164
0.34787476 0.0337533 -1.2388767 242529322757609
0.105424374 -0.2876003 -0.9997426 242529342899211
-0.06298022 -0.2797512 -0.72898227 242529363040865
-0.15821134 -0.14473979 -0.44885018 242529383182519
-0.2510637 -0.122714184 -0.25979206 242529403324067
-0.22093323 -0.07269239 -0.23815751 242529423465565
0.016161561 -0.075510204 -0.30084193 242529443607218
0.20187706 -0.086178735 -0.35280102 242529463749393
-0.049869407 -0.071737185 -0.28918776 242529483890422
-0.58197093 -0.1553312 -0.13128316 242529504032180
-0.47931558 -0.13517253 -0.1816394 242529524173626
-0.024827942 0.032576002 -0.30569234 242529544315122
0.3280103 0.013425026 -0.42973495 242529564456568
0.23426601 0.2276148 -0.5320723 242529584598689
-0.38603312 0.45715952 -0.5070799 242529604739823
-0.9435637 0.15560962 -0.36643305 242529624881423
-0.16668709 -0.4912683 -0.46990788 242529645022973
1.2872094 -0.99075955 -0.7629373 242529665164993
1.5704595 -0.13966218 -0.72428685 242529685306438
0.051429458 0.5419955 -0.041113492 242529705448039
-1.2839183 0.38897264 0.66079086 242529725589588
-1.3857265 0.22951181 0.8648762 242529745731243
-0.43483582 0.046564806 0.6715406 242529765872582
0.183606 -0.16708869 0.7782806 242529786014289
0.61555064 -0.6492367 1.4878007 242529806155995
1.1487205 -0.3775258 1.8549529 242529826297440
0.8397509 0.25482515 1.7788095 242529846439041
-0.2441743 -0.5057876 1.9766436 242529866580643
-1.6029801 -1.9953443 2.047333 242529886722245
-0.39298737 -2.280725 1.8371416 242529906864210
0.7580909 -0.17900433 1.0389273 242529927005708
-1.0919528 1.5518557 0.71192026 242529947149445
-3.6546512 1.1179615 0.75448626 242529967288911
-3.720221 -0.006111145 0.8764839 242529987430618
-0.5946217 0.023566082 0.021939501 242530007572010
1.1625826 0.5977021 -1.019793 242530027713820
0.53468823 0.114611834 -1.1407623 242530047855265
-1.1670804 -0.10222851 -0.7152189 242530067997023
-2.0345464 0.65260386 -0.3808487 242530088138468
-0.5264022 0.03957572 -1.0890064 242530108279966
3.7478876 -1.3307695 -2.4271867 242530128421464
3.401583 -0.53507674 -2.2124312 242530148563273
-1.4400775 1.244179 -0.5123482 242530168704719
-2.855371 -0.013803065 -0.10245526 242530188846320
-1.0215591 -0.96845895 -0.5696969 242530208987714
1.1897211 -1.7121738 -0.7995388 242530229129523
2.0426672 -0.39100465 -1.004177 242530249270917
0.73014843 0.2994911 -0.42082915 242530269412570
