0.2526309 0.07526731 0.7875906 242429420411323
-0.10901612 -0.022815943 0.2827942 242429440553603
-0.39832965 -0.101293966 -0.12104476 242429460694422
-0.62978464 -0.16406488 -0.44411492 242429480836024
-0.8149682 -0.21429668 -0.7026025 242429500977782
1.2805284 0.19909546 -1.4873953 242429521119227
1.2842034 0.38379714 -1.7046937 242429541260829
0.86654615 0.48288193 -1.7740412 242429561402430
-0.31714225 0.72298044 -1.399799 242429581544084
-0.7943963 0.14234921 -1.196032 242429601685893
-0.65147656 -0.79212946 -1.2215041 242429621827340
0.49799243 -1.285341 -1.1224931 242429641968836
0.9105366 -0.5910066 -0.7453935 242429662110125
0.022850305 0.22550349 -0.36942917 242429682251571
-0.7769156 0.694874 0.09700337 242429702393329
-1.2581758 0.72770166 0.22301602 242429722534773
-1.0180652 0.002529204 0.15938559 242429742676949
-0.46797937 -0.6740689 -0.0016636401 242429762818446
0.10260075 -0.45250705 -0.07819289 242429782960099
0.60533553 -0.01188913 -0.26728514 242429803101701
1.0271926 0.31058195 -0.47469738 242429823243407
1.2537972 0.28953204 -0.6658329 242429843385060
0.72339267 -0.11284241 -0.5550314 242429863526089
-0.43009 -0.43737334 -0.2610969 242429883667535
-1.1024901 -0.28085718 0.030410528 242429903809188
-0.58072764 0.21006295 -0.1285077 242429923950894
0.3212899 0.30314982 -0.45592362 242429944093121
0.66116107 0.050454378 -0.6368701 242429964234513
0.38822776 -0.12780249 -0.5992017 242429984376271
0.18875971 0.13737184 -0.53358924 242430004517091
0.09217174 0.3570376 -0.37850872 242430024658954
0.11910601 0.2650878 -0.276699 242430044800346
0.3890387 0.11758943 -0.29079807 242430064942000
-0.0038574636 0.039803647 -0.29777735 242430085083707
-0.58418655 -0.089917734 -0.06785144 242430105225204
-0.63663507 -0.016304292 -0.072321236 242430125367847
4.256395 -1.1764815 0.15440178 242430145508927
0.2883083 0.56619453 0.5599932 242430165650008
-3.4334836 0.34136748 3.6133003 242430185791713
-1.415174 -0.3514548 3.3348465 242430205933316
0.40016985 1.0342082 2.4650965 242430226074761
0.16329724 0.28449443 3.0102918 242430246216467
