-0.25030553 0.48454344 2.9458787 242428534181219
-0.064006686 0.13417387 2.5703273 242428554322456
0.08504534 -0.14613746 2.2698917 242428574464057
0.204287 -0.37038654 2.029543 242428594605711
-1.9302768 0.81813073 2.2952242 242428614747209
-2.8798952 1.7807802 1.981508 242428634888810
-1.113351 1.4209774 0.88550997 242428655030413
0.49889994 1.3107073 -0.26054963 242428675171961
1.6701914 1.1679577 -1.6027379 242428695313771
1.5636342 0.22213346 -2.404593 242428715455476
0.95373595 -0.32022452 -2.4517403 242428735596870
0.38228709 0.026157707 -2.208973 242428755738419
0.4981563 0.11698854 -2.1157613 242428775880178
0.44607776 -0.7219245 -1.8521061 242428796022040
0.4314133 -1.431821 -1.4970496 242428816163536
0.038084447 -1.2428812 -0.86615384 242428836304982
-0.3776787 -0.5276186 -0.32814622 242428856446375
-0.822897 -0.009537518 0.15088093 242428876588082
-0.78431386 -0.0884781 0.20261362 242428896729265
-0.5813391 -0.29526535 0.116606876 242428916870763
0.30053565 -0.6218484 -0.27372772 242428937012469
0.5279446 -0.7049369 -0.44034916 242428957153966
-0.17770205 -0.49381328 -0.32431757 242428977295464
-0.5615028 -0.103173934 -0.28678578 242428997437169
-0.30386332 0.565134 -0.46283293 242429017578615
-0.014975399 0.85690147 -0.5792529 242429037720425
0.29381958 0.6715417 -0.75822604 242429057861819
0.35185158 0.5938311 -0.85201585 242429078004148
0.04354182 0.48753813 -0.75620764 242429098145230
0.038149297 0.2712461 -0.60745054 242429118286727
0.25803497 0.29245347 -0.3724293 242429138428485
0.47899848 0.027275294 -0.20281377 242429158569983
2.2288396 -0.9598067 0.04509434 242429178711532
2.802795 -0.53098065 0.12669635 242429198853185
-0.14564228 0.63385 0.7001208 242429218994839
-3.4944057 0.72830725 1.5800259 242429239136805
-4.641696 -0.15277898 2.2201598 242429259278563
-2.0530655 -0.98593944 2.3131418 242429279420060
1.4883748 -1.2877252 2.1271966 242429299561871
3.6905036 -1.8639244 1.3301656 242429319702899
3.0333183 -0.53872585 1.2209418 242429339844449
-1.6813438 0.7292898 1.6764789 242429359985841
-5.8175364 -0.4366281 3.2444243 242429380127443
