0.62220615 -0.22670421 0.06253512 242541568856177
0.798294 -0.72740346 0.21648762 242541588997571
0.23378327 -0.29837182 0.076536275 242541609139329
-0.273192 0.10995279 -0.05605677 242541629280722
-0.6787392 0.43658468 -0.16212225 242541649422271
-0.50064105 -0.23269252 -0.09706438 242541669563925
-0.15942813 -0.63368905 -0.09975132 242541689705475
0.011058556 -0.20257846 -0.30584034 242541709847024
0.09434335 0.72961605 -0.62342006 242541729988678
0.15643328 1.0903254 -0.75975966 242541750130331
0.16829452 1.0345254 -0.7746686 242541770271934
0.2786754 -0.170452 -0.16549376 242541790413534
0.28733745 -0.84575355 0.384088 242541810554980
0.39624488 -0.038422227 0.35753092 242541830696529
0.09773786 0.9979323 0.1083433 242541850838027
-0.07854827 0.29962006 0.20315629 242541870980096
-0.22610873 -0.97302973 0.72314835 242541891121698
0.13503599 -1.7906387 0.96099615 242541911263300
0.3404254 -0.31379694 0.9883077 242541931404641
0.22210309 0.8466776 1.4160607 242541951546608
0.43642867 1.6978457 1.6432974 242541971688260
1.2903266 1.7484127 1.5517929 242541991829603
1.1003611 0.3022269 1.6891375 242542011971308
0.33861035 -1.8039795 1.7283863 242542032112649
0.06597543 -2.1278923 1.3650906 242542052254355
0.014791459 -1.0112419 0.59576595 242542072396217
0.31416336 -0.6758888 0.12374151 242542092537298
0.5696883 -1.2428354 -0.1274252 242542112678846
0.40934527 -1.2213798 -0.55731297 242542132820605
0.9343126 1.5250013 -0.94015765 242542152962154
-0.9100373 1.3568299 -1.6142558 242542173104121
-2.1750033 -2.2760506 -0.874162 242542193245617
-0.43340784 -2.6910625 -0.46821505 242542213387167
0.46046993 -1.0391567 -0.7317679 242542233528666
0.73342 1.1010942 -1.290636 242542253670527
1.0813934 3.1432533 -1.2492187 242542273811972
-0.6963935 2.124514 -1.1423488 242542293953313
-1.2419695 -0.305266 -0.55900276 242542314094811
-0.6212002 -0.9150206 -0.24278659 242542334236464
0.29206574 -0.56882864 -0.20909865 242542354378118
