0.8170838 -0.4875304 -0.3712722 242543482308118
0.6847645 -0.7081804 -0.21113458 242543502449719
0.57891536 -0.8847139 -0.08303329 242543522591165
0.4942296 -1.0259272 0.019456118 242543542732870
0.42648107 -1.1388977 0.101447895 242543562874681
0.35540536 -0.6133576 0.032331824 242543583016073
-0.21421081 -0.33173212 0.023199257 242543603157675
-0.794491 -0.88174075 0.25131518 242543623299276
-0.22481549 -1.1882607 0.54032695 242543643440879
0.5435584 0.2076664 1.2193033 242543663582741
0.29851422 1.4860895 1.3528812 242543683724186
-0.06758195 2.255123 1.5574893 242543703866100
-0.17795949 1.0397308 1.5870181 242543724007336
0.3747735 -1.549108 1.6701288 242543744148938
1.5055407 -2.9482818 2.257909 242543764290279
1.7352958 -1.4902434 2.1430497 242543784431777
0.5697334 0.55719006 1.4334203 242543804573846
-0.60618216 -0.7912077 0.62046516 242543824715345
-0.1902597 -3.4335303 0.04043615 242543844856842
0.32993358 -3.0308528 -0.54012173 242543864998755
0.61289155 -1.7145596 -1.070482 242543885140149
-0.12912136 1.4182386 -1.6955904 242543905281646
-0.94301295 3.6201544 -1.8577702 242543925423196
-1.5694284 2.911422 -1.6207995 242543945564641
-1.4383677 1.2276063 -1.2210016 242543965706190
-0.0621074 -0.7950866 -0.80996597 242543985848054
1.3070954 -1.2796092 -0.40637177 242544005989446
1.0609385 -0.083851874 -0.79909015 242544026131152
0.074795306 0.8649831 -0.9691305 242544046272700
-0.27206168 0.40433922 -0.7316561 242544066414303
-0.003944993 1.5435939 -0.75941443 242544086555904
0.75361186 1.8329167 -0.98377013 242544106697766
0.8198812 -0.98245245 -0.17677763 242544126839263
-0.15118313 -1.9509128 0.18682268 242544146980813
-0.7896699 -1.4750909 -0.12915796 242544167122468
-0.5131789 -0.92983615 -0.18874827 242544187263755
0.70725805 -0.17526753 -0.16530594 242544207405670
1.4785733 2.9479465 -0.554583 242544227546959
-1.434307 4.3482246 -1.7809598 242544247688665
-2.2938576 1.4613688 -1.0585804 242544267830370
