-1.6997546 2.048905 -1.612329 242451656773893
-1.4382477 1.6458194 -1.337197 242451676915495
-1.0171949 1.3076686 -1.0687929 242451697057096
-0.7077891 1.0180739 -0.83461994 242451717198542
-0.46630305 0.8607814 -0.6497018 242451737340195
-0.49284354 0.7468166 -0.5821271 242451757481850
-0.5829201 0.5383958 -0.45164716 242451777623450
-0.26946646 0.3901729 -0.33971012 242451797765365
-0.063008726 0.3110702 -0.2670738 242451817906706
-0.12101466 0.24938884 -0.20775345 242451838048255
-0.28445706 0.24040803 -0.20410131 242451858189857
-0.16186197 0.07737155 -0.15534416 242451878331510
-0.009089708 0.15347743 -0.15547214 242451898473008
0.059113733 0.0685184 -0.10938097 242451918614661
-0.007798545 0.038294263 -0.08472052 242451938756211
-0.17650938 0.15068519 -0.09291777 242451958897812
-0.15104449 0.25972852 -0.09682329 242451979039467
0.107167214 0.15303713 -0.08149913 242451999181068
0.06138885 0.032105073 -0.055597674 242452019322670
-0.076027595 -0.031046236 -0.015528313 242452039464272
-0.024524868 -0.06068837 0.030618563 242452059605872
-0.08733758 0.19386688 -0.022537917 242452079747474
-0.10016274 0.23802173 -0.078449145 242452099889075
-0.10960506 0.14777645 -0.019877847 242452120030729
0.07024445 -0.21246706 0.07825957 242452140172331
0.2607391 -0.46566486 0.16342193 242452160313933
-0.007068932 -0.22695826 0.056489743 242452180455482
-0.17839465 0.08222291 -0.11563094 242452200597083
-0.14745839 0.30408025 -0.14651418 242452220738841
-0.10773644 0.20374109 -0.046157096 242452240880286
-0.13745765 0.114093155 -0.022676893 242452261021940
0.03657365 0.029589757 -0.0082243355 242452281163489
0.09541117 -0.075412616 0.017560722 242452301305039
0.09855847 -0.183726 0.032994412 242452321446693
0.1130396 -0.14435247 0.037799355 242452341588294
0.049044356 -0.089016326 0.043510716 242452361729948
0.04440879 -0.33477977 0.10541265 242452381871550
0.07372592 -0.26264954 0.12272569 242452402013099
-0.2224615 0.5812344 -0.3668857 242452422154805
-0.1028575 1.3171139 -0.21606368 242452442296459
0.12344539 0.7421274 -0.09697859 242452462437904
0.06733075 -0.7720928 0.16200356 242452482579505
0.2739085 -1.2380363 0.45022666 242452502721055
-0.15603356 -0.6552743 0.07673229 242452522862708
-0.21489751 0.6607231 -0.41538277 242452543004310
-0.09791446 1.7297006 -0.6584573 242452563145963
0.06875621 0.34192613 -0.16295496 242452583287513
0.1253509 -0.6691654 0.16703495 242452603429114
-0.09898585 -0.9343468 0.1777676 242452623570717
-0.18492599 -0.46472052 0.07958703 242452643712422
0.1498853 -0.008445788 0.0073290113 242452663853919
0.3296502 0.15867022 0.03707136 242452683995521
0.1748831 -0.08115034 0.19079614 242452704137122
-0.0021582246 -0.09309864 0.16834264 242452724278255
0.13769887 -0.054125346 0.13695708 242452744419648
0.117897294 -0.107161984 0.083953425 242452764561354
0.021707267 -0.24516234 0.008553162 242452784703009
-0.07633123 -0.049851198 -0.10079114 242452804844506
-0.11600663 0.2739233 -0.22990969 242452824986160
-0.021811992 0.35374424 -0.2813774 242452845127812
0.08217253 0.046923716 -0.15589692 242452865269623
0.27263486 -0.18248197 -0.015194505 242452885411068
0.38061273 -0.0896042 0.08420534 242452905552826
0.1863898 0.31971985 0.13211212 242452925694427
0.001666367 0.42768475 0.16945297 242452945836029
-0.026784234 -0.015685707 0.4248281 242452965977631
0.015563428 -0.5125887 0.56628084 242452986119492
0.06932953 -0.8629534 0.63378334 242453006260678
0.19710268 -0.6300191 0.48912337 242453026402122
0.0484828 -0.014056765 0.1405899 242453046543672
-0.24857259 0.3582461 -0.12139733 242453066685429
-0.19445837 0.14154142 -0.19872084 242453086826927
-0.10984726 -0.045044247 -0.27851114 242453106968582
-0.22669342 0.03854498 -0.31014875 242453127110235
-0.015046686 0.44018868 -0.42101985 242453147251732
0.21319969 0.47609884 -0.5692453 242453167393334
0.19917741 -0.13006213 -0.54443604 242453187535040
-0.29197556 -0.6151089 -0.4401883 242453207676537
-0.586583 -0.3949647 -0.42733663 242453227818815
-0.21733853 0.075200275 -0.5318579 242453247959895
0.25480628 0.20045276 -0.7025696 242453268101393
0.31595844 0.04398012 -0.82555634 242453288243152
-0.031949673 -0.3839722 -0.8416995 242453308385273
-0.29894882 -0.5211113 -0.72115654 242453328526824
0.02728431 -0.19742116 -0.66784346 242453348668059
0.65230286 0.29986393 -0.6608523 242453368809401
1.0480952 0.6513963 -0.6324314 242453388950950
0.6273685 0.6689111 -0.46979436 242453409092708
-0.33985773 0.39318755 -0.22779883 242453429234259
-1.0885435 -0.06484249 -0.07701048 242453449375808
-0.9838217 -0.46608675 -0.06564158 242453469517409
-0.21843791 -0.39987892 -0.1692195 242453489659166
0.5947618 0.039773583 -0.286317 242453509869935
0.99668086 0.36325696 -0.22262414 242453529942421
0.75181997 0.16145968 0.24489728 242453550083867
0.7335898 -0.30564323 1.0045918 242453570225572
1.2474518 -0.3128991 1.8257761 242453590367070
1.6539066 0.20358714 2.59061 242453610508725
0.85146725 -0.22603229 3.1985354 242453630650430
-0.85206294 -1.236371 3.5855765 242453650791771
-2.5689976 -1.2319238 3.7072537 242453670933476
-3.286598 -0.7858019 3.1843362 242453691075182
-2.085196 -0.6273527 2.7915745 242453711216679
-0.509467 0.35752633 1.7624408 242453731359063
0.59043866 1.5912322 0.5600995 242453751500248
-0.22805399 2.319466 -0.36034656 242453771642005
3.6269302 2.7628033 -0.8186119 242453791783555
-0.0058885813 2.0348191 -2.4575474 242453811924896
-4.168325 -0.771891 -0.96198964 242453832066550
-3.5846963 -2.585197 -0.9731386 242453852208567
-1.8627564 -0.86547977 -1.4500394 242453872349701
-1.0703559 0.8647222 -1.85994 242453892491145
1.279889 0.4169971 -2.2187574 242453912632852
5.5264235 -1.0169573 -3.1619143 242453932774454
2.5121012 2.3013356 -2.63031 242453952915899
-0.27407217 0.23789641 -1.3584669 242453973057500
