-0.79568255 1.1749225 1.3528074 242427627808836
-2.411449 -0.7924538 0.84350806 242427647950282
-0.35175598 -0.21815136 0.2647977 242427668092040
1.2959985 0.24129054 -0.19817024 242427688233641
2.6142926 0.6088729 -0.56858 242427708375139
2.02282 0.52680606 -0.8012717 242427728516949
-0.15372542 -0.24543738 -0.94993305 242427748658393
-1.5293239 -1.1559528 -1.1165664 242427768800047
-1.5584188 -0.9195286 -1.3009363 242427788941701
-0.1572617 0.26516104 -1.4813597 242427809083407
1.0317016 1.1121482 -1.611535 242427829224852
1.4636856 1.111633 -1.508121 242427849366349
1.1613852 0.21901163 -1.2008903 242427869508056
0.32596266 -0.47778687 -0.73071074 242427889649031
-0.17532642 -0.25790018 -0.2925727 242427909790633
0.051165253 0.1926881 -0.018008284 242427929932130
0.3986677 0.043454662 0.17339578 242427950074253
0.13535048 -0.11436409 0.3524895 242427970215439
-0.6798396 -0.07925135 0.5669348 242427990357092
-0.7335589 0.16475654 0.4631086 242428010499319
-0.47589463 0.43514472 0.26036465 242428030640816
0.24950871 0.06847957 0.051305395 242428050782990
0.084022105 -0.17024063 -0.029911954 242428070923914
-0.25757164 0.05058524 0.003322538 242428091065621
-0.31335646 0.25736988 -0.17536886 242428111206753
0.18466008 0.29497525 -0.4321887 242428131348198
-0.061036766 -0.46376687 -0.6899549 242428151489853
-0.59483635 -0.23937781 -0.568755 242428171631558
-0.53811365 0.7414823 -0.4230897 242428191772951
-0.21404724 1.085718 -0.7328286 242428211914813
0.6621287 0.22109869 -1.421634 242428232056362
1.3011911 -1.1692033 -1.960281 242428252197755
1.1775682 -2.2398458 -1.510578 242428272339565
0.87237036 -2.3890789 -0.954099 242428292481480
0.7836577 0.06543207 -0.52590615 242428312622925
-0.028986573 1.8076719 0.21135446 242428332764631
-1.5190494 0.9980229 0.8566014 242428352906232
-1.832641 -0.011754274 1.352387 242428373047886
-0.6613551 -0.6168986 0.777967 242428393189435
1.1816834 -1.7322718 0.082873404 242428413330621
2.1299686 -0.89114934 0.26001763 242428433473002
0.87197566 0.071176894 1.5521051 242428453614448
-0.35388315 1.2951509 2.2861392 242428473755894
