-3.408962 2.3574924 6.347793 242424989276815
-2.6418662 1.5840563 4.65469 242425009418312
-2.0281975 0.96529007 3.3001986 242425029559913
-1.537267 0.4703014 2.21663 242425049701515
-0.8608377 0.42902333 1.0539912 242425069843065
0.23074788 0.82915205 -0.47990355 242425089984771
1.0857582 0.61924636 -1.7475119 242425110126424
1.5389066 0.4754734 -2.5876675 242425130267921
1.4899333 0.37930346 -2.8404884 242425150409106
1.2233043 0.24959803 -2.7456608 242425170550604
0.82251 0.13905847 -2.4637022 242425190692310
0.66937757 -0.041961312 -2.0851998 242425210834014
0.62435645 -0.34577608 -1.5679551 242425230975304
0.32721078 -0.43001014 -0.9832617 242425251117166
0.022478983 -0.37219107 -0.47771755 242425271258716
-0.24074776 -0.50540787 -0.058014072 242425291400214
-0.121390894 -0.5307147 0.13114287 242425311541814
0.3618968 -0.31354538 0.12873536 242425331683521
0.66608185 -0.2031504 0.09204535 242425351825017
0.83066 -0.19986293 0.06956527 242425371966568
0.076284885 -0.2769818 0.054955315 242425392108221
-0.1775542 -0.39744172 -0.013734505 242425412249822
-0.4071585 -0.20634359 -0.17501198 242425432391477
-0.4420051 -0.08105843 -0.34159738 242425452533129
-0.2219031 -0.011072507 -0.55027694 242425472674575
-0.08216652 0.32522678 -0.7702508 242425492816228
-0.007148713 0.34308445 -0.87360704 242425512957882
0.17216949 -0.06993145 -0.77364326 242425533099431
0.68931544 -0.39844936 -0.5100694 242425553241189
1.3118382 -0.11529386 -0.18410224 242425573382687
1.1224385 0.46024233 0.0635968 242425593524341
-0.1223184 0.31227207 0.32775474 242425613665839
-1.1917955 -0.6147803 0.6464025 242425633808168
-0.369713 -0.71846277 0.9008946 242425653949718
0.7653235 0.3864566 0.7337954 242425674090799
1.806035 0.30935532 1.3814378 242425694232296
-0.54884386 0.45763263 1.5540742 242425714373950
-3.3691216 -0.92613155 2.1324131 242425734515551
-3.3136232 -2.0594134 2.2191439 242425754657206
-1.5215218 -1.3263367 1.9676034 242425774798755
1.9049697 -1.0609049 1.6792217 242425794940305
3.1906536 -0.8404344 1.6077843 242425815081854
