-0.60075116 -0.6007377 -0.8872902 242453993199987
-0.8144627 -1.250555 -0.5245027 242454013341172
-0.5632575 -1.0172187 -0.36477146 242454033482773
-0.20757839 -0.55451643 -0.28483123 242454053624428
0.07696815 -0.18435106 -0.22086765 242454073766186
0.12430387 -0.015063256 -0.14868361 242454093907526
0.016651222 -0.03772707 -0.08448454 242454114049128
0.26754194 0.08435773 -0.09065799 242454134190833
0.26612797 0.18617997 -0.051972836 242454154332488
0.15072493 0.1150351 0.031992067 242454174474401
0.10077678 0.08907255 0.061039783 242454194615691
-0.233094 0.28362674 -0.012288116 242454214757188
-0.52828425 0.006172046 -0.08570117 242454234898476
-0.5493032 -0.35318926 -0.046965808 242454255039871
0.067056224 -0.09886262 -0.21110041 242454275181627
0.7659407 0.59504366 -0.4255601 242454295323126
0.909357 0.97275835 -0.4780004 242454315464779
0.26195553 0.49455142 -0.28755826 242454335606328
-0.2753264 -0.20796408 5.3070486E-4 242454355747825
-0.20086634 -0.33818582 0.09179796 242454375889479
-8.208975E-4 -0.18770313 0.09107049 242454396031081
0.4697416 0.34264505 0.10686627 242454416172735
0.6906278 0.95724136 0.12187889 242454436314389
-0.05820845 0.6716254 0.5252373 242454456455990
-0.068517976 0.41884282 0.36615485 242454476597539
1.2048705 0.62828016 0.7033029 242454496739140
0.3169355 0.040941596 1.9246355 242454516880795
-0.6912534 -1.5972859 2.091466 242454537022448
0.49540952 -1.5573149 2.523786 242454557164049
0.8405868 -1.1303437 2.4942684 242454577305443
0.39095193 -0.8547378 1.8400569 242454597447148
-2.129839 -1.5200547 1.6056443 242454617588698
-4.27139 -3.1208277 1.9034657 242454637730299
-3.413968 -3.7077746 1.5313699 242454657871901
0.023884356 -1.564955 0.2716605 242454678013555
3.7015643 2.350837 -1.3321698 242454698155052
2.9583359 4.3105326 -2.7475343 242454718297228
-0.5408714 3.3569403 -1.9059546 242454738438619
