-2.0206761 -1.667586 -0.21390891 242458625740222
-0.91972446 -0.61346734 -0.6456154 242458645881979
-0.039020956 0.22979207 -0.99094146 242458666023372
0.6655917 0.904426 -1.2672381 242458686165026
0.2629345 0.8764462 -1.1625782 242458706306471
-0.5171752 0.43754548 -0.93609834 242458726448020
0.37952724 0.39739436 -1.0899479 242458746589622
1.31816 0.34532756 -1.2370456 242458766731224
1.1270205 -0.019020796 -1.0691406 242458786872981
0.24727547 -0.45199263 -0.6489958 242458807014480
-0.4731652 -0.7296768 -0.26249084 242458827156185
-0.30025572 -0.8315877 -0.19851555 242458847297786
0.122507125 -0.40514648 -0.09281064 242458867439596
0.0866888 0.18311712 -0.008335173 242458887581041
0.23616411 0.30625677 -0.076024055 242458907722175
0.09704224 -0.14450751 0.031572107 242458927863671
-0.10866009 -0.49256706 0.04435949 242458948005117
0.063824676 -0.24073195 0.010185763 242458968146875
0.62721825 0.43223298 -0.084887594 242458988288372
0.48952615 0.46428633 0.074715555 242459008430077
0.3467728 0.41192454 0.18370545 242459028571628
0.037846275 0.12550677 0.19661927 242459048713176
-0.23264936 -0.107780054 0.042847343 242459068854831
0.019051999 -0.04495677 -0.2797311 242459088996329
0.26105663 0.018297479 -0.38259256 242459109137982
0.123272955 0.28459758 -0.5142054 242459129280104
-0.39113382 -0.033337645 -0.6242213 242459149421133
-0.4263897 -0.5176166 -0.5578532 242459169562890
0.1930879 -0.29075867 -0.7764178 242459189704335
0.6416687 -0.1093775 -0.89089847 242459209846041
0.79241097 0.37279773 -1.0497566 242459229987540
0.7409654 0.35877895 -0.8738089 242459250129192
0.5768806 -0.053978533 -0.62157017 242459270270951
1.3374188 0.95207435 -0.89126605 242459290412395
1.5156293 1.2298526 -0.614584 242459310553997
-0.2688461 0.4241531 -0.28836483 242459330695651
-1.1479571 -0.30061078 0.06576514 242459350837252
-1.6960715 -1.074946 0.72392124 242459370978854
-0.97426903 -0.79948974 1.2293644 242459391120560
0.616462 -0.2575638 1.7286063 242459411262162
1.5559844 0.6976646 2.1592424 242459431403606
1.1785947 1.5590825 2.1860735 242459451545208
0.44538414 1.0615903 2.2981436 242459471687174
-1.5747297 -0.4001305 2.0760028 242459491828776
