0.12820444 0.4297691 -1.2258652 242493732537891
0.1664013 0.18263853 -1.0158868 242493752679285
0.19695073 -0.015073687 -0.8478996 242493772821511
0.22139849 -0.17323554 -0.7135143 242493792962436
0.24094865 -0.29977277 -0.6060013 242493813104141
0.35222405 -0.09124389 -0.57831794 242493833245639
0.40628985 -0.012617052 -0.5292843 242493853387188
0.30265746 -0.39949688 -0.39466417 242493873528947
0.21439888 -0.65448046 -0.2999009 242493893670548
0.12440464 -0.43330553 -0.37173575 242493913812462
-0.10006683 0.04279142 -0.3357111 242493933953804
-0.26244044 0.3101561 -0.2595074 242493954095456
-0.22366166 0.29985404 -0.26904124 242493974237058
-0.09627281 -0.011335747 -0.24677865 242493994378659
0.18216711 0.19416255 -0.34489423 242494014520158
0.30305782 0.94078565 -0.48669615 242494034661707
-0.26989236 1.0943588 -0.339 242494054804298
-0.80588365 0.16601479 -0.040692434 242494074945222
-0.6283416 -0.67593884 -0.033783972 242494095086563
0.23125625 -0.22870451 -0.1376463 242494115228113
0.8260079 0.5461044 0.16213277 242494135369714
1.0863304 0.31749356 0.7226461 242494155511264
2.100943 -0.43203762 1.6007203 242494175653126
2.3115177 -0.26815647 1.7286248 242494195794623
1.1885141 -0.079133876 1.9149927 242494215936434
-1.8553697 -0.7416091 2.639321 242494236077826
-1.6919572 -2.9306676 3.1882167 242494256219428
0.8730415 -1.8089722 2.4447782 242494276360977
2.0554574 0.4370241 0.65550435 242494296502423
-0.28405416 -0.16544124 0.13022418 242494316643972
-3.8836691 -2.116096 0.46541488 242494336785627
-4.046762 -2.0276186 0.15546799 242494356926864
-1.973352 0.24810702 -0.6485225 242494377068360
0.22376221 1.0082904 -1.296758 242494397210744
1.8643508 1.7595557 -1.9843216 242494417351616
3.002493 3.443841 -3.2853587 242494437493322
2.3424296 2.9539282 -2.4153504 242494457634714
-1.3564941 1.0470719 -1.0280406 242494477776472
-4.5919113 -0.7568047 0.5716412 242494497917917
-3.026977 -2.3164418 0.4799255 242494518059571
-0.012437493 -1.1849642 -0.5490532 242494538201277
1.1709391 0.5638577 -0.8658746 242494558342930
3.2428944 2.3046243 -1.4989207 242494578484480
4.9073334 2.83846 -2.0825777 242494598625925
2.6846323 0.6802346 -0.9723629 242494618767892
