0.16713864 0.24594772 -2.0527604 242531095218652
0.3624699 0.21875173 -1.7811252 242531115360148
0.5187218 0.1969868 -1.5638244 242531135501854
0.6437327 0.17958164 -1.3899873 242531155643403
0.7437522 0.16564882 -1.2509078 242531175785005
0.5644342 -0.14516404 -0.85648644 242531195926606
0.25505805 -0.10347606 -0.6923973 242531216068156
-0.015837207 0.06878078 -0.65008014 242531236209758
-0.0176393 -0.19585432 -0.3712325 242531256351463
0.29874218 -0.0455558 -0.60443276 242531276493482
-0.49418998 -0.25153401 -0.6877963 242531296634667
-1.4645407 -1.1852291 0.05545056 242531316776268
-1.707453 -1.8989815 0.785487 242531336917713
-1.2509407 -0.794731 0.568332 242531357059367
-2.0043366 -0.838742 0.8940312 242531377201124
-1.7422881 -0.8798262 1.0788143 242531397342882
-1.7673324 -1.1562158 1.1815623 242531417484329
-1.208138 -1.1250578 1.0985844 242531437625669
0.5287167 -0.8263426 0.8382315 242531457767219
1.4531902 -0.9020285 1.3762106 242531477908768
1.4191297 -0.8664977 1.6139821 242531498050422
-0.8852223 -0.36424044 1.2933766 242531518192075
-2.5238717 0.18694472 1.0452709 242531538333729
-2.2740736 -0.15761739 0.6680173 242531558475069
-1.115988 -0.71193033 0.36988533 242531578616724
-0.567301 -0.72137046 0.037768126 242531598758586
-0.77753085 -0.4100232 -0.34695643 242531618899822
-0.67044294 0.15173109 -1.2148927 242531639041737
0.015892625 0.09428997 -1.7517896 242531659183338
0.4793683 0.4990496 -1.3775271 242531679324784
0.47732663 0.7413239 -0.8410361 242531699466281
0.009184077 0.22345251 -0.5569544 242531719608507
0.56101316 0.296328 -0.82064164 242531739750058
0.47644538 0.6596618 -1.0905945 242531759891710
0.055903137 0.8381965 -0.7242024 242531780033104
-0.49185 -0.15179752 -0.05182691 242531800174601
-0.7368811 -0.916646 -1.1362352 242531820316151
1.4580537 -1.8801061 0.42396814 242531840457804
0.6551617 1.1452732 0.012827873 242531860599562
0.06990254 1.1467204 -0.853274 242531880740799
-0.35099345 -0.31271276 -0.5415838 242531900882401
-0.8939426 -1.4641523 0.5473288 242531921023951
0.1320686 -0.45957473 0.59878707 242531941165551
