-0.97681797 -0.30049592 0.14306435 242525777846972
-0.70161897 -0.71462303 0.21431178 242525797988523
-0.29735884 -0.32349008 0.2258273 242525818130072
0.13617736 0.42155606 0.20784983 242525838271673
0.4830008 1.0175767 0.19346939 242525858413274
-0.6360577 0.5434959 0.23707393 242525878554877
-0.6399436 -0.1038544 0.039859742 242525898696477
0.2828032 0.077037364 -0.2855307 242525918838079
0.91466784 0.30785677 -0.5523457 242525938979681
0.54532874 0.90835935 -0.7673811 242525959121490
-0.60622257 0.36266184 -0.6863348 242525979262937
-1.0249298 -0.14489731 -0.6717975 242525999404381
-0.2759955 -0.5751433 -0.70832294 242526019545723
0.850368 -0.42343903 -0.66096556 242526039687480
1.4200404 0.10274008 -0.46956176 242526059829029
0.8838473 0.39619866 -0.14785795 242526079971152
-0.28886378 0.28056127 0.17272015 242526100112493
-0.7329508 -0.17441922 0.45913386 242526120254096
0.021104857 -0.28578112 0.68418056 242526140395801
0.24776796 0.085942104 0.7837634 242526160537402
-0.28277618 0.4863203 0.82716984 242526180679056
-1.2925446 0.35725287 0.87773985 242526200820397
-0.7534246 -0.35624945 0.8115159 242526220961998
0.5566604 -0.9579375 0.8716476 242526241103443
1.2420862 -0.60516846 1.1365323 242526261245515
1.1310534 -0.33312985 1.5490588 242526281386803
0.76045763 -0.030712143 1.6537681 242526301528353
-0.87982184 0.011618465 1.4482213 242526321669902
-3.406242 0.12086618 1.28284 242526341811400
-3.8338997 -0.23347735 1.0554214 242526361953366
-1.1917418 -0.42006207 0.5763874 242526382094655
0.89871246 -0.20667788 0.31017768 242526402236672
0.47352117 -0.14323387 0.038479373 242526422378067
-0.50316966 -0.3381386 -0.21072465 242526442519512
-0.14163941 0.454051 -0.79792446 242526462661113
1.3272492 0.36326513 -1.1299517 242526482802663
1.5224383 -0.4635562 -0.6884441 242526502944420
-1.4103813 1.1216174 -1.0138116 242526523074836
-2.9454257 -0.55681354 -0.47033328 242526543216385
-2.3818772 -0.8140249 -0.4069494 242526563358091
-1.176125 -0.17608747 -0.7425258 242526583499589
2.492966 -0.29158688 -1.2717594 242526603641138
3.4867227 0.33322322 -1.2797916 242526623782896
0.63448745 1.0428498 -0.8691986 242526643924289
