1.2394638 -0.453704 1.6516283 242443781390118
-0.36187127 -0.424944 0.12844461 242443801531250
-0.87143457 -0.69066 -0.72240293 242443821672695
-0.68543935 -1.1254416 -1.1201735 242443841814245
-0.5366309 -1.4732953 -1.4384177 242443861955846
-0.38330525 -1.1870409 -1.8226731 242443882097605
-0.28565112 -0.26335979 -2.2056897 242443902239153
-0.33288354 0.103904605 -2.298355 242443922380860
-0.43590295 0.30125278 -2.3307471 242443942522305
-0.7030864 0.12260294 -2.1507103 242443962663594
-0.4064321 0.38283926 -1.8306996 242443982804987
0.17044002 0.84431267 -1.3028736 242444002946641
0.3197043 1.1409309 -0.94630575 242444023088138
0.2247327 1.0973971 -0.63010126 242444043230000
-0.17385727 0.67115825 -0.36112195 242444063371393
-0.52632 0.17386098 -0.19706061 242444083513152
-0.059751302 -0.11636699 0.24023844 242444103654700
0.5542414 -0.2400531 0.5304471 242444123796198
0.8414426 -0.26668817 0.60620034 242444143937748
0.5706123 -0.20026854 0.5255456 242444164079401
-0.12664236 -0.13104482 0.14298439 242444184220950
-0.4934014 0.03258103 -0.009493709 242444204362604
-0.49588838 -0.3281545 -0.027353842 242444224504154
-0.17085227 -0.26095417 0.010892993 242444244645807
0.09683417 -0.012998074 -8.148141E-4 242444264787410
0.18054275 0.6574023 -0.14885366 242444284928958
0.35517204 0.6310717 -0.22884753 242444305070612
0.08432096 0.28844863 -0.06192295 242444325212161
-0.09212369 -0.1859701 0.0049763136 242444345353763
-0.0851627 -0.62992156 -0.023563132 242444365495573
-0.011459559 -0.6362786 -0.18431571 242444385637070
0.17002612 -0.3531044 -0.3513385 242444405778672
0.29470026 0.18253475 -0.45275003 242444425920378
0.20853311 0.7890983 -0.5966732 242444446061875
0.02813664 0.90409315 -0.5974672 242444466203477
-0.11983548 0.25187916 -0.34191155 242444486345651
-0.12385376 -0.5525824 0.13263747 242444506487200
0.2586301 -0.4380649 0.5292487 242444526628437
0.5606569 0.37671697 0.84477085 242444546769830
0.3515023 0.5633079 1.0703895 242444566911380
0.6535783 1.248183 1.3118646 242444587053242
-0.14863503 1.3391781 1.2897241 242444607194635
-0.46677965 -1.7764477 1.6557747 242444627336394
1.0287532 -3.872821 2.29264 242444647477838
1.835023 -2.7307253 2.3063283 242444667619597
0.9814224 -0.27232575 1.6430861 242444687761042
0.2764932 1.2401803 0.35095865 242444707902852
0.42636633 0.8160247 -0.071354985 242444728044453
0.9035225 -1.8483549 -0.099797904 242444748186107
1.3897039 -3.2014227 -0.11023486 242444768327552
