-0.82404304 -1.0542766 0.14654219 242511437020717
-0.5227569 -0.52090216 0.050139215 242511457162369
-0.28172353 -0.09421773 -0.02699005 242511477303867
-0.08890121 0.24714494 -0.08868656 242511497445468
-0.08898322 0.13990775 -0.14786543 242511517587122
-0.15008411 -0.23536366 -0.23019141 242511537728723
0.15202674 0.09973862 -0.3250608 242511557870325
0.33421713 0.5070844 -0.4711454 242511578012030
0.11522928 1.2823226 -0.8447164 242511598153059
-0.38111135 0.8893677 -0.7647165 242511618294453
-0.52429676 0.30929616 -0.6571912 242511638436315
-0.046648644 -0.25247586 -0.5066934 242511658577760
0.31935766 -0.1443596 -0.5340957 242511678719622
-0.12205371 0.63576025 -0.72356826 242511698861223
-0.64297396 1.2595654 -0.6706737 242511719002773
-0.35853425 1.109662 -0.46435624 242511739144271
0.5444131 0.39264166 -0.18046874 242511759286028
0.6631335 -0.5141666 0.22247347 242511779427421
-0.09354681 -0.8836838 0.5253692 242511799569284
-0.8959693 -0.90595114 0.72088134 242511819710937
-0.49179855 -0.1274805 0.94384164 242511839852331
0.0056743138 0.37052613 1.2013432 242511859993827
0.2710406 0.8463865 1.4502127 242511880135430
0.18776304 1.2700586 1.2355907 242511900277812
-0.34610054 1.0788028 0.7435673 242511920419309
-0.49766493 -0.34714687 1.1757177 242511940560860
0.60376537 -0.81923246 2.2673388 242511960702461
1.3833637 1.4065238 2.0033393 242511980843906
0.037704706 3.3445716 1.3246163 242512000985351
-0.9055388 0.61473393 1.641689 242512021126744
-0.13868201 -3.1146545 1.9209424 242512041268449
0.6845399 -3.1616433 1.4993339 242512061409896
0.04914424 -1.0534221 0.55693614 242512081551498
-1.0251337 0.4210032 -0.43678778 242512101693202
-1.4039574 0.6246618 -0.9825766 242512121834700
-1.211323 0.12466365 -1.2100099 242512141976301
-0.9224682 -0.7559637 -1.3901527 242512162117800
-0.37246004 -1.0880303 -1.5206891 242512182259817
0.5110485 1.2894545 -2.5216863 242512202401106
0.6860844 3.0686584 -2.1603217 242512222542603
-1.0319856 -0.6485292 -1.2537174 242512242684206
0.19184011 -2.3068547 -0.77429336 242512262825807
0.8586114 -1.4281121 -0.62288547 242512282967824
0.53661144 -0.21093792 -0.83201456 242512303109114
1.911288 3.361757 -1.2006288 242512323250715
0.39434206 3.7217858 -1.1686443 242512343392317
-1.0272485 1.0866528 -0.80714047 242512363534023
