0.43597203 -0.7207269 -0.06676231 242476249668202
-0.16039024 -0.6611341 -0.264345 242476269809646
-0.637523 -0.61345714 -0.42242658 242476289951092
-1.0191867 -0.57531464 -0.5488648 242476310092694
-0.9800617 -0.40997586 -0.6233978 242476330234347
-0.2289165 0.2690208 -0.7024585 242476350376001
-0.34643772 1.1743662 -0.998447 242476370517603
-0.46800327 0.19878766 -0.59377193 242476390659517
-0.069267154 -0.827906 0.0027107 242476410800857
0.38357309 -0.206126 0.027590685 242476430942459
0.49103445 0.8737831 -0.1853402 242476451083956
0.3673181 1.5688347 -0.20905161 242476471225037
0.27458662 0.42554623 0.33253568 242476491366588
0.37089223 -1.2055151 0.9053434 242476511508449
0.2363446 -1.1066014 1.0793943 242476531622349
-0.19473264 0.13737565 1.0983856 242476551764158
0.09287184 0.8075491 1.4534291 242476571905552
0.93437177 0.57472265 2.1539998 242476592047726
0.53034675 0.5049814 2.3763304 242476612189431
-0.8379682 0.81939006 2.1442912 242476632331189
-1.0575207 -0.14186382 2.0821052 242476652472478
0.46721727 -2.284753 2.6730819 242476672614184
1.062829 -1.4696212 2.1247318 242476692755317
0.36920518 -0.6920442 1.4223901 242476712896971
-1.208313 -1.5214605 0.78164375 242476733038363
-1.7637521 -2.183567 0.20623654 242476753180799
-0.6355928 -1.8146062 -0.63866806 242476773322191
0.032069366 -0.026216477 -1.5474643 242476793463741
0.23332348 1.1074913 -2.2080326 242476813605291
0.64980096 1.515081 -2.338223 242476833746892
0.5852102 1.3005272 -2.1027188 242476853888182
0.07781316 0.6704616 -1.6216003 242476874029626
-0.2790501 -0.33107394 -1.196412 242476894171229
-0.06556769 0.32703003 -1.8696334 242476914312829
1.6438086 3.040642 -1.2278847 242476934454692
0.41593072 1.8592875 -0.59744966 242476954596034
-0.4457142 -2.2458673 -0.006663233 242476974737530
0.4733628 -3.3937109 0.5205792 242476994879184
0.6980287 -1.0014657 -0.17962193 242477015020785
0.8178488 2.0767426 -0.057750106 242477035162543
0.21364826 2.2387943 -0.025773317 242477055304041
