-0.7110903 -4.461894 0.48248369 242442975725482
0.5391422 -3.9218173 0.13949859 242442995867188
1.1495388 -3.0650914 -0.25050277 242443016008633
0.38882545 -1.0189385 -0.93297726 242443036150234
-0.21975663 0.61797935 -1.4789562 242443056291888
-0.70660555 1.9275038 -1.9157479 242443076433437
0.03494668 0.98838496 -1.5400304 242443096575247
-0.06469768 1.0356194 -1.3702946 242443116716745
-0.2310698 1.1822095 -1.257555 242443136858294
-0.49621654 1.0198014 -1.072272 242443156999844
-0.17149684 0.55594593 -0.759945 242443177141602
0.32309052 0.10056855 -0.4614188 242443197283308
0.28797355 -0.14568591 -0.34969646 242443217424179
-0.05673512 -0.025925219 -0.41592085 242443237565677
-0.11274192 0.13789308 -0.61710525 242443257707330
0.07743004 0.5924804 -0.7301904 242443277848932
0.23116198 0.83396065 -0.7671103 242443297990586
0.2992568 0.82454026 -0.67025095 242443318132136
-0.35418767 0.8993104 -0.6128895 242443338273842
-0.6693212 0.395629 -0.5521575 242443358415390
-0.23855324 -0.28910518 -0.42627668 242443378556784
9.4329566E-4 -0.4867117 -0.43964964 242443398698593
0.03900359 0.062203065 -0.56548643 242443418840039
-0.20546 0.67893946 -0.6426798 242443438981902
-0.70205176 1.0377712 -0.7333503 242443459123242
-0.6267536 0.8367231 -0.6886294 242443479264948
-0.07910439 0.4469749 -0.75646937 242443499406706
0.29881752 0.344752 -0.5743109 242443519548151
0.48877496 -0.0887515 -0.1434795 242443539689804
-0.45253572 -0.05632502 -0.57178116 242443559831302
-0.28405678 1.2502406 -0.03157118 242443579973059
-0.44953728 -0.64191526 0.40275553 242443600114558
0.19447362 -2.0789301 2.2091713 242443620256159
0.49794054 -0.17387384 3.0921564 242443640397865
-0.5952039 2.65477 2.9597876 242443660539414
-1.2460647 3.088487 3.5765185 242443680681015
-0.83171254 0.11582482 3.8825042 242443700822617
0.4003811 -2.8179774 3.8171015 242443720964271
1.6859889 -3.7443802 3.3181233 242443741105716
