0.0898304 0.8930323 -2.5511096 242410990876876
0.24875063 0.3639812 -2.1188414 242411011018114
0.37587577 -0.05926478 -1.7730258 242411031159715
0.54095536 -0.45502716 -1.4530519 242411051301264
0.6600626 -0.43961787 -1.2523975 242411071443075
0.47970468 0.32520267 -1.3646989 242411091584519
0.29948583 0.82844377 -1.4777064 242411111726121
0.1585592 1.1120193 -1.4923706 242411131867983
0.0039463937 0.74879366 -1.1253194 242411152009533
-0.39043778 0.6374649 -0.930725 242411172150873
-0.67110765 0.3270188 -0.8038124 242411192292528
-0.65694714 -0.36974487 -0.5229691 242411212434077
-0.25729984 -0.8747699 -0.19012636 242411232575731
0.17383608 -0.4079058 -0.26518825 242411252717697
0.09465623 0.72709507 -0.5609398 242411272858829
-0.5256472 1.4272283 -0.7103254 242411293000379
-0.79319954 0.8027715 -0.3672052 242411313141876
0.19904406 0.059503324 0.23317255 242411333283218
0.7921652 -0.08929849 0.8426093 242411353424714
0.70457447 0.315634 1.3576021 242411373566368
0.64296585 3.514522 1.5021698 242411393707918
-0.106099725 4.5583906 2.302314 242411413849728
-0.50587094 -0.9364351 3.1409118 242411433991121
0.1895349 -5.672913 3.9512186 242411454132775
1.1874874 -4.3055224 3.5476682 242411474274480
-0.10770857 -0.022409022 2.7135985 242411494415925
-1.1569421 0.8500674 1.8026898 242411514557944
0.13646519 0.122157395 1.963811 242411534699233
1.2033334 0.57483673 1.584518 242411554840887
-0.5645921 0.30226356 0.15286034 242411574982436
