-0.16401744 -1.8330367 0.084417194 242512423959192
-0.2635619 -1.118255 0.114987314 242512444100846
-0.3431975 -0.5464332 0.1394319 242512464242604
-0.3646029 -0.22544625 0.17491688 242512484383945
-0.13617453 -0.76090175 0.2958364 242512504525650
0.046574593 -1.1892508 0.3925668 242512524667200
0.2022815 -0.7286269 0.20995136 242512544808906
0.22411895 0.19870526 -0.010764716 242512564950351
0.1542182 0.84360504 -0.07215132 242512585092109
0.069473535 1.2715303 -0.10080576 242512605233606
-0.29578626 0.61558187 0.12111054 242512625375312
-0.37214994 -0.18484159 0.47988498 242512645516392
0.30477804 -0.34854323 0.8127343 242512665657839
0.64634526 0.49016175 1.1058775 242512685799856
0.1355035 1.2816901 1.2519753 242512705941197
-0.46489546 0.37334144 1.2971262 242512726082748
-0.35814014 -1.3051239 1.2013378 242512746224296
0.32922286 -2.466452 1.4529254 242512766366732
1.0844988 -1.0649703 1.2696996 242512786508124
0.87617916 0.9096138 0.9055481 242512806649726
-0.020505875 1.164806 0.67228734 242512826791224
-0.17203516 -0.89316916 0.39169592 242512846933085
0.23376793 -2.6851962 -0.029819489 242512867074531
0.32695353 -2.769517 -0.37702763 242512887216289
-0.30290896 -0.8692884 -0.7786742 242512907357683
-0.64917225 0.6993675 -1.1540624 242512927498919
-0.60566306 1.0559124 -1.3920338 242512947640312
-0.565634 -0.10041487 -1.360968 242512967781913
0.09339489 -1.0912054 -1.0297014 242512987923515
0.85392606 1.837791 -1.1485109 242513008065325
-0.47659758 2.1651459 -1.1940044 242513028206719
-1.1155092 0.015007257 -0.63919646 242513048348372
0.40485474 -0.9702058 0.006759882 242513068489922
0.43147758 0.10973636 -0.20969655 242513088631472
0.13441896 1.0928364 -0.19856182 242513108773645
-0.005184946 0.052382156 0.14747754 242513128915403
0.046424598 -0.7384031 0.24553671 242513149056848
0.4452272 0.02801416 -0.17155737 242513169197981
0.7173856 0.982282 -0.07022977 242513189339635
0.04401 0.5881734 -0.021795243 242513209481392
