-0.56126916 -4.1319127 2.1893787 242408795442098
-0.6418931 -2.5146394 0.6765604 242408815583751
-0.7063839 -1.2208077 -0.5337093 242408835725040
-0.7579721 -0.18575358 -1.5019217 242408855866798
-0.79924273 0.6422893 -2.2764912 242408876008296
-0.14339119 1.0767156 -2.6499577 242408896149949
0.7689091 1.0610361 -2.6030302 242408916291498
0.23681605 1.0934124 -2.6877768 242408936433309
-0.1888836 1.1193118 -2.7555904 242408956574754
-0.012950838 0.67407465 -2.3687136 242408976716355
0.67412126 0.15394978 -1.904614 242408996857957
0.6256325 0.8351846 -1.7403429 242409016999871
0.20390809 1.6611824 -1.7086363 242409037141213
0.38580257 1.7870657 -1.530474 242409057282710
0.99993527 1.1914399 -1.0789027 242409077424571
0.7533244 0.45753872 -0.8250723 242409097565964
0.10662117 5.4620206E-4 -0.63741934 242409117707619
-0.21034527 -0.3715118 -0.4869992 242409137849376
0.28097904 -0.62254566 -0.33235493 242409157991395
0.99958 -0.16256836 -0.071382314 242409178132423
0.1862227 0.40934765 -0.10216575 242409198273504
-0.707228 0.72293484 -0.11639652 242409218415001
-1.3297644 0.103477955 0.17840835 242409238556707
-0.18489611 -0.47262558 0.70627975 242409258698205
0.6160293 0.06989044 0.858833 242409278839910
-0.3860486 0.3457575 0.9233731 242409298982241
0.07060075 2.175874 1.580807 242409319123686
1.713049 0.97457665 2.101684 242409339264766
-1.2492665 -3.3899994 3.420129 242409359406160
-1.4562117 -3.1935477 3.6811452 242409379547917
0.6595068 -1.0293143 3.8709655 242409399689363
0.67898774 0.16013217 2.7430506 242409419831016
0.1809462 -0.37777683 1.2304409 242409439972774
0.95230204 -2.9219167 1.5775328 242409460114221
1.2130086 -3.134834 1.2979379 242409480256759
