-0.06936834 0.037796143 -0.052516434 300594666272431
0.06996308 -0.45239508 -0.070019014 300594686414084
0.04287701 -0.21066108 -0.08539377 300594706555634
-0.093027085 0.22278373 -0.09117718 300594726697235
-0.16874214 0.4947574 -0.04921802 300594746838837
-0.21735162 0.27515128 0.0073197633 300594766980439
-0.32375497 -0.21218905 0.040548548 300594787122561
0.24085566 -0.43651706 0.12169766 300594807263747
0.47199354 -0.28848836 0.03374943 300594827404931
0.115753576 -0.03124996 -0.03140804 300594847660022
-0.026104562 0.09304693 -0.053291116 300594867687717
-0.08355947 0.23851597 -0.06564295 300594887830100
-0.3736865 0.33354905 -0.066249415 300594907971598
-0.1815297 0.06270094 -0.0023450218 300594928113408
0.12229657 -0.16132475 0.107599236 300594948248209
0.1076342 -0.28036386 0.08877232 300594968389759
0.13660637 -0.34710246 0.052904062 300594988531361
0.3614981 -0.06263167 0.031162564 300595008673014
0.073072225 0.10339298 -0.03956826 300595028814668
-0.10818859 0.16499484 -0.07043479 300595048956166
-0.14683782 0.09145208 -0.058173545 300595069097820
-0.28937155 0.2137995 -0.12458538 300595089238795
-0.043266363 0.13623384 -0.033124566 300595109380293
-0.048874833 0.093705356 -0.004384132 300595129521895
-0.10089006 0.029628877 0.043993425 300595149663496
0.0780937 -0.028453961 0.08682393 300595169806140
0.123984925 -0.21337163 0.09713295 300595189947376
0.01570195 -0.20277938 0.045024782 300595210089082
0.054134697 -0.14993697 -0.017202238 300595230230580
0.11508122 0.12255277 -0.05090587 300595250371661
-0.120266244 0.3518404 -0.112415716 300595270513158
-0.22521985 0.23481598 -0.05062333 300595290654707
-0.104790226 -0.0014175177 -0.01581679 300595310796361
0.07637298 -0.13211243 0.031623714 300595330938015
0.22163638 -0.19910878 0.013337333 300595351079669
0.17393194 -0.05867097 0.019963762 300595371221113
-0.29697 0.179517 -0.031691372 300595391362767
-0.3417976 0.13899243 0.061521493 300595411505722
0.19286802 -0.044988908 0.105757535 300595431647063
0.15462339 -0.34503376 0.05380039 300595451787833
0.08980881 -0.08762613 -0.029996157 300595471929174
-0.065584004 0.3848886 -0.29715803 300595492070879
-0.35200724 0.37323335 0.14856842 300595512212428
-0.27348337 -0.43217537 -0.15511261 300595532354082
0.66247964 -0.09745218 0.13448043 300595552495631
0.41472596 0.07051635 0.03341511 300595572637286
-0.23020045 -0.24524723 -0.030173602 300595592779303
-0.05125103 -0.08752708 -0.17748296 300595612920384
-0.04659359 0.35810506 0.06026952 300595633062038
