0.9572116 0.8686733 0.07148002 301387843200267
-0.09568182 0.34514645 -0.19434208 301387863341868
-0.3140248 -0.2377422 0.038189545 301387883483522
-0.38279438 -0.34623688 0.034300808 301387903625124
-0.0135664 -0.022864467 -0.060043987 301387923766621
-0.04932318 0.21708687 -0.015658375 301387943908327
-0.07792533 0.4090335 0.019841552 301387964049928
-0.12067059 0.15041119 0.03531052 301387984191530
-0.12236373 -0.28271267 0.06685119 301388004333132
-0.0060185045 -0.18566075 0.04333454 301388024474838
0.10099903 0.069885805 0.015288914 301388044616282
0.044166505 0.08767535 0.019626327 301388064757988
-0.061713226 -0.10118609 0.012821045 301388084899641
-0.016356569 -0.09812367 -0.012577718 301388105041191
-0.027738828 0.040736396 -0.015934594 301388125182898
-0.0033054473 -0.031503297 0.03201624 301388145324291
0.0029014759 -0.17042363 0.06838952 301388165465527
-0.07792254 -0.10063658 0.033805802 301388185606972
-0.008323694 -0.056488693 0.009962498 301388205748835
0.10186185 -0.049059875 0.0054806173 301388225890279
-0.0015316457 0.11637856 -0.013984673 301388246031725
-0.18100797 0.12399952 -0.008802813 301388266173742
-0.025341334 0.0012340778 0.0023283097 301388286315085
0.13329971 -0.030770518 -0.004515499 301388306456686
0.19095968 -0.074207425 -0.015961139 301388326598236
-0.042400375 -0.09835942 0.01834728 301388346739994
-0.20604973 0.0108300075 0.07208605 301388366881490
-0.069494605 0.020303458 0.09729737 301388387023092
0.0847983 -0.12859662 0.073530376 301388407165111
0.036900282 -0.21320526 0.02068483 301388427306764
-0.133442 -0.053793114 -0.045374647 301388447448314
-0.19285409 0.1946318 -0.07882753 301388467589603
-0.18529588 0.13895531 -0.050056383 301388487731049
-0.054997068 -0.123053715 0.012206087 301388507872702
-0.07359644 -0.052419566 -0.06266875 301388528014407
-0.056394696 0.2513442 -0.13792916 301388548156008
-0.05802232 0.38694015 -0.115056604 301388568297506
0.013277397 0.2317633 -0.045517206 301388588439212
0.34170264 0.10771784 0.007430801 301388608580710
0.44437277 -0.11153203 -0.011663482 301388628722259
0.12905262 -0.1722111 -0.026978262 301388648863808
-0.12226856 0.06545278 -0.055207342 301388669005463
0.11885926 0.21242337 -0.07810514 301388689147063
0.21576944 0.04756673 -0.047134902 301388709288665
-0.018797234 -0.30622926 0.08023724 301388729430215
0.05756607 -0.18612224 -0.0048241206 301388749571764
0.17299908 0.011601135 -0.042843148 301388769713626
-0.08118114 -0.004424982 -0.03565189 301388789855124
-0.3557731 0.012611926 -0.015598353 301388809996621
-0.19150376 -0.20847568 -0.044384684 301388830138483
0.22510439 -0.50675297 -0.25329012 301388850279877
0.26555258 -0.63900805 -0.52620965 301388870421582
0.17434841 -0.13801248 -0.7721364 301388890562976
-0.18388632 0.328371 -0.9496627 301388910705202
-0.24259853 0.6738789 -0.94235843 301388930846491
-0.14441958 0.9158278 -0.82012844 301388950988145
-0.12202573 1.2064083 -0.5398215 301388971129746
-0.31085515 1.1061455 -0.29200974 301388991271868
-0.4282284 0.11992964 -0.06737882 301389011413209
-0.34685022 -0.46841857 0.2183688 301389031555124
0.12629008 -0.832111 0.20806798 301389051696412
0.5013264 -1.1445297 0.35805768 301389071838067
0.20686068 -0.6880179 0.40797505 301389092306127
-0.073179126 -0.859198 0.471552 301389112121217
-0.38187054 -0.76829934 0.45736426 301389132263132
-0.29168472 -0.10905582 0.34109914 301389152404524
-0.074178465 0.3855945 0.14342551 301389172545970
0.069081664 0.489116 -0.00934729 301389192687988
-0.17433134 0.14517325 -0.17526889 301389212829225
-0.0596409 0.10042204 -0.21098624 301389232970983
0.29247183 0.35348678 -0.20903191 301389253113158
0.5143751 0.45836818 -0.1835421 301389273254239
0.43792439 0.29045743 -0.15172255 301389293395787
0.3756054 7.638037E-4 -0.110367745 301389313537442
0.32247782 -0.2045718 -0.09156087 301389333678990
0.13852315 -0.25041366 -0.118854396 301389353820644
0.10416407 -0.11690171 -0.11157474 301389373962194
0.020423844 0.27022853 -0.17503555 301389394103275
-0.2450419 0.46893382 -0.13021229 301389414244617
-0.25068876 0.313728 -0.02106262 301389434386322
-0.17293331 0.085465536 0.029180605 301389454527819
-0.337864 -0.005037293 0.054525737 301389474669629
-0.26102456 -0.049459614 0.07431677 301389494811178
-0.07913267 0.00716874 0.08842901 301389514952623
0.07030794 0.12985465 0.16711152 301389535094642
-0.05854839 0.40510944 0.08968674 301389555236191
-0.525188 0.30741185 0.04299154 301389575378001
-0.6231497 -0.13725692 0.075681835 301389595519656
-0.142941 -0.42977288 0.08313429 301389615661256
0.19701177 -0.22076991 -0.06876741 301389635802754
0.19953594 0.15124393 -0.15468551 301389655944251
0.11792009 0.21630931 -0.12510404 301389676086061
0.14572437 0.5686142 6.66894E-4 301389696227558
0.10389699 0.58388484 0.035838075 301389716369212
-0.12860359 -0.022846919 0.09029674 301389736511022
-0.1779018 -0.6920229 0.20132685 301389756652623
0.1629404 -0.69588625 0.18415841 301389776798497
0.044964604 0.03563433 0.072836384 301389796935097
-0.27821374 2.4060125 0.21639138 301389817076699
-0.1455496 1.6382244 -0.24562594 301389837218977
0.9605519 -1.7379131 0.5616928 301389857359902
0.80534923 -2.0829623 0.733448 301389877501712
-0.49337953 -0.9811208 0.5010681 301389897643783
-0.43477786 0.62756026 0.289422 301389917784759
0.0070536137 1.9943839 0.52334845 301389937926881
0.3230192 0.46266687 0.41029277 301389958068536
