-1.0291398 0.106199 0.22038256 300725546418813
0.074484944 -2.3817773 0.32550073 300725566560154
1.1916881 -4.732487 0.48839316 300725586701756
0.98933387 -2.623602 0.45243213 300725606843201
-0.35106212 1.0088626 -0.10432059 300725626984906
-0.34148175 0.5886032 -0.13491754 300725647126457
-0.16280368 -0.010498777 -0.06537833 300725667268005
0.03863305 -0.25535968 0.035429783 300725687409607
-0.00987386 0.087568566 0.10010799 300725707551885
-0.35332692 0.6513619 0.07644181 300725727693435
-0.3069577 0.7854339 0.20516399 300725747834932
0.10192406 0.27992326 0.40571716 300725767975909
0.21319579 -0.53557664 0.4146637 300725788117562
0.12787855 -1.1964138 0.4298337 300725808259269
0.07268894 -1.3336285 0.25290805 300725828400870
0.26088408 -0.72781336 0.042596206 300725848542523
0.23771887 0.45658022 -0.19162393 300725868684698
-0.21727145 1.1078995 -0.23178723 300725888826352
-0.42000303 0.8118333 -0.18427153 300725908971912
-0.44044688 0.4417411 -0.10210612 300725929109398
0.08369669 0.030031178 0.14003372 300725949251209
0.30011475 0.062144384 0.32446817 300725969392706
0.18135694 0.2628597 0.5911581 300725989534204
-0.12367903 -0.24775177 0.6045793 300726009675701
-0.06786227 -0.829295 0.5878515 300726029817459
0.4262723 -0.88452333 0.72481924 300726049958279
0.5242865 -0.30382276 0.88888836 300726070100610
0.13273714 0.14685512 1.0118278 300726090242368
-0.36345142 -0.20627879 0.9475125 300726110383761
-0.24926841 -1.0124913 0.8693869 300726130525362
0.05401486 -1.2436848 0.56435454 300726150666860
0.33890146 -0.40703404 0.10991449 300726170808618
0.21061337 0.24697912 -0.300095 300726190949490
0.029513597 0.5497108 -0.5304545 300726211092029
-0.31913987 0.7224335 -0.71594024 300726231233318
-0.36938816 0.63458955 -0.75396913 300726251375180
-0.12396419 0.32369447 -0.60573745 300726271516729
0.07057098 0.09147505 -0.40526178 300726291658332
0.07904924 -0.23193559 -0.14578588 300726311799881
0.39308965 -0.16719349 -0.19969386 300726331941638
0.2701745 -0.091329195 -0.12541193 300726352082980
0.056325518 0.040355705 -0.117662154 300726372224633
0.07144261 0.12961692 -0.05000563 300726392366182
0.07230784 -0.021053635 -0.057590205 300726412507837
-0.030583408 -0.06203285 -0.10696989 300726432649438
0.061052628 0.064975694 0.0051593455 300726452790154
-0.118245654 0.34422478 0.08674261 300726472932069
-0.22438006 0.17710587 0.18823716 300726493073461
-0.016277924 -0.33474758 0.31364605 300726513215219
0.04680425 -0.41726348 0.3865613 300726533356716
0.18329759 -0.4009724 0.35322005 300726553498318
0.124072574 -0.10891166 0.2522296 300726573639919
-0.1645869 0.072851926 0.13452324 300726593781521
-0.15322492 0.14972228 0.043640554 300726613923279
-0.056148645 0.15619242 0.0056403503 300726634064985
-0.2760558 0.11672548 -0.067311876 300726654206274
-0.2741063 0.19713996 -0.10341993 300726674347928
0.0446496 0.26826182 -0.12836823 300726694489477
0.3558163 -0.06648645 -0.045497037 300726714631286
0.33039376 -0.4385922 0.07036432 300726734772732
-0.23576114 -0.40528935 -0.1354033 300726754914333
-0.07699521 0.40975416 -0.26582795 300726775056092
0.9302893 1.1211902 4.3722242E-4 300726795197694
0.053275734 0.31454766 -0.36347452 300726815339399
-0.112611055 -0.8603789 0.029177576 300726835480949
-0.13928038 -0.6850264 0.14103237 300726855622497
-0.18185593 0.055680685 0.052259583 300726875764620
-0.09541999 0.51340306 -0.05297774 300726895906117
-0.28801423 0.5691526 -0.31417716 300726916047198
-0.14156146 0.50203633 -0.16339013 300726936188800
3.1771138E-4 0.09689374 0.09952243 300726956330349
