-0.35870868 -0.06723288 -0.14348698 300722384195076
-0.12651621 -0.08535236 -0.009313172 300722404336626
0.059670888 -0.10254896 0.097908214 300722424478176
0.25261045 -0.4122853 0.17027043 300722444619881
0.08460632 -0.15322734 0.056580942 300722464761379
-0.09240644 0.13250314 -0.01217892 300722484902980
-0.2210699 0.34378853 -0.048211507 300722505044739
-0.06239613 0.18682307 -0.06704904 300722525186131
0.054679755 0.17155606 -0.07884136 300722545327212
0.10931493 0.21147542 -0.08856164 300722565469022
-0.037590776 0.32860547 -0.08038398 300722585610519
-0.10558696 0.061664514 0.045132086 300722605752069
-0.022102077 -0.20307678 0.1381719 300722625893618
0.011431925 -0.2881091 0.1500426 300722646035221
-0.021255754 -0.15600947 0.032305647 300722666176873
0.060513787 0.07842134 0.0039550755 300722686318476
0.08560816 0.10356003 -0.022856206 300722706460024
0.04898225 0.10729644 -0.016476177 300722726601887
-0.0026436374 0.16130365 -0.0066088624 300722746743176
-0.0946572 0.16534789 0.017085299 300722766884829
-0.16216046 0.05348986 0.08754472 300722787026483
-0.046481 -0.21908788 0.12609774 300722807168241
0.13726981 -0.4825726 0.111428834 300722827309842
0.18422729 -0.22473243 0.00712312 300722847451288
5.327016E-4 0.21086761 -0.13960274 300722867592993
0.01235497 0.43385917 -0.18639319 300722887734543
-0.03365717 0.21774927 -0.082959935 300722907876249
0.09157534 -0.090927534 -0.021014307 300722928017799
0.13798009 -0.1387138 0.0422216 300722948159348
-0.06575865 -0.17761058 0.070506185 300722968301001
-0.06463128 -0.21116948 0.052209795 300722988442550
0.057322726 0.035256587 0.050732695 300723008584621
-0.06747044 0.14156878 0.0153596215 300723028726274
-0.12265526 -0.0534854 0.023461282 300723048867928
-0.017513193 -0.1032504 0.01741193 300723069009426
0.0095893815 0.036165692 -0.0018787095 300723089151131
-0.0056758597 0.098978885 -0.02567347 300723109292785
-0.010743315 -0.03844937 -0.010675855 300723129434386
0.005970612 -0.14167553 -0.0013454221 300723149575988
-0.011455888 -0.004259294 -0.007167561 300723169716756
-0.109491795 0.27902347 -0.052494004 300723189858358
-0.085530266 0.24650398 -0.06267667 300723210000063
0.105739236 -0.03445544 0.04478386 300723230141717
0.11519719 -0.29671252 0.124449864 300723250283319
0.038124457 -0.38752142 0.063590765 300723270424816
0.05004484 -0.13232379 0.0024355426 300723290566470
0.052480206 0.19421393 -0.041055318 300723310708071
0.009660371 0.22125354 -0.063130796 300723330849621
0.059176236 0.09990057 -0.0111831045 300723350991274
-0.03188549 0.034940377 0.039677385 300723371132824
-0.23034774 0.025124945 0.05811302 300723391274478
-0.088641636 -0.044309713 0.03887843 300723411416132
0.21217266 -0.15519014 0.033558298 300723431558462
0.08976124 -0.024855364 -0.0146704 300723451700011
-0.14593032 0.15298444 -0.10469589 300723471841613
-0.126238 0.12206128 -0.12592918 300723491983371
-0.016433053 0.018869963 -0.12108889 300723512124765
0.0065465085 -0.022500385 -0.0904745 300723532265844
0.02673684 0.047183715 -0.08327057 300723552407395
0.13429299 0.102807455 -0.05749567 300723572548892
-0.025217261 9.3316054E-4 0.022525707 300723592691222
-0.08688275 -0.15008363 0.08066815 300723612832044
0.09421405 -0.06657104 0.10735313 300723632973697
0.17966321 0.037869915 0.0734307 300723653115298
0.17659366 -0.14978959 0.059070103 300723673256899
-0.048622362 -0.09671787 0.054178953 300723693399074
-0.14688915 0.08755824 0.13156015 300723713540676
-0.1931136 0.041584894 0.07584576 300723733682434
-0.14268689 -0.0773632 0.12921233 300723753823254
-0.011832438 0.08661145 0.13804951 300723773965011
-0.16601725 0.04522266 -0.008260071 300723794106405
-0.088300854 -0.18287003 -0.018395819 300723814248995
0.042599224 -0.22532848 0.0026104935 300723834390805
-1.092775 0.16193467 -0.7853748 300723854531313
1.2264192 0.93073714 0.34315482 300723874672915
0.2260221 1.1307224 -0.51415116 300723894814518
-0.081710935 -0.7466743 -0.052261382 300723914956014
0.61466056 -1.1636593 0.36823198 300723935097772
0.4933049 -0.7722716 0.35461468 300723955240102
0.05097109 -0.14996521 -0.05890929 300723975380975
-0.72189945 0.7368183 -0.9060469 300723995522472
0.047863007 1.4417094 0.53740233 300724015664126
