-0.015790373 0.16483495 -0.09396424 300591201916441
0.024740413 -0.20973672 -0.024020426 300591222057834
0.06409982 -0.36706054 0.008836232 300591242199436
0.13621987 0.3433384 -0.10061184 300591262341038
-0.087245695 0.6438947 -0.04443214 300591282482899
-0.012751421 -0.011268562 0.055663664 300591302624294
-0.0038660094 -0.47623456 0.098751664 300591322765895
-0.17363407 -0.35389858 -0.015350461 300591342907548
0.0046728477 -0.21015415 -0.05283414 300591363049045
-0.045890335 -0.0063726497 0.0027833127 300591383190647
-0.11559265 0.05037275 0.036095507 300591403332456
-0.08503215 -0.10455713 0.030118434 300591423474059
-0.01631748 0.002552838 -0.019550767 300591443615504
-0.002165608 0.32040137 -0.081211984 300591463757157
0.08864895 0.2653108 -0.017621357 300591483898759
0.052795686 -0.041560292 0.032247026 300591504040360
-0.036456376 -0.26220787 0.046961524 300591524182014
-0.051220946 -0.20410962 0.032158837 300591544323667
0.021526698 0.095507324 0.037949584 300591564465165
-0.033848416 0.17331602 -0.025607783 300591584606819
0.042973366 -0.024821779 0.020303518 300591604748680
0.07188849 0.012110749 0.013973352 300591624890179
-0.012539836 0.15446672 -0.015071964 300591645031624
-0.2130076 0.12180761 0.07565352 300591665173121
-0.14317408 -0.09364425 0.10295755 300591685314722
-0.011059012 -0.23825924 0.042252675 300591705456429
0.110274576 -0.25659627 -0.023775138 300591725598341
0.2011028 0.0017478354 -0.09139255 300591745739579
0.17877656 0.3718622 -0.16064149 300591765881910
0.09127478 0.3059292 -0.07283164 300591786022782
0.0918965 -0.0052463757 -0.021948896 300591806164333
0.047391653 -0.3758983 0.025062103 300591826305933
-0.1389207 -0.4014117 0.03397212 300591846447483
-0.23306616 -0.12648392 0.030486671 300591866589136
-0.08881478 0.084436715 0.059355546 300591886730738
0.07546454 -0.012180822 0.095953554 300591906872340
0.15051952 -0.08947029 0.10055049 300591927013942
0.027685788 0.029190883 0.027214577 300591947155543
-0.16323775 0.11714409 -0.023656059 300591967297196
-0.14979851 0.16547422 -0.03719016 300591987438903
0.012465008 0.10553737 -0.018833458 300592007580347
0.092944995 -0.13003245 0.026138324 300592027722106
-0.05248998 -0.14552793 -0.007036198 300592047863550
-0.18135192 0.089197576 -0.05346003 300592068005100
-0.08788248 0.14288269 -0.0332848 300592088146806
0.116236076 0.08254938 -0.0027634203 300592108288720
0.06246745 -0.03612894 0.025920993 300592128429957
-0.1511962 -0.14511105 -0.061822683 300592148571662
0.39756563 0.115037374 -0.06641418 300592168713213
0.53959626 0.44262472 -0.099240094 300592188854865
-0.14848085 -0.03161893 -0.0019097868 300592208996363
-0.69243103 -0.5902276 0.12878397 300592229138486
-0.38158342 -0.36619708 0.06323689 300592249280139
0.48467875 0.04376912 0.086624965 300592269421168
0.39767882 0.6670174 0.023999587 300592289562822
