0.11969674 -0.22791529 7.4865603 301340873000492
-0.02224946 0.020229101 5.9240985 301340893142250
0.044706285 0.10722661 4.7355986 301340913283799
0.25592488 -0.0902046 3.8293104 301340933425245
0.2950555 0.11753553 3.002556 301340953566847
0.13517123 -0.18978739 2.4083269 301340973708500
0.14852875 -0.21120891 1.9469266 301340993849476
0.081539035 0.1639063 1.4368895 301341013991130
-0.14742728 0.32545352 1.1811591 301341034132679
-0.19066349 -0.08890873 1.0413942 301341054274333
0.3686713 -0.33150548 0.9771646 301341074415987
0.20416 -0.17730047 0.74896 301341094557641
-0.13396661 0.04788272 0.53038996 301341114699190
-0.1585137 0.014979575 0.44335693 301341134840687
-0.1159385 0.064763695 0.32742047 301341154982289
-0.15440623 0.25767413 0.17598896 301341175123942
-0.22458422 -0.006423071 0.1256239 301341195265545
-0.20497093 0.020026077 0.09698556 301341215407041
-0.24279626 0.22534472 -0.06899097 301341235548852
-0.08985631 0.46511465 -0.18924777 301341255690297
0.30130687 0.076331764 -0.06399351 301341275832524
0.3369162 -0.49801797 0.19132802 301341295973969
0.26545283 -0.41480583 0.1715315 301341316115675
0.13724199 0.037211444 0.068687305 301341336257641
0.15232798 0.2534946 0.01381536 301341356398825
0.29618633 0.012673318 0.13121691 301341376540583
0.27297515 -0.15803598 0.27714527 301341396682290
0.11220611 -0.10378833 0.28935093 301341416823839
0.0098792985 -0.03805126 0.21586888 301341436965493
0.122124955 -0.12315939 0.1744841 301341457107302
0.1884755 -0.2618107 0.18786028 301341477248696
0.07992742 -0.023365244 0.10575784 301341497390244
-0.16569006 0.39730534 -0.0760797 301341517531638
-0.23979905 0.28594187 -0.1389328 301341537673604
-0.064274505 0.08329716 -0.0908564 301341557814997
-0.018483672 -0.13499756 -0.04536404 301341577956547
-0.1633177 0.05114778 -0.08230153 301341598098357
-0.36634701 0.23648386 -0.1319781 301341618239803
-0.38204062 0.08321796 -0.11239746 301341638381352
-0.06702166 -0.0656489 -0.05271146 301341658522902
0.08217713 0.022703812 -0.07312412 301341678664450
-0.09265675 0.16571727 -0.14722791 301341698806104
-0.1828929 0.2424955 -0.20816049 301341718947602
-0.16274524 0.22167414 -0.16801468 301341739089464
0.04849544 0.08282158 -0.074013725 301341759230909
0.39053565 -0.10696536 0.031250797 301341779372718
0.27711007 -0.2743942 0.067768686 301341799514424
-0.11469485 -0.0818853 0.027310695 301341819655869
-0.13511936 0.17691894 0.004591264 301341839797576
0.14258134 0.06713316 0.041180387 301341859938968
0.06974582 -0.26792157 0.1206298 301341880080831
-0.15139371 -0.23874962 0.1120332 301341900222381
-0.24351296 0.14680539 0.0077373013 301341920363930
-0.15550396 0.29846802 -0.03607785 301341940505376
0.025102466 0.15590802 -0.022741131 301341960646352
0.168493 -0.06762754 0.03593164 301341980788682
0.06243747 -0.10329956 0.016911509 301342000929658
-0.1676682 0.060395274 -0.057974797 301342021071209
-0.09725332 0.011325944 -0.02575573 301342041212915
0.019100055 -0.012520334 -0.03881 301342061354984
0.016283356 -0.16876419 0.08667266 301342081495961
-0.015782304 -0.16125262 0.109718785 301342101638239
0.11555758 -0.25630417 0.13467094 301342121779842
0.009343021 -0.26945603 0.060159087 301342141921443
-0.12319246 0.004294142 -0.0124295335 301342162063044
-0.10281268 0.2028327 -0.042966653 301342182204593
-0.018425036 0.016641062 -0.034368236 301342202346403
0.12684534 0.025540462 -0.04692718 301342222487224
-0.08512761 0.31697917 -0.17657797 301342242628930
-0.064651996 0.15498824 -0.06662401 301342262770479
0.17392403 -0.2394567 0.08402279 301342282912029
0.51057965 -0.25959417 0.13812274 301342303053527
0.47591662 0.09815429 0.05473611 301342323195388
0.043124944 0.20104185 0.003995482 301342343337041
-0.23691541 -0.10214381 0.11613211 301342363478696
0.065921485 -0.33219844 0.2926336 301342383620089
0.36434793 -0.024747193 0.18230325 301342403761535
0.30853152 0.18252864 0.060061555 301342423903552
-0.13918345 0.00826136 -0.0283508 301342444044945
0.013058014 0.12366184 -0.017212443 301342464186807
0.2502179 0.18095715 -0.008148452 301342484328097
0.29725546 0.020199567 0.029887546 301342504469593
0.13408233 -0.03392817 -0.0013335235 301342524611768
-0.0550223 0.04297265 -0.068698905 301342544753214
-0.19689779 0.134448 -0.06922237 301342564895023
-0.16896273 0.15155602 -0.014056876 301342585036625
-0.3053068 0.46819973 0.11851187 301342605178382
-0.40758106 0.7944586 0.3295363 301342625320036
-0.4396633 0.69069153 0.59322625 301342645461533
-0.3525458 -0.12021821 0.9617487 301342665603240
0.043492556 -1.0708843 1.2930295 301342685744737
0.80366063 -1.5681367 1.4023654 301342705886598
1.1994952 -1.2646751 1.2200062 301342726027784
0.47763336 -0.46254882 0.687918 301342746169438
-0.48269504 0.28125358 0.0907855 301342766311039
-0.806528 0.4436759 -0.31895053 301342786452953
-0.67722803 0.11978522 -0.5391116 301342806594295
-0.44010204 0.038042635 -0.78909814 301342826735843
-0.15171501 0.45534506 -1.0048585 301342846877393
0.0065733194 0.8776643 -1.001873 301342867019047
-0.10007715 0.83565223 -0.7499281 301342887160544
-0.20632309 0.49318945 -0.3303807 301342907302250
-0.020875148 0.08571573 0.011061987 301342927443955
0.3984138 -0.20715378 0.30569193 301342947585766
0.64372414 -0.48360646 0.60312176 301342967727680
0.41497996 -0.7516189 0.7860456 301342987868656
0.19762212 -0.80529296 0.8386969 301343008010311
0.20868063 -0.5424074 0.6189389 301343028152015
0.28950554 0.0022413582 0.2375985 301343048293409
0.15077347 0.30276823 -0.048791707 301343068435114
-0.30024007 0.11000827 -0.2348643 301343088576717
-0.40894142 0.14812645 -0.3165362 301343108718214
-0.21782693 0.23741111 -0.46934333 301343128859920
-0.3471476 0.50292003 -0.55050564 301343149001520
-0.056867838 0.5922948 -0.42214638 301343169143175
0.099171095 0.17967561 -0.22326684 301343189284672
-0.063553974 -0.3814895 -0.0050376803 301343209426325
-0.33339542 -0.20005828 -0.024788264 301343229568083
-0.4709693 0.0047510862 0.08768633 301343249709425
0.33684358 -0.093192294 0.2939722 301343269851131
0.64050734 -0.23056221 0.44469434 301343289992783
0.028103068 -0.38683316 0.35297334 301343310134437
-0.17083791 -0.086943075 0.1649214 301343330276040
-0.15091059 0.19709319 0.07885321 301343350418110
-0.121926725 0.16447912 0.0027330518 301343370560180
-0.26053652 0.18027337 -0.045139723 301343390701729
-0.067737795 0.103100725 -0.1629926 301343410843383
0.31862143 0.13829681 -0.17358138 301343430984255
-0.02502583 0.01980152 -0.272305 301343451126169
-0.03434843 -0.14632553 -0.25021902 301343471267666
0.15377529 -0.009386836 -0.2446953 301343491408226
0.28331336 -0.065022126 -0.27175504 301343511549672
0.3035481 0.04066732 -0.34566498 301343531692419
-0.060973167 0.112189226 -0.4411999 301343551833865
-0.25601146 0.10395035 -0.4122991 301343571975935
-0.071237594 -0.054992683 -0.40324554 301343592117329
0.09755884 0.028481547 -0.38782904 301343612258878
-0.19797403 0.36014673 -0.54052746 301343632694385
-0.37344706 0.5210038 -0.62739706 301343652541977
-0.14966291 0.27653188 -0.53509545 301343672683214
0.11418603 0.19455741 -0.47647476 301343692824920
-0.052052647 0.23491398 -0.32971752 301343712966260
-0.31222755 -0.2403121 -0.20969681 301343733107393
0.0031176023 0.050774094 -0.09753969 301343753248838
0.16605616 0.74945945 0.102261394 301343773390700
-0.39036763 -0.63672155 0.173869 301343793532041
0.26802385 -1.377279 0.58606035 301343813673800
0.30692723 -0.4440515 0.27418953 301343833815298
-0.1403191 0.5902925 -0.058873042 301343853957159
-0.18424428 0.7688494 -0.07094081 301343874098500
