0.034590036 -0.061030086 -0.008490564 300602682623209
-0.020852676 0.06461935 0.008642259 300602702764811
-0.065215506 0.16513056 0.022350151 300602722906361
-0.1698828 0.21678159 0.0111547485 300602743047910
-0.029705577 -0.16614547 0.032395795 300602763189512
0.19352141 -0.5783245 0.06776892 300602783331061
0.1861446 -0.45279324 0.07355884 300602803472767
-0.19609523 -0.05594662 -0.008281445 300602823614472
-0.1592575 0.18984821 0.004099887 300602843755502
-0.043878697 0.22549805 -0.0063437987 300602863897103
-0.026223846 -0.043163408 3.2124599E-4 300602884038548
-0.17387672 -0.25510952 -0.062042713 300602904180202
-0.03556055 -0.22906503 -0.05344499 300602924321855
-0.20608218 0.13989943 -0.10104175 300602944463458
-0.0014828928 0.05630188 -0.21943533 300602964605006
0.07195382 -0.4027999 -0.38342142 300602984746504
0.017429784 -0.41452956 -0.57875353 300603004888157
0.19280553 -0.5601188 -0.8557701 300603025029759
-0.14479412 -0.15260479 -1.1184474 300603045171257
-0.43777537 0.26206422 -1.3098253 300603065312910
-0.48097193 0.62859404 -1.3521774 300603085454616
-0.24026707 0.95999813 -1.1663517 300603105596373
0.04835868 1.2849811 -0.8811474 300603125737716
0.2671376 1.6538908 -0.40019727 300603145879681
-0.052787304 1.9889357 0.23124352 300603166021023
-0.96526515 1.5331011 0.66697085 300603186162573
-1.3537322 0.74157286 0.8162925 300603206304486
-0.13237649 -1.1690423 0.7031311 300603226445931
2.3501031 -3.3931572 0.56408894 300603246587324
2.8559127 -3.931195 0.68964505 300603266729083
1.4391623 -2.4409828 0.3509298 300603286870684
-0.5672649 0.0711672 -0.16028051 300603307012858
-1.4098516 1.4276353 -0.48837078 300603327154615
-1.4095278 1.8599092 -0.5264 300603347296061
-1.210847 1.562377 -0.38723245 300603367437559
-0.477534 0.45293382 -0.16779776 300603387579421
-0.030105688 -0.23616754 -0.025298912 300603407720814
0.5819846 0.0036478043 0.1009994 300603427863093
0.7376151 0.39328244 0.2402738 300603448003965
0.34588116 0.05727838 0.24593991 300603468145149
0.26104134 -0.8197602 0.23042676 300603488286543
0.8236201 -1.4941186 0.18831678 300603508428458
1.194194 -1.1792763 0.2607803 300603528569798
0.4619316 -0.12340924 0.12591724 300603548711556
-0.68276644 0.2970068 0.02438739 300603568853731
-0.9118031 0.48855042 -0.024333432 300603588995228
-0.6299006 0.49979126 0.0026239902 300603609136204
-0.40331244 0.78147733 0.16117747 300603629278588
-0.344819 0.5049795 0.38965008 300603649420345
-0.2240075 0.14123842 0.5263454 300603669561582
0.050684705 -0.08749616 0.515488 300603689703288
0.4172395 -0.48070818 0.6143193 300603709844941
0.77792615 -0.5306004 0.7300642 300603729986544
0.65191007 -0.14039311 0.9454628 300603750128197
0.2982041 0.1910628 1.1186849 300603770269642
0.030746043 -0.06945157 1.0589142 300603790411243
0.27576283 -0.8722283 0.9381491 300603810553053
0.4439826 -1.3979404 0.58294564 300603830694812
0.17719272 -0.91673756 0.09062903 300603850836412
-0.290848 0.32468024 -0.40236822 300603870977651
-0.5377156 1.1980597 -0.7032137 300603891119407
-0.6510391 1.2264609 -0.80336744 300603911260853
-0.47223407 0.54530835 -0.8288568 300603931402558
-0.0022237822 -0.070441365 -0.66359913 300603951544212
0.35148543 -0.10050422 -0.53553474 300603971684980
0.2877099 0.24404375 -0.4185107 300603991826634
0.14689207 0.2594557 -0.32097214 300604011968392
0.37983236 -0.11931786 -0.20591861 300604032109941
0.25830945 -0.16399094 -0.087066084 300604052251440
-0.15482125 -0.02416823 0.01707745 300604072392988
-0.26287138 0.07008793 0.07653903 300604092534694
-0.10926426 0.1111981 0.074850306 300604112676243
-0.03999861 -0.015898133 0.066058174 300604132817846
-0.09943289 -0.14308327 0.09633769 300604152960280
-0.16044201 0.018328942 0.1314894 300604173101725
-0.19245175 0.18073934 0.16877744 300604193243276
-0.14339414 0.22048238 0.1629408 300604213384512
0.20077774 0.18059096 0.2417978 300604233526166
0.24610709 0.0110410005 0.20478797 300604253667663
0.20112884 -0.35201168 0.19225967 300604273809889
0.30627614 -0.61223114 0.16533992 300604293951386
0.3033987 -0.3157542 0.048810408 300604314093040
0.054542355 0.1350724 0.009703907 300604334234591
-0.3200516 0.3751293 -0.033353277 300604354376191
-0.40699714 0.39485908 -0.07636526 300604374518054
-0.2127551 0.2506697 -0.10879907 300604394659446
0.047481973 0.12818757 -0.04539574 300604414800215
-0.0076602697 0.16473505 -0.10513196 300604434941764
-0.16167103 0.4447887 0.006969236 300604455083626
-0.26702484 -0.10121852 -0.067455724 300604475225072
0.4988994 -1.0213892 0.0079057515 300604495367559
1.1624749 -1.1909379 0.26411614 300604515508952
0.18375428 -0.60730064 0.18791959 300604535650501
-0.4703493 0.28232735 -0.13687089 300604555792051
0.11417428 0.91845906 -0.13143331 300604575933132
0.23452228 0.83746195 0.024806395 300604596074629
-0.40424702 0.30793497 -0.119595364 300604616216751
