-0.9284071 -0.0678388 -0.2659422 300586327649749
-0.3657766 -0.17520028 -0.052714955 300586347791194
0.064937994 -0.33002767 -0.0064529935 300586367932640
0.23717193 -0.108435094 0.05495189 300586388074188
0.07002672 0.13031493 -0.01021261 300586408215842
-0.40295568 -0.102172695 -0.010319002 300586428357393
-0.4105084 -0.21500693 0.06505346 300586448498993
0.014272464 -0.027675902 0.0799819 300586468640700
0.36113903 0.12115753 0.11955593 300586488782301
0.2500021 -0.10421003 0.08038577 300586508923850
0.056873076 -0.28809348 0.029166486 300586529065399
-0.26997066 -0.036839984 -0.040704966 300586549207001
-0.08660818 0.24256963 -0.015899556 300586569347978
0.11476846 0.29655793 -0.05744591 300586589489579
0.1359127 0.0010094009 -0.06787968 300586609631337
-0.1697706 -0.26434234 -0.06371531 300586629772678
-0.3820839 -0.093756855 -0.039623164 300586649915062
-0.31495416 0.21976909 -0.013765849 300586670056819
0.116014004 0.15181403 0.060997535 300586690198264
0.39515218 -0.13675515 0.12748009 300586710339761
0.25659096 -0.2268391 0.066027746 300586730481363
0.13047902 -0.05896397 0.03953942 300586750622444
0.011063974 0.116125226 0.037247516 300586770764983
-0.101713456 0.18271324 -0.012978999 300586790906376
-0.15871203 0.090792805 -0.08589841 300586811047873
-0.1196425 0.010529689 -0.008114312 300586831189423
-0.035383713 -0.013093925 0.034186225 300586851331232
0.14360456 0.038086586 0.06381649 300586871472626
0.18918379 -0.08078228 0.061867476 300586891614488
0.03686279 -0.13796255 0.010993387 300586911755517
-0.045544535 0.016845427 -0.020072892 300586931897431
0.0026125018 0.089901626 -0.038465604 300586952039188
-0.11773402 -0.0370097 -0.087506756 300586972180634
-0.12210131 -0.019518783 -0.07075622 300586992322287
-0.03639689 0.054354317 -0.0054775374 300587012463524
-0.1406617 -0.03985137 -0.027034463 300587032605178
-0.037458133 -0.17307413 0.009182192 300587052746623
0.27573183 -0.06898463 0.05791863 300587072889319
0.4046042 0.18803231 -0.0076630116 300587093030348
0.062181115 0.1581665 -0.061069258 300587113172001
-0.40008616 -0.060931355 -0.06862822 300587133313654
-0.4519761 -0.09749529 -0.010909855 300587153455048
0.117450096 -0.12490362 0.1149331 300587173596649
0.49461558 -0.10757126 0.13888104 300587193738459
0.27332348 -0.18566185 0.030431572 300587213879904
-0.12657374 -0.044674028 -0.032545578 300587234021559
-0.6793853 0.7174552 -0.27751574 300587254163160
-1.1079235 1.6640409 -0.077310026 300587274304762
-0.66105944 0.4435172 -0.20220375 300587294446572
0.5715471 -1.7790015 0.08886197 300587314587964
1.2349188 -2.1935236 0.38153616 300587334729462
0.9809498 -1.5083835 0.29588977 300587354870699
0.39763063 0.13107404 -0.29142493 300587375012145
-0.45143485 1.7587876 0.10118958 300587395153695
-0.2814061 1.2058179 -0.1533378 300587415295191
-0.29656592 0.16397929 -0.0671127 300587435436897
