-0.4272555 0.27689314 -0.26099253 300724035806457
-0.17755665 -0.60124695 -0.07158311 300724055948006
-0.17139953 -0.098758936 0.012144497 300724076089712
-0.16646871 0.30326372 0.0791429 300724096231209
-0.09702642 0.034407094 0.17598328 300724116372915
0.3225711 -0.56801164 0.24833187 300724136514413
0.3046703 -0.5220338 0.1997846 300724156656014
0.043354593 -0.16630507 0.11401025 300724176797720
-0.22169767 0.258603 -0.059346918 300724196939269
-0.19606644 0.3969116 -0.110040545 300724217080976
-0.005311385 -0.10347001 -0.06671919 300724237221795
0.13035259 -0.071717985 -0.097308256 300724257363398
0.1823944 0.13736434 -0.12099957 300724277505624
-0.037963104 0.14965639 -0.038981244 300724297647173
-0.106475346 -0.15934657 0.057519667 300724317789034
0.092396826 -0.3199333 0.18068367 300724337930376
0.32281032 -0.23972836 0.06668188 300724358071979
0.16474393 0.083148986 -0.017726552 300724378213580
0.01942014 0.19029726 0.023817101 300724398354556
-0.10596258 0.03523455 0.036967754 300724418496105
-0.10426936 -0.091068454 0.060542315 300724438637655
0.03216043 -0.19142124 0.06351909 300724458779412
0.048287503 -0.08920778 -0.0050812103 300724478920962
-0.043195717 0.20702454 -0.09330247 300724499062563
-0.08906411 0.33300248 -0.20566614 300724519204269
-0.06751639 0.0588649 -0.043827835 300724539345715
0.0097414255 -0.23236248 0.055788115 300724559487368
0.1290335 -0.11931635 -0.0022223406 300724579628971
0.09501472 0.06795693 -0.021074813 300724599770467
0.049523354 0.13344167 -0.00570356 300724619912173
-0.041305266 -0.066274144 0.043991618 300724640053827
-0.11110766 -0.08427627 0.036462132 300724660195376
0.11164434 -0.031363934 0.07454499 300724680336979
-0.03639914 0.030101465 0.016000792 300724700478579
-0.17457831 -0.08484759 0.025556931 300724720620233
-6.258739E-4 -3.7872698E-4 0.07792226 300724740761678
0.035756655 0.030653838 0.08570799 300724760903957
-0.13489462 -0.03221473 0.032991916 300724781045714
-0.048105326 -0.1066235 0.0015853038 300724801187316
0.19185147 -0.13068786 -0.011811312 300724821328709
-0.003285788 0.15603007 -0.10091703 300724841469738
-0.26243046 0.28477958 -0.17764845 300724861611392
-0.23590535 0.15093483 -0.1484429 300724881753098
0.12996201 -0.0033098832 -0.0910493 300724901894595
0.286311 -0.09198663 -0.010466747 300724922036092
0.042913854 -0.019140955 0.010740064 300724942170193
-0.14804475 0.097410575 0.027277485 300724962311846
0.03152381 0.10681643 0.037173763 300724982453396
0.15521309 -0.08775468 0.08574112 300725002595103
0.115309805 -0.20623988 0.08851105 300725022737329
0.15762214 -0.17630899 0.11459286 300725042878201
-0.009318914 0.02851138 0.026988547 300725063020010
-0.1211564 0.106439896 0.00354857 300725083161404
0.024080068 0.053284083 0.057774946 300725103303005
-0.0026745251 -0.006515074 0.015218713 300725123444503
-0.11801453 -0.0069018677 -0.041983843 300725143586208
-0.08631618 -0.038840976 -0.006735484 300725163728487
-0.06782377 -0.085019566 0.01591885 300725183869933
-0.057467714 -0.057177678 0.002679532 300725204011795
-0.0060274377 -0.104890905 -0.0263706 300725224153344
0.0827146 -0.14863569 -0.074353516 300725244294321
-0.1747388 -0.09102216 -0.11892779 300725264436703
-0.36678916 -0.12855966 -0.2607752 300725284578409
-0.007346317 0.08378254 -0.5182663 300725304719074
0.33458945 0.17322516 -0.5644178 300725324860519
-0.21035518 -0.11413355 -0.9391435 300725345002328
-0.19098473 -0.20848964 -0.8456697 300725365143774
-0.3849467 -0.20948231 -1.1769947 300725385285480
-0.008044414 -0.22383675 -1.2207279 300725405426977
0.67187476 0.39275494 -1.0967968 300725425568630
0.94171333 0.91769016 -0.7377328 300725445710284
0.1650737 2.2195246 -0.38177937 300725465851781
-0.28596222 2.9834166 -0.3514098 300725485993383
-0.20139378 2.592617 0.5989964 300725506135506
-0.6741328 0.83613443 0.63150007 300725526276951
