-0.14597978 0.27696353 0.04770396 300709151133144
0.2403284 -0.5140123 0.15408164 300709171274693
0.8030371 -0.5528897 0.20754333 300709191416191
0.31913936 0.10023439 -0.005768165 300709211557741
-0.16790631 0.49026936 -0.18304293 300709231699394
-0.31246796 0.42365822 -0.23023966 300709251840996
-0.08710691 0.135694 -0.16884385 300709271982701
0.07925363 -0.077582985 -0.11762306 300709292124199
-0.083654314 0.112744495 -0.036353208 300709312265800
-0.0967653 0.078848094 -0.054205794 300709332407142
-0.1440896 -0.042723846 0.01018323 300709352548639
0.071801186 -0.18530746 0.03854642 300709372690918
0.1203759 -0.033498093 0.051493995 300709392832155
-0.0934608 0.09429082 -0.02874623 300709412973704
-0.25841632 0.05765754 -0.0059384033 300709433115462
-0.17770198 0.052070357 0.09489125 300709453256959
0.074260876 -0.17152213 0.110472545 300709473398665
0.3008853 -0.17643256 0.10237327 300709493540318
0.26919177 0.047974616 0.033200037 300709513681869
-0.03312146 0.108416855 -0.029430505 300709533823575
-0.20069617 0.094234936 -0.007963199 300709553965020
-0.2886397 0.014686838 0.04640916 300709574106674
-0.25659528 -0.015540391 0.056865975 300709594247545
-0.095182076 -0.008602383 0.06450766 300709614389043
0.19241235 -0.12742314 0.017013319 300709634530852
0.015961425 -0.12760514 -0.05171279 300709654673184
-0.26680747 0.014220662 -0.031983305 300709674814784
-0.044937417 0.1172369 -0.026496869 300709694956335
0.20039874 -0.08462682 -0.05338129 300709715097780
0.2037731 -0.19671091 -0.0023436025 300709735239434
0.06927274 0.020820674 -0.053090494 300709755381035
-0.14346775 0.30472678 -0.10334432 300709775522845
-0.12185623 0.27261 -0.079252705 300709795663769
0.14513627 -0.16103482 0.011177693 300709815805058
0.42599854 -0.46031222 0.07989509 300709835946660
0.26741293 -0.42793885 0.12241839 300709856089199
-0.21160632 0.08175112 0.05195926 300709876230696
-0.37274677 0.32204503 -0.007755667 300709896371517
-0.14641747 0.12480049 0.015915845 300709916513118
0.17280379 -0.14323248 0.07840526 300709936654928
0.07033113 -0.0925215 -0.003008049 300709956796425
-0.1559002 0.119230084 -0.06127134 300709976937976
-0.12019966 0.26545483 -0.068803735 300709997080149
-0.05447725 0.19114774 -0.024158012 300710017221699
-0.046754185 -0.08725241 0.041471664 300710037363145
-0.09774943 -0.21674311 0.037847087 300710057504850
-0.078606635 -0.09959085 0.007008341 300710077646504
-0.1264401 0.18974008 -0.05243638 300710097787688
0.020452544 0.23878619 -0.0034215562 300710117929135
0.14860025 -0.11310922 0.047345385 300710138070735
0.023544185 -0.2598869 0.029440366 300710158212389
-0.0412015 0.023643775 -0.008350933 300710178354096
0.074805245 0.13627018 -0.0071599167 300710198495593
0.23746881 -0.014667518 0.020764869 300710218638027
0.20805931 -0.1407228 0.059197918 300710238779525
-0.037056908 -0.1450845 0.0023387503 300710258921178
-0.20515239 0.05533413 -0.066171944 300710279062623
-0.015913859 0.19266737 -0.03387527 300710299204329
0.11070534 0.022620998 0.030258989 300710319345930
0.003931515 -0.1692605 0.0602411 300710339487585
-0.12981363 -0.05606225 0.05329243 300710359629395
-0.11885172 0.06952227 -0.01833624 300710379770736
-0.08309603 0.1696985 -0.06990101 300710399912233
0.054397617 0.061075576 -0.010305133 300710420054095
0.008007029 -0.05157724 -0.07492969 300710440195488
-0.056543928 0.019271214 -0.071833245 300710460337089
-0.07956349 0.28640673 -0.06648312 300710480478795
0.02885712 0.15592328 -0.0043078903 300710500620345
0.05523409 -0.15495706 0.04262772 300710520762154
0.010728113 -0.19858666 0.041428465 300710540903653
-0.1509417 0.0038106218 -0.026597217 300710561045306
-0.1035438 0.15339473 -0.061150882 300710581186751
0.18058631 -0.047392327 0.0051600933 300710601328352
0.2720645 -0.1277534 -0.051979847 300710621469278
0.12642194 0.09331335 -0.07583556 300710641610774
-0.074310675 0.4834724 0.08152422 300710661752376
-0.42463413 0.03403376 0.10539286 300710681894707
-0.049852937 -0.616514 0.26681745 300710702036309
0.11099687 -0.5133459 0.12037217 300710722177389
0.47438267 0.10577029 -0.13158198 300710742318886
-0.05265397 1.1146717 0.031402767 300710762460540
