-0.12298777 0.29496986 -0.30302772 300713763559694
-0.18098812 -0.090226814 -0.13623106 300713783701452
-0.04140392 -0.07732054 0.034260735 300713803842898
0.087715894 0.06572843 0.1606567 300713823984550
-0.2563731 -0.13117215 0.10055895 300713844126153
-0.15427125 -0.22599323 0.12268308 300713864267701
0.0075939875 -0.17644696 0.06932796 300713884409355
-0.00129034 0.114860795 0.01859835 300713904551322
0.04016792 0.17095634 0.014754798 300713924692559
-0.013216564 0.1635454 0.05968494 300713944834160
-0.08655276 0.08141012 0.056537017 300713964975136
-0.031701654 -0.019673456 0.07224268 300713985116686
-0.13255063 -0.0634294 0.05387047 300714005259017
-0.1884426 -0.014267139 -0.007522114 300714025400566
0.12130324 -0.09831001 -0.038067017 300714045542585
0.3007048 -0.06859476 -0.10678816 300714065683978
0.123139694 0.06734657 -0.11871804 300714085825372
0.03515105 0.056243822 -0.095947996 300714105966972
0.06340229 -0.011767726 -0.08173701 300714126108522
0.024134945 -0.13961354 -0.028532486 300714146250071
0.120281324 -0.20647924 0.059463684 300714166391881
0.12436068 -0.0069214497 0.006040678 300714186533899
0.054492213 0.10115652 -0.011312289 300714206674980
-0.03713485 -0.019654159 0.016747326 300714226816583
-0.05620542 -0.19448747 0.030269906 300714246957662
-0.119018346 -0.084164694 0.06619676 300714267099056
-0.14372234 0.11014752 0.05691373 300714287240761
-0.021084135 0.13268156 -0.009887002 300714307382415
0.009637563 0.03030403 -0.0043896185 300714327523861
-0.018629624 0.07828576 -0.0122346645 300714347665514
-0.1307229 0.19088943 -0.014439881 300714367807272
-0.1369088 0.17405316 -0.0304265 300714387948613
0.12589376 -0.034385175 9.0083806E-4 300714408090267
0.08714581 -0.1708963 0.045307226 300714428232180
-0.16627316 -0.08359469 0.045709185 300714448373626
-0.13159414 -0.094407864 0.04906718 300714468515175
0.06592588 -0.15391146 0.0023998655 300714488656726
0.14188923 -0.02521883 -0.06949224 300714508798222
0.18565446 0.15852726 -0.08429869 300714528939929
-0.076162666 0.25227147 -0.04467319 300714549081583
-0.057790793 0.17508565 -0.044289127 300714569223079
0.057995033 -0.0044216216 -0.021814283 300714589364733
0.13994731 -0.28075355 0.06435788 300714609506282
-0.2541027 -0.47485524 0.13368137 300714629647936
-0.2349985 0.011113044 -0.23437844 300714649789538
0.4554365 0.07838365 0.22148913 300714669931191
0.058193617 0.38102242 -0.13604854 300714690072741
-0.009492554 -0.18174757 0.04782349 300714710214498
0.20352755 -0.10546097 -0.020961292 300714730355892
-0.016139768 0.5344145 -0.3600279 300714750498170
0.3816451 0.23844545 0.038706668 300714770639720
-0.17232025 -0.09876352 0.21468106 300714790781582
-0.81372344 -0.45367447 0.104337975 300714810923027
