0.22871554 -0.035342284 0.041074548 300589892712912
0.10817672 -0.37448734 0.011495553 300589912854931
-0.0511503 -0.2318595 -0.02711226 300589932996220
-0.09738468 0.29973695 -0.025740862 300589953137822
0.02532851 0.37790743 -0.0021523535 300589973279423
-0.040332213 0.09856014 0.023764346 300589993421077
-0.09285694 -0.12493156 0.044489305 300590013562575
0.08834036 -0.3156475 0.06516664 300590033704123
0.078081496 -0.016301883 0.04583045 300590053845725
-0.18710923 0.26351798 0.020867258 300590073986545
-0.10090433 0.12905753 0.008624103 300590094128303
-0.053839095 -0.088450156 0.049874 300590114269905
-0.085279495 -0.20574236 -0.009912163 300590134411507
0.1248299 -0.19534306 -0.023543738 300590154553004
0.1437744 0.1352286 -0.074084856 300590174694657
0.02150435 0.2385243 -0.08239424 300590194836311
-0.00608512 0.017465666 -0.040450245 300590214977860
9.182468E-4 -0.14199999 -0.014201177 300590235119775
0.09581752 0.053568557 -0.0625431 300590255261116
0.0943205 0.10310462 -0.029734157 300590275402561
-0.0655544 -0.0055359844 0.013766995 300590295544423
-0.18330939 -0.12581713 0.03968886 300590315685868
-0.0014467463 -0.22996786 0.08759271 300590335827366
0.05063282 -0.23898077 0.091117315 300590355969280
-0.07167728 -4.7722645E-4 0.040509716 300590376110778
-0.026002806 0.11363312 -0.03201647 300590396252222
0.032465197 0.090258375 -0.045921616 300590416393824
-0.094858535 0.098584905 -0.069034964 300590436535738
-0.0015808642 0.14280619 -0.052568454 300590456677184
0.14527228 0.24387549 -0.0379023 300590476818577
-0.07655634 0.16284023 -0.003897965 300590496961584
-0.23311198 -0.12686755 0.055638812 300590517102457
-0.03189452 -0.28873843 0.07447153 300590537243485
0.28305048 -0.25434655 0.048950374 300590557385817
0.37637565 -0.20176968 0.0045742765 300590577527365
0.0063992795 0.015977709 -0.078983136 300590597668238
-0.37902808 0.3217523 -0.07054077 300590617810361
-0.29180875 0.34839472 -0.024872318 300590637952014
0.08435028 0.15051079 0.058000095 300590658094032
0.051646397 -0.104485914 0.11747086 300590678235164
-0.20696968 -0.41484702 0.09291176 300590698377235
-0.15611328 -0.42785293 0.05187873 300590718518576
0.20657843 -0.21500269 0.001866404 300590738659501
0.34541047 0.13052677 -0.038645927 300590758801102
0.019970462 0.36819386 -0.0911209 300590778942809
-0.16911797 0.2605478 -0.07925882 300590799084254
0.024682768 0.13097154 -0.021827772 300590819225907
0.11725046 0.0027674586 -0.014933249 300590839367510
0.008877918 -0.15132345 0.013230741 300590859509059
0.04531012 -0.08177631 0.037920527 300590879650868
0.03486526 0.094260596 0.01546809 300590899792365
-0.1688125 -0.040433407 0.024862995 300590919933968
-0.12771776 -0.25043428 0.051345795 300590940075518
0.13340658 -0.18108341 0.005506441 300590960217171
0.236128 0.117274985 -0.05637831 300590980358668
-0.0023959838 0.12553881 -0.010959351 300591000500425
-0.07496849 0.7710628 -0.2581346 300591020641871
0.24826497 1.2679803 -0.02448523 300591040783628
-0.23267731 -0.20681083 -0.11303701 300591060925908
-0.56139904 -1.5187242 0.15137216 300591081067248
-0.45369896 -1.2678607 0.25888854 300591101208746
0.010866158 -0.4401333 0.11174324 300591121350348
0.3563003 0.3408623 -0.30516124 300591141492001
0.2430216 1.2994647 0.24667504 300591161633187
-3.4160912E-4 0.6832808 -0.08748354 300591181774683
