-0.03579988 0.16874628 -0.124797925 300593558484397
-0.22971179 -0.49661472 0.07492694 300593578626467
-0.011918493 -0.24551906 0.061535507 300593598767809
0.038592156 0.07388478 0.023051135 300593618909253
-0.09423411 0.4953769 -0.046594836 300593639050907
0.10362373 -0.019058555 0.04266722 300593659192457
-0.12839384 -0.15229747 -0.05071221 300593679334059
-0.25218663 -0.20104486 -0.09509377 300593699475764
-0.07498483 -0.010646649 -0.01693473 300593719616584
0.123624004 0.3159492 0.032440666 300593739758186
-8.3560497E-4 0.25060514 -0.009522084 300593759899683
-0.08715796 -0.21526784 -0.0042960383 300593780042171
0.09784493 -0.37399423 0.05934073 300593800183824
0.09475498 -0.028444335 0.024977203 300593820325217
0.052288067 0.16107401 -0.008925004 300593840466716
0.04931136 0.15988009 -0.033632535 300593860719774
0.014032168 0.065513484 -0.026164543 300593880750334
0.010499753 -0.21441269 0.036834203 300593900891571
-0.045348883 -0.29150543 0.030008452 300593921033433
-0.1436392 0.052392136 -0.0500568 300593941174722
-0.06246391 0.28958178 -0.018438678 300593961315960
-0.019311488 0.3831557 0.060371287 300593981457560
-0.037620056 0.01645542 0.081241794 300594001599267
-0.052202836 -0.37732732 0.06837787 300594021740817
-0.022991091 -0.38486728 0.0072782636 300594041882366
0.081456214 -0.13809395 -0.06252744 300594062024124
0.19705422 0.03388901 -0.092164904 300594082165620
0.12583628 0.2819001 -0.13127635 300594102307796
-0.26318228 0.27039737 -0.08483871 300594122449240
-0.11523189 -0.056846302 -0.0035191718 300594142590946
0.14223301 -0.09147638 0.05473707 300594162732392
0.19421037 -0.1065159 0.08384704 300594182874045
0.13464712 -0.09920258 0.068919435 300594203015700
0.13168588 -0.16698936 0.07542309 300594223157613
-0.07774167 -0.13821945 0.06963889 300594243299215
-0.08672739 -0.07203693 0.052902773 300594263440503
0.026838167 0.109392755 0.005761439 300594283581480
-0.15694666 0.23533571 -0.042947724 300594303722977
-0.18950634 0.07872457 -0.014355894 300594323864527
0.020071361 -0.12075414 0.047895983 300594344006077
0.032088652 -0.14440098 -0.00791762 300594364148303
0.016581038 0.0132222725 -0.02974014 300594384289853
-0.01796788 0.219719 -0.023247717 300594404431142
-0.037430283 0.13074109 -0.040180236 300594424573056
0.12397482 -0.18476129 -0.026116442 300594444714553
0.18488082 -0.06890804 -0.23904653 300594464855842
-0.20569025 0.64645624 -0.19056746 300594484997340
-0.657813 0.37653455 -0.10265908 300594505139097
-0.10961116 -0.37040603 0.017541414 300594525280595
0.857924 -0.51958644 0.29713973 300594545422196
0.99656814 -0.6478173 0.3489872 300594565563746
0.31485954 -0.5080984 0.14403188 300594585705451
-0.21528064 0.32882896 0.037296265 300594605847001
-0.36843187 0.56748223 -0.027547188 300594625989019
-0.24128816 0.46348107 -0.044219606 300594646130152
