-0.0847519 -0.2337089 -0.0106460545 300587455579175
0.14317386 -0.44892725 -0.0035119355 300587475720777
0.1283458 0.2292355 -0.08716285 300587495862222
-0.14417526 0.5665704 -0.1014349 300587516003824
-0.4959499 0.34513402 -0.03452432 300587536145529
-0.22123238 0.048354015 0.05593436 300587556287183
0.31562436 -0.17597727 0.13868852 300587576428837
0.24785294 -0.49057987 0.123405516 300587596570438
0.057181552 -0.50597346 0.109315656 300587616712196
0.005847875 0.1100848 0.003993919 300587636853641
-2.0898879E-4 0.3468028 -0.04538814 300587656995139
-0.14223313 0.21078286 0.019392096 300587677136063
0.10182401 -0.16838315 0.022551809 300587697278395
0.0988166 -0.19789012 -0.021725148 300587717419893
0.08127739 -0.07806814 0.009079596 300587737561805
-0.20259404 0.061905935 -0.118888445 300587757703043
-0.3363618 0.213385 -0.08100296 300587777844175
-0.03833912 0.037882492 0.013162463 300587797985829
-0.08415049 0.06416673 0.022797747 300587818127586
-0.15489179 0.06550467 0.026005987 300587838268824
-0.09315558 0.035514396 0.017434314 300587858410529
0.21923575 -0.0029217228 0.027919052 300587878552028
0.37531617 -0.07527761 0.07231403 300587898693681
0.30431575 -0.20754151 0.019175254 300587918835698
-0.025364317 -0.20688319 -0.067884 300587938976832
-0.14330722 0.06102738 -0.06385871 300587959118485
-0.13585581 0.2900613 -0.025674026 300587979260087
-0.2739943 0.2330412 0.037180647 300587999401688
-0.11037791 0.004526403 0.045507606 300588019543342
0.0815447 -0.16572678 0.06478428 300588039684892
0.13495436 -0.27227378 0.036034226 300588059826389
0.0348325 -0.11918102 -0.030846298 300588079968095
0.2546595 0.16797994 -0.062135875 300588100110478
0.15324786 0.20026313 -0.080423184 300588120251923
-0.15446013 0.0805178 -0.07367067 300588140393629
-0.08630331 -0.08361472 -0.00548617 300588160535179
-0.1449912 -0.0020024665 0.020692792 300588180676207
-0.009550091 0.1159201 0.01919128 300588200817652
0.06125464 0.0047200397 0.09457772 300588220959358
-0.01795268 -0.1805841 0.051982645 300588241100907
0.10790237 -0.17154199 0.05628553 300588261243187
-0.051813327 0.10069822 -0.0155539075 300588281386506
-0.3242129 0.20558187 0.008988433 300588301525869
-0.1798695 0.058993623 -0.01487647 300588321667417
0.11954317 -0.026256807 0.073145986 300588341808915
0.16083223 0.00978528 -0.0060892887 300588361950465
-0.0695036 0.07323198 -0.039952494 300588382092118
-0.030614296 -0.07224383 -0.038379204 300588402233720
-0.018934377 -0.058356248 -0.037948433 300588422375321
0.23828006 0.03299231 0.0033526197 300588442518069
0.20488259 0.028412394 0.0013137534 300588462659097
-0.09483427 -0.09627628 -0.054453127 300588482800126
-0.2645199 -0.0748537 -0.005032927 300588502942352
-0.04116319 0.09251316 0.039247073 300588523083955
-0.11882518 0.4229154 -0.016902104 300588543225504
-0.41386798 0.59298265 -0.14465831 300588563366532
-0.09203051 0.31009054 -0.104597196 300588583508134
0.22435951 -0.36183447 0.047469765 300588603649735
0.30725634 -1.1050096 0.12544116 300588623791493
0.2554977 -0.6234653 0.1025937 300588643932990
0.073861465 0.5308552 0.058465235 300588664074697
-0.15992081 0.8891898 0.02909346 300588684216038
-0.14625266 0.21433039 0.09296037 300588704357899
