-0.070544794 0.21868977 -0.12519678 300595653204369
0.09309596 -0.34400475 -0.034007333 300595673345918
0.18244885 -0.6218771 0.045261957 300595693487415
0.107575536 -0.2375156 0.130871 300595713628965
0.04700377 0.32350388 0.12415896 300595733770670
-0.3633951 0.6371987 0.01982969 300595753912272
-0.1675076 0.14139885 0.10845867 300595774053822
-0.012363046 -0.18059544 0.122297406 300595794195423
0.021545742 -0.16227113 0.007054665 300595814337182
-0.07890582 0.028554969 -0.012276068 300595834478835
-0.07472669 0.07883066 0.042161025 300595854620333
-0.17040794 0.014949568 -0.010365225 300595874762142
-0.07499926 -0.11769897 -0.04283408 300595894903536
0.24400717 -0.09427716 -0.0031049065 300595915045136
0.27718437 -0.032895282 -0.04777094 300595935186738
0.0407921 0.050801083 -0.12345719 300595955328340
-0.041293755 0.13310234 -0.15461074 300595975469264
-0.024153419 0.17689048 -0.13740563 300595995611022
-0.10324167 0.20822904 -0.08244652 300596015752415
-0.11008002 0.20199448 -0.017349888 300596035893913
-0.16767049 0.011541367 0.013949759 300596056035566
0.023421824 -0.27327755 0.08665537 300596076177168
0.15651935 -0.1670773 0.12343608 300596096318770
0.10648516 -0.013570789 0.10638085 300596116461153
-0.14533588 -0.032648645 0.041191153 300596136602702
-0.15738064 -0.054494075 0.057066225 300596156744408
-0.14397234 -0.014662169 0.04689931 300596176885906
0.07570163 -0.0058844388 0.06040547 300596197027506
0.0920468 0.040400613 0.023497052 300596217169004
-0.03026944 -0.09812771 -0.010440958 300596237310396
-0.024976738 -0.094188094 -0.020785552 300596257451634
0.09072455 0.06218303 0.013741929 300596277593288
-0.076381475 0.135748 -0.041111346 300596297734837
-0.037788365 -0.002164212 -0.07925158 300596317876439
0.19705468 -0.10002923 -0.07144211 300596338018092
0.18252346 0.05952816 -0.097846456 300596358159590
-0.13581955 0.27748314 -0.098683305 300596378301347
-0.40653023 0.3054705 -0.04623802 300596398443105
-0.3973313 0.042468414 0.045689248 300596418584604
0.13967006 -0.24565214 0.16087767 300596438726360
0.6911414 -0.31243896 0.189008 300596458867911
0.49995786 -0.24721721 0.08721865 300596479009824
0.03344524 -0.040359344 0.0057564573 300596499151374
-0.30281118 0.16138586 -0.06150896 300596519292662
-0.3676179 0.08787598 -0.089485474 300596539434213
-0.21020028 -0.0047942176 -0.074673004 300596559575970
-0.17054898 0.060350645 -0.05862084 300596579717623
-0.10764358 0.07925911 -0.027241547 300596599859173
0.1647573 -0.08268526 0.050004568 300596620000827
0.31043726 -0.15338187 0.016919527 300596640142272
0.022318486 -0.11714724 -0.025255702 300596660284290
-0.024489127 0.02322655 -0.017901316 300596680425683
0.085723504 0.25256106 0.014713684 300596700567597
-0.08016149 0.16618209 -0.0032193866 300596720709095
-0.17249659 -0.024518972 -0.003383007 300596740850801
-0.01854176 -0.044161674 0.04404547 300596760992507
0.101389036 -0.0019097361 0.07340813 300596781133900
0.12153147 0.027934121 0.05920627 300596801275710
0.15959701 -0.030216632 0.057989657 300596821417207
-0.1379901 -0.22940312 -0.041995924 300596841558756
0.011888342 -0.16463342 -0.053659912 300596861700775
0.041819647 0.2477711 -0.025091585 300596881842272
-0.3854067 0.2829055 -0.01789964 300596901983562
-0.3058108 -0.031409923 -0.040307626 300596922125372
-0.14626081 0.30137432 -0.0047189295 300596942266816
-0.03139749 0.26594964 -0.011103929 300596962408418
0.7437031 -0.48475906 -0.019993007 300596982550072
1.2260604 -0.40208876 0.09334591 300597002691622
0.1479581 -0.285286 -0.010443646 300597022833170
-0.40430325 -0.22250816 -0.037246328 300597042974876
-0.4051714 0.32896987 -0.024787284 300597063116426
-0.18971522 0.82351214 -0.117342494 300597083257871
-0.7656785 0.5128192 0.0769659 300597103398901
