-0.14818421 -0.41601223 -0.03933404 300597123541543
0.18908624 -0.44088447 0.0264108 300597143682884
0.458894 -0.46076438 0.07901464 300597163824433
0.038363434 -0.0013511851 -0.012613364 300597183965984
-0.24811506 0.29959643 -0.08775399 300597204107689
-0.034498017 0.15458241 -0.058399253 300597224249186
0.22422828 -0.020272963 0.024294604 300597244391100
0.1417505 -0.15141062 0.029453726 300597264532597
-0.082671545 0.03177573 0.026141595 300597284673470
-0.18971191 0.13896546 0.039033446 300597304815020
-0.20949908 0.0028739758 0.016319111 300597324957403
0.14631182 -0.18875022 0.054152958 300597345098743
0.33339864 -0.03867051 0.027146604 300597365240501
0.029895425 0.1725477 -0.08372931 300597385381947
-0.16475338 0.1219237 -0.096329145 300597405522924
-0.15906233 0.047999837 -0.025016386 300597425664525
-0.15659346 0.014323499 0.012747508 300597445806022
0.16906372 -0.08098424 0.05870807 300597465947832
0.16994092 -0.19651914 0.051682428 300597486089693
-0.014061384 -0.19545883 -0.002824448 300597506230983
-0.21198876 0.061644226 -0.048159968 300597526372584
-0.1272953 0.21029681 0.028412104 300597546514135
-0.17731264 0.069800235 -0.0063632503 300597566655788
0.06928295 -0.21865265 0.075185396 300597586797285
0.26822457 -0.23164567 0.08797685 300597606939564
0.14186846 -0.0039744936 0.025221825 300597627081009
0.099594265 0.14289261 -0.004187434 300597647222194
0.04278081 0.23569725 -0.04129155 300597667363795
-0.07762416 0.19184765 -0.12809497 300597687505866
-0.1534713 0.15803482 -0.07218067 300597707646999
0.06396106 0.012563134 0.012253718 300597727788861
0.07396664 -0.055244394 0.056544125 300597747930098
-0.024873113 -0.029374868 0.061959475 300597768071700
0.026439594 -0.15296291 0.042309806 300597788213353
-0.11306402 0.010578524 -0.04746297 300597808355111
0.030154806 -0.10356766 -0.016830798 300597828496556
0.21974862 -0.0023221895 -0.00784263 300597848638105
0.09322137 0.16031343 -0.007943241 300597868779864
-0.12286928 0.12552415 -0.011062186 300597888921518
-0.07606578 0.0013245344 0.07603506 300597909062910
-0.16401756 -0.11450857 0.0020041876 300597929204617
-0.14083037 -0.25452608 0.029060984 300597949347102
0.06595057 -0.13323666 0.010173574 300597969488340
0.038463473 0.2907003 -0.10276589 300597989629317
-0.007247716 0.44852936 -0.057968643 300598009770866
0.106169194 0.06870592 -3.5924488E-4 300598029912677
-0.050387576 -0.405194 0.05946742 300598050054121
-0.088381976 -0.436944 0.08606766 300598070195931
0.30096155 -0.10165254 0.048005052 300598090337585
0.13985127 0.16557881 -0.10631393 300598110478978
-0.14783566 0.09939174 -0.069682755 300598130620527
-0.031252928 -0.009762009 -0.04187341 300598150762389
-0.066907965 0.08458377 -0.04096315 300598170903887
-0.13988161 0.12511398 -0.0070902146 300598191045385
0.02406765 0.10207112 0.07900812 300598211187195
-0.02952418 0.008781877 0.10036408 300598231328691
0.019450687 -0.25653964 0.086173825 300598251470346
0.17364308 -0.27824917 0.0852837 300598271612207
0.0043838657 0.08184554 -0.040380955 300598291753444
0.06279726 0.23821825 -0.06379004 300598311895202
0.25530198 0.07387965 -0.023395311 300598332036803
-0.15010121 -0.058465168 -0.0032390328 300598352178509
-0.30992585 -0.24190606 -0.024773074 300598372320111
0.08350818 -0.08534557 -0.004731672 300598392461869
0.009330384 0.179786 -0.009893939 300598412603418
-0.38041228 0.2032363 -0.110399134 300598432745019
-0.2352446 0.25184536 -0.15526727 300598452886516
0.044924796 1.5291214 0.030314565 300598473027858
-0.15148354 5.271137E-4 -0.3009465 300598493170188
0.23275882 -2.2447107 0.036927402 300598513311634
0.9718648 -1.516759 0.3424496 300598533453236
0.03677547 -0.33474463 0.29878765 300598553594837
-0.28221443 -0.092722476 0.22226979 300598573735866
0.043823794 0.13972132 0.016958779 300598593878092
0.09362385 0.9806423 0.06236057 300598614018965
-0.22097889 1.3995992 0.07330671 300598634160566
-0.64721483 0.31734884 -0.32261646 300598654302585
