0.54904556 -0.3077216 7.5508204 300585058728641
-0.0136345 -0.46744514 6.117421 300585078870400
-0.3794127 0.026497483 4.7884827 300585099011896
-0.023143923 0.45346445 3.7682228 300585119153498
0.6046616 0.46429983 3.0268385 300585139295049
0.50376266 0.2889095 2.4250891 300585159436754
-0.16823258 0.08132306 1.9313916 300585179578303
-0.3546308 -0.24688023 1.577219 300585199719957
-0.1257586 -0.11524665 1.2766304 300585219861455
0.08716517 0.13283294 1.0042508 300585240003004
0.26815897 0.19533993 0.7711086 300585260144605
0.17525676 0.16781482 0.5933078 300585280286259
-0.092181675 0.1405308 0.44846654 300585300427809
-0.20798585 0.0014072992 0.3370198 300585320569567
-0.075595155 -0.027379297 0.30133688 300585340711011
0.27482742 -0.14422734 0.33607405 300585360852770
0.2490917 -0.2890271 0.33041543 300585380994162
-0.18319497 -0.26706627 0.2554435 300585401136024
-0.30006382 -0.040186804 0.15602231 300585421277469
-0.05419926 0.13526794 0.13204826 300585441419332
0.25043163 0.16396245 0.17199387 300585461560777
0.28108698 0.059985727 0.13816063 300585481702587
-0.08699454 -0.012871174 0.08102849 300585501843981
-0.40578455 -0.01723802 -0.024130195 300585521985425
-0.12921414 0.029858075 -0.020948388 300585542127340
0.22968526 0.14407851 -0.01623235 300585562268681
0.091953054 0.16603726 -0.024970299 300585582410282
-0.07487449 -0.13919708 -0.042255875 300585602551987
0.011477631 -0.09557864 -0.06314975 300585622693434
-0.1509081 0.23237205 -0.034947447 300585642834984
-0.27484325 0.20248583 -0.029243093 300585662976793
0.0182117 -0.13679117 0.06700288 300585683118395
0.12655754 -0.23283195 0.074196994 300585703260151
0.20580287 -0.13763896 0.05411803 300585723401441
0.11092427 0.08311125 0.08275007 300585743543095
-0.18342535 -0.029807687 0.05325117 300585763684696
0.16710947 -0.2735514 0.115955636 300585783826247
0.35473177 -0.163562 0.06854178 300585803967848
-0.08148753 -0.036797237 -0.0770443 300585824109397
-0.26070854 0.19534029 -0.1048379 300585844250946
0.017860226 0.25231874 5.0160475E-4 300585864392756
0.0143722445 0.14469637 -0.050762415 300585884534514
-0.08711973 -0.079605095 -0.047983482 300585904676376
-0.053041603 -0.10743843 -0.026131084 300585924817404
-0.13599682 0.031647943 0.016393825 300585944959475
0.27605876 0.14884858 0.023421459 300585965100608
0.3871022 -0.0065125227 0.037271667 300585985242365
0.19845268 -0.2936098 0.04000026 300586005384020
-0.4308006 -0.42006257 0.013694309 300586025525517
-0.42778808 -0.023350075 -0.028408535 300586045667066
-0.20130539 0.29313412 0.047906365 300586065808668
-0.01284965 0.006234339 0.011407411 300586085950373
0.13616797 -0.23505522 0.009127429 300586106092080
0.07911386 -0.16560724 -0.028738087 300586126233889
-0.0771012 0.0022099577 -0.025888555 300586146568564
-0.069634184 0.22729756 -0.060917843 300586166516623
-0.57549125 0.68527925 -0.30230492 300586186657548
-0.7554126 1.0555836 0.1022903 300586206799097
0.12907231 -0.9037104 -0.22065327 300586226940803
1.7314767 -1.0809027 0.3077295 300586247082352
1.5131409 -0.2540077 0.2773954 300586267224006
0.2753408 0.565072 -0.24796265 300586287365556
-0.91843736 0.7326473 0.12530677 300586307507418
