0.640333 1.4709301 -0.07816237 301351225771751
-0.2056874 0.41734254 0.088066906 301351245912885
-0.4063389 -0.82904804 0.20232275 301351266054641
-0.2536271 -0.09840895 0.06387763 301351286196140
-0.18684618 0.74790335 -0.11892006 301351306338417
-0.12328112 0.862792 -0.11251554 301351326479187
-0.19085234 0.26950318 0.029489808 301351346620996
-0.16549231 -0.06180832 0.10573332 301351366762545
-0.13247952 -0.25668275 0.15908861 301351386904095
0.0381149 -0.16568145 0.11200935 301351407045696
0.06885011 0.058988202 0.050503045 301351427187299
-0.092326656 0.2867654 -0.029336348 301351447328951
-0.3480335 0.29287001 -0.05940114 301351467470501
-0.10766584 -0.050208844 -0.005084376 301351487611478
0.20200215 -0.21780406 0.06246821 301351507753184
0.106038466 -0.0539625 -0.06277462 301351527894732
-0.040008236 0.19201769 -0.11213966 301351548036282
-0.07276742 0.2628796 -0.09415967 301351568177936
0.008521295 -0.010788269 0.015020937 301351588319485
0.08498874 -0.2904573 0.1192217 301351608461139
-0.0015412569 -0.25904155 0.102470875 301351628602792
0.10611498 -0.09878544 0.080654375 301351648744498
0.08821331 0.06919134 -0.0010476499 301351668885943
0.07054842 0.04714812 -0.0067201634 301351689027649
0.017234214 -0.011436803 0.0059417197 301351709169043
0.044112194 -0.049188115 0.037543222 301351729310749
0.08118689 -0.07237665 0.0111348685 301351749452351
-0.012805284 0.041960876 -0.015500213 301351769594733
-0.119148225 -0.046376754 -0.00929706 301351789736075
-0.07065226 0.012851659 -0.030615289 301351809877779
-0.1469071 -0.040980622 -0.044875264 301351830019329
-0.1967939 -0.20412995 0.012915301 301351850161138
-0.25118154 -0.16622734 -0.012862809 301351870302532
-0.4631923 0.13504252 -0.13830534 301351890443822
-0.18615744 0.473127 -0.14341271 301351910585318
0.11594204 0.3707513 -0.010332588 301351930726765
0.3136413 -0.10118967 0.14871602 301351950868730
0.29995987 -0.24723347 0.20728461 301351971010072
0.30189073 0.043573298 0.06288941 301351991151985
0.06998052 -0.037222408 0.06622675 301352011293275
-0.18842584 -0.38889623 0.1404713 301352031434929
-0.058297753 -0.25650746 0.07358987 301352051576373
0.3581946 0.13598382 -0.07245134 301352071718288
0.41078004 0.3916176 -0.108894594 301352091860149
-0.19194248 0.28819728 -0.19052939 301352112002064
-0.36273032 -0.059202135 -0.051349938 301352132143248
-0.08018248 -0.10016884 0.014965445 301352152284850
0.2511404 0.07041293 0.1517426 301352172426138
0.15867111 0.3246669 0.23387842 301352192567637
-0.12689316 0.46409053 0.47881812 301352212709238
-0.30373478 0.13705502 0.7627541 301352232850840
-0.3160325 -0.17050788 0.9982539 301352252992442
0.17982012 -0.43132818 1.1261811 301352273133938
0.9184425 -0.60191345 1.1554819 301352293275801
0.9014051 -1.1862785 1.0313582 301352313417454
0.45046765 -0.78724504 0.6379365 301352333558952
-0.24192667 -0.27061498 0.124888174 301352353700398
-0.4501417 0.097465776 -0.09734446 301352373841998
-0.34855074 0.38602638 -0.34987167 301352393983861
-0.33868134 0.4322297 -0.54085016 301352414125930
-0.3849765 0.2434295 -0.646177 301352434266855
-0.1515848 0.20318353 -0.6913974 301352454408769
0.12914754 0.44705424 -0.56620777 301352474550058
0.17898335 0.5509641 -0.41609925 301352494691660
0.29801023 0.32956862 -0.13683102 301352514836595
0.5254962 0.1049996 0.11248991 301352534974916
0.19735882 0.0072474703 0.20199317 301352555116516
-0.16344126 -0.12860796 0.23684865 301352575258014
0.19386137 -0.3138077 0.29151535 301352595399772
0.47016865 -0.38786784 0.2790952 301352615551217
-0.05932332 -0.3166401 0.16461816 301352635682818
-0.51476985 0.12026434 0.010969967 301352655824524
-0.45224696 0.48932177 -0.06542493 301352675966491
-0.34184182 0.33811384 -0.06101258 301352696108197
-0.045584697 -0.12002368 -0.045089483 301352716249277
0.14634016 -0.23614176 -0.05331476 301352736390983
0.036763318 0.11929541 -0.06292776 301352756532480
0.08659363 0.26133037 -0.0056509897 301352776673978
0.40115502 0.03483641 0.12845524 301352796816256
0.56650347 -0.19492729 0.2318494 301352816957806
0.30236456 -0.3380506 0.23045775 301352837099408
0.010801561 -0.16215044 0.15718347 301352857240437
0.040397264 0.11272013 0.09186111 301352877496256
0.2150363 0.1787725 0.041688986 301352897524369
0.31054947 0.106618695 0.02390062 301352917665969
-0.28193954 -0.044607185 -0.05754344 301352937807416
-0.84702027 0.01089865 -0.12848364 301352957949173
-0.6555262 0.09172605 -0.17743962 301352978090722
-0.14483865 0.03306383 -0.13121472 301352998232169
0.19169094 -0.097071156 -0.14056344 301353018373561
0.0039123185 -0.29939348 -0.2189666 301353038515111
-0.16473135 -0.2973567 -0.28939804 301353058657076
-0.2125964 -0.08520345 -0.3926267 301353078798627
-0.22920653 0.14889133 -0.4787348 301353098940176
0.37721613 0.3085974 -0.43503383 301353119082090
0.38612974 0.039674908 -0.3843911 301353139223482
-0.12508711 -0.056633674 -0.5030824 301353159365501
-0.4390219 0.07253465 -0.52019733 301353179506635
-0.38869697 0.15631323 -0.52135646 301353199648339
-0.019807667 0.3900252 -0.55932915 301353219789837
0.1391 0.24681334 -0.5410174 301353239931699
0.09703182 0.02304339 -0.48282355 301353260073040
-0.3336042 0.0115951 -0.34900278 301353280214224
-0.51471174 0.0057674497 -0.13008112 301353300355671
-0.5858233 0.1147331 0.070990816 301353320497845
0.3795776 -0.18762946 0.20166272 301353340639499
0.47885758 -0.70135236 0.39806914 301353360781204
0.22137257 -0.70445126 0.45071113 301353380922909
-0.03735353 -0.23461735 0.3625551 301353401064251
-0.22325683 0.08887299 0.24748614 301353421205853
-0.0965377 0.17436239 0.17824015 301353441347663
0.09211622 0.20744151 0.06396107 301353461489264
1.87492E-4 0.061696626 0.061647307 301353481631074
-0.18633479 0.011943474 0.055193678 301353501772467
-0.0871727 0.08838034 -0.011101669 301353521913912
0.17271665 0.09216277 -0.10969472 301353542055566
0.3881411 0.10065242 -0.18184009 301353562197376
0.3278488 0.03610856 -0.22585447 301353582339239
-0.0014805049 0.06420027 -0.2270913 301353602480318
-0.0754496 0.0919454 -0.1712574 301353622621920
0.103297174 0.14892977 -0.17061731 301353642763626
0.14930786 0.11327216 -0.09252044 301353662905019
0.096253656 0.043320857 -0.010758806 301353683046674
-0.12420617 -0.20874372 0.093958646 301353703188379
-0.11970011 -0.20248845 0.10260211 301353723329928
0.08254594 0.15540682 0.043967366 301353743850227
0.054417565 0.44406754 -0.0061184466 301353763613444
-0.11405689 0.36941043 0.06720836 301353783754732
-0.31622612 0.087879315 0.11064635 301353803896699
-0.15992087 -0.14902845 0.07969094 301353824037936
0.16367884 -0.2837737 0.03125977 301353844179642
0.36092845 -0.09826675 -0.034295242 301353864321192
0.11409499 0.16778693 -0.077805005 301353884462793
-0.21591608 0.10821042 -0.04550948 301353904604498
-0.19242015 0.05359205 0.032037813 301353924746099
-0.027745562 0.058415048 0.03383946 301353944887806
0.04893761 -0.06117909 -0.0019002873 301353965029251
-0.0040193647 -0.18040691 -0.016449481 301353985170644
-0.008033159 -0.022795212 -0.024382127 301354005312455
0.056226898 0.12807721 -0.059522483 301354025454004
-0.029354658 0.17249373 -0.02263291 301354045595814
-0.23251812 0.052567855 0.00630768 301354065737154
-0.18496017 -0.09724228 0.015871372 301354085878757
0.11391873 -0.038151063 -0.005354369 301354106020461
0.17733982 0.13776428 -0.048450254 301354126161855
-0.09302205 0.17716199 -0.05112471 301354146303561
-0.09074307 -0.017914725 0.024132315 301354166445475
0.08964749 -0.3445115 0.11539751 301354186586713
0.0014847815 -0.28948212 0.072478145 301354206728521
-0.035445884 -0.02837792 0.0048796367 301354226870020
0.15695055 0.07071767 -0.024361905 301354247011621
-0.035048183 0.17007358 -0.11888358 301354267154942
-0.23288615 0.052743986 -0.041943487 301354287296439
-0.22227517 -0.14270131 -0.044864014 301354307437051
-0.0073726624 -0.276273 -0.20021954 301354327578704
0.17106079 -0.3686716 -0.41777015 301354347720254
0.02300955 -0.20021701 -0.60711944 301354367861855
-0.24936414 -0.1235916 -0.9081276 301354388003508
-0.087419644 -0.14831221 -1.1098466 301354408144902
0.091889076 -0.16348109 -1.2587664 301354428286659
0.026273131 0.2968705 -1.3153304 301354448428418
-0.15475726 0.6845076 -1.2899337 301354468569916
-0.08840728 1.0779524 -0.9942855 301354488710266
0.10828477 1.4824684 -1.1400684 301354508974317
0.8245113 2.3591468 0.34008908 301354528993470
-0.34043393 1.6135429 0.1677143 301354549135020
-1.1748292 1.0892713 0.3845595 301354569276620
-0.8329141 0.3970829 0.6517137 301354589418275
-0.07755095 -1.3395084 1.3444976 301354609559824
0.1341846 -2.4309886 1.1879313 301354629701374
1.2985061 -2.5965528 1.0435089 301354649843028
0.931933 -1.8905054 0.6398473 301354669984576
-0.34151533 -0.37471431 0.2652046 301354690126074
-0.35365674 0.26700535 -0.07520632 301354710267779
0.14244017 -0.23236403 -0.08047193 301354730409955
0.16812272 -0.24576451 -0.25155848 301354750551503
0.5498023 0.004216969 -0.4408352 301354770692688
0.74012524 0.040998638 -0.10709408 301354790834290
0.021140844 0.30919147 -0.116363995 301354810975735
0.36380303 1.4731698 -0.5133946 301354831117598
