-0.29845724 -0.16357602 -0.18322422 300716341714921
-0.20111677 -0.20444068 -0.11888981 300716361856366
-0.078852646 -0.18665653 -0.06946638 300716381997811
0.15648732 -0.015913423 -0.03625501 300716402139360
0.15710074 -0.052718814 -0.004356876 300716422280963
0.101443514 -0.13403693 0.022739707 300716442422615
0.0627149 -0.18265446 0.043455366 300716462564166
0.10420393 0.010306291 0.04488221 300716482705142
-0.011386258 0.04629074 0.036714908 300716502846691
0.02497115 0.10128085 0.041190118 300716522988397
0.1292494 0.082715996 0.06441696 300716543130102
-0.028153785 -0.14584531 0.0876544 300716563272434
-0.07519012 -0.24207965 0.11966913 300716583413826
-0.072146274 -0.078425616 0.11764141 300716603555637
-0.12548362 0.07612923 0.010671284 300716623696978
-0.0056485757 0.1011371 -0.058364343 300716643838944
0.100720726 0.10496421 -0.035696145 300716663980338
-0.006571956 0.09813327 -0.015517375 300716684121887
-0.072714925 0.024586067 0.03210487 300716704263384
0.1688456 -0.063800424 0.040434673 300716724404985
0.12629214 -0.1892743 -0.013457596 300716744546795
0.15245688 -0.13061845 -0.04454668 300716764688292
0.08923918 0.016017433 -0.06848898 300716784829790
-0.121521756 0.14316379 -0.09220107 300716804971444
-0.023676984 0.09925349 -0.089969695 300716825112784
0.11765497 0.13374846 -0.04862998 300716845254387
-0.0292973 0.14289919 -0.025586264 300716865396665
-0.20152715 0.1879964 0.032024838 300716885537746
-0.09995748 0.015030207 0.13889155 300716905679399
0.034209162 -0.3311508 0.15247524 300716925821209
0.12169099 -0.4608103 0.16639295 300716945962603
0.18174098 -0.2421296 0.07166678 300716966103631
-0.021278456 0.15408662 -0.06731985 300716986245181
-0.22078216 0.3508487 -0.10348662 300717006386990
-0.06822592 0.17770556 -0.066448696 300717026528280
-0.041319184 -0.09557583 -0.062884755 300717046669986
-0.044940073 -0.05843231 0.012571238 300717066811535
0.054595158 0.0033010878 0.05253399 300717086953240
0.16415659 -0.10204597 0.02255647 300717107094790
0.059805844 -0.19606122 0.031455357 300717127236392
-0.12833507 -0.094202325 -0.020339388 300717147377941
-0.06970187 0.11530291 -0.08900137 300717167519543
0.009193346 0.25581515 -0.06129353 300717187661144
-0.100510634 0.15260303 -0.025698535 300717207802746
-0.13715328 -0.11922957 -6.6829845E-4 300717227944660
0.062419277 -0.18476652 0.07849929 300717248086001
0.22403342 -0.04586277 0.066921055 300717268227603
-0.032600135 0.101907134 -0.023895092 300717288369256
-0.17596656 0.10724115 -0.009976119 300717308510858
-0.07415247 -0.017063389 0.024179783 300717328652615
0.0034765862 -0.102643505 0.023883674 300717348794009
0.16677846 0.048922516 -0.069037266 300717368935766
0.06958132 0.28714252 -0.108858146 300717389077889
-0.24357527 0.23881438 -0.12765482 300717409219543
-0.028617386 0.03887028 -0.013952493 300717429361196
0.04648588 -0.13181841 0.085780874 300717449502642
-0.13065091 -0.213281 0.055126816 300717469644451
0.13123786 -0.36613637 0.10774146 300717489785793
0.18181702 -0.23635642 0.13340971 300717509927550
-0.3008423 -0.5400334 0.17370753 300717530069204
0.0128818005 0.5339522 -0.24666578 300717550210649
0.59235156 0.95552707 0.28024513 300717570351574
-0.4450056 0.16125286 -0.32964092 300717590494165
0.07729131 -0.22024877 0.09932791 300717610635663
0.025759287 -0.2605653 0.043055624 300717630777472
-0.31975493 -0.07425623 0.0926807 300717650918709
-0.3844539 0.28216797 -0.22208633 300717671059634
0.41533792 0.23979774 0.10721119 300717691201860
0.19074392 0.11230132 0.08135342 300717711343254
