-0.23789802 0.019075274 -0.17722762 300710802744316
-0.039497543 -0.18381414 -0.079696104 300710822886022
-0.057134915 0.14727423 -0.07166433 300710843027519
-0.109492615 0.29051548 -0.051228214 300710863169070
0.11374191 -0.2710335 0.05906084 300710883310722
0.29179814 -0.3209859 0.041768096 300710903452376
0.21525453 -0.21090765 -0.0033837259 300710923593925
-0.039377034 0.013280541 -0.029745251 300710943734902
-0.21494418 0.17481299 -0.016604427 300710963876556
-0.15792821 0.13643193 -0.0016559176 300710984018678
-0.009901242 0.049283333 0.025883403 300711004160332
0.10462864 -0.1638966 0.10394557 300711024301933
0.06442924 -0.38115525 0.10486856 300711044443483
-0.051274475 -0.115884446 0.06092851 300711064584408
-0.08248172 0.18646768 0.04183646 300711084726114
-0.12915112 0.14338677 -0.04972335 300711104867662
0.100998506 0.025760468 -0.06599379 300711125009160
0.23072824 -0.04363861 -0.029195089 300711145150866
0.045051463 -0.153469 -0.03780417 300711165292467
-0.18815593 -0.07105285 -0.030632265 300711185434590
-0.11897775 0.34486932 0.017647132 300711205576243
0.014416454 0.008970162 0.010484077 300711225717585
0.16618283 -0.23379947 0.024947725 300711245859186
0.23104581 -0.23667882 0.03051059 300711266000892
-0.05594272 0.090026736 -0.03944122 300711286142388
-0.21575952 0.3439741 -0.046708822 300711306283678
0.119972676 0.16730607 0.028971493 300711326425384
0.36757153 -0.24297428 0.07693572 300711346566829
0.103273615 -0.38004228 0.038533293 300711366708639
-0.27771944 0.020529717 -0.061318778 300711386850188
-0.34889945 0.2755643 -0.11483331 300711406991687
-0.096997224 0.14708184 -0.06337109 300711427133964
0.13381867 -0.0031061396 0.008669971 300711447275514
-0.058652274 -0.0029082 -0.008195156 300711467416647
-0.25433254 0.07566889 -0.029590115 300711487558144
-0.07149346 0.036634967 0.017160565 300711507700476
0.27910045 -0.16308314 0.062047355 300711527841972
0.40282923 -0.28074533 0.07137908 300711547983730
0.23754764 -0.103155844 0.04632095 300711568125071
-0.11350492 0.18045048 -0.050920255 300711588266778
-0.24193282 0.3002653 -0.05155842 300711608408639
-0.09450897 0.12062904 0.03623707 300711628550033
0.15591578 -0.18388988 0.090324044 300711648691530
0.071047425 -0.2003604 0.058505286 300711668833079
-0.1815657 0.045800082 0.026538435 300711688974420
-0.17329249 0.11585012 0.0087469 300711709116073
-0.21558899 0.06790766 0.014037572 300711729258353
-0.0094314525 0.038122896 -0.006443563 300711749399745
0.23141462 -0.10267247 -0.032945704 300711769541191
0.09856808 -0.058547296 -0.06942118 300711789682846
-0.033810057 0.18163057 -0.09202322 300711809824343
-0.07998269 0.31572875 -0.11752944 300711829966048
0.038205706 0.039582126 -0.049073644 300711850107702
0.17867202 -0.2964074 0.093798324 300711870249199
0.082877874 -0.33064196 0.040306903 300711890390957
-0.21260482 0.16144477 0.029416889 300711910532506
-0.16333206 0.29061916 0.04693675 300711930674003
0.044952203 0.020399593 0.09900752 300711950815709
0.2737493 -0.06746735 -0.020835254 300711970957259
0.23232092 -0.058691233 0.005934052 300711991098912
-0.25641468 -0.09014061 0.07476902 300712011240567
-0.19849662 -0.10267324 -0.027218413 300712031382063
0.22679326 0.35015315 -0.038399547 300712051523666
0.16935295 0.34285513 -0.09789054 300712071665214
0.106371105 -0.029543586 -0.019426687 300712091806868
0.05291541 -0.21617612 -0.058244217 300712111948574
-0.1802206 -0.10001843 -0.086845234 300712132090123
-0.2221592 0.3012304 -0.03790503 300712152231725
-0.09816688 0.15532485 0.06859204 300712172373327
-0.017519109 0.16804805 -0.50395715 300712192514720
0.82989764 0.0042535067 0.5493349 300712212656529
-0.42282724 0.36387408 -0.02032049 300712232798079
-0.31814438 -0.26186693 0.07587077 300712252938951
0.022697233 -0.5560612 0.22194043 300712273080605
0.06831066 -0.643048 0.21603343 300712293222103
-0.22340026 0.13254441 0.028703533 300712313363913
0.19133978 0.61505204 -0.030665562 300712333505358
