-0.065615825 -0.06997973 0.10538134 300714831064681
0.17144743 0.15281373 0.050961725 300714851206230
-0.1106989 0.19916376 -0.057294823 300714871347832
-0.17358841 -0.16940477 0.13196054 300714891489381
-0.080631346 -0.24804312 0.07375649 300714911630931
0.094220445 0.068390235 -0.010230446 300714931772532
0.222188 0.29861823 -0.07913424 300714951943996
0.16577157 0.19558612 -0.13862024 300714972085701
-0.02333486 -0.018924814 -0.0377547 300714992226574
-0.044516835 -0.20474039 -0.016546052 300715012368280
0.012994502 -0.23437986 0.021349285 300715032509777
-0.026188312 0.1502144 -0.04967551 300715052651535
-0.048413593 0.21601754 -0.02361054 300715072793136
0.033937898 -0.09703278 -0.11762242 300715092934634
0.05077171 -0.15293534 -0.11907968 300715113076339
0.14130528 -0.028638273 -0.069156654 300715133217785
0.15972067 0.16452396 -0.028781045 300715153359438
-0.058738343 -0.0015340149 0.14540316 300715173501040
-0.19282052 -0.34089148 0.22566447 300715193642643
-0.17783217 -0.35840318 0.19291365 300715213784399
-0.022050867 -0.045656875 0.08709524 300715233925793
0.067304716 0.18436995 0.007900145 300715254068279
0.088467985 0.2870656 -0.054553665 300715274209726
-0.0011792481 0.4162964 -0.08253315 300715294351326
0.105572514 0.2758581 -0.04774017 300715314493084
0.028858941 -0.10750087 0.0029989798 300715334634582
-0.03001203 -0.11046133 0.026808705 300715354776184
-0.1334981 -0.15606347 -0.0337693 300715374917681
0.030213501 -0.14396586 -0.035642542 300715395059386
0.11459662 -0.14587992 -0.07200827 300715415200884
0.059688233 0.08389767 -0.06629288 300715435342485
0.110160306 0.0497018 -0.07786498 300715455484139
0.12594344 -0.12114756 -0.0643121 300715475625637
0.12561436 -0.08478458 -0.011439357 300715495767394
0.08338003 -0.08654687 0.035534315 300715515908840
-0.11062186 0.095128536 0.010755492 300715536049973
-0.2919742 -0.044334535 0.092180006 300715556191574
-0.09104042 -0.25982392 0.12978959 300715576333019
0.02220468 -0.17459407 0.0823983 300715596475089
0.039369036 0.015673514 0.015998581 300715616616743
0.0018673241 0.1937181 -0.02470659 300715636758189
-0.17841399 0.2521079 -0.007149674 300715656900103
-0.0897475 0.12443214 -0.037772823 300715677041600
0.20101932 -0.007574532 -0.01540142 300715697183358
0.14752033 -0.061417736 -0.03968078 300715717325063
-0.09221569 -0.027177555 -0.005041582 300715737465936
-0.047985047 -0.1464571 0.03611945 300715757607485
0.011809185 -0.20923118 0.03341593 300715777749296
-0.024747195 -0.08785853 0.053948052 300715797890688
0.038416706 -0.08240922 0.035172157 300715818032342
-0.0020314252 -0.022615165 -0.03771649 300715838174205
-0.04564303 0.13496645 -0.040568147 300715858316326
-0.08580139 0.32544348 -0.041684374 300715878458085
-0.09087238 0.16568115 -0.019119713 300715898598748
0.18881181 -0.092245385 0.021898787 300715918740351
0.26440912 -0.18972367 0.022515837 300715938881847
-0.11349605 -0.08226585 -0.012400639 300715959023397
-0.16700271 -0.0035142899 0.01780825 300715979165156
0.04739032 -0.021189608 0.004703926 300715999306756
0.12749444 -0.06663623 -0.044730794 300716019448359
0.041840635 -0.048859823 -0.045673255 300716039589959
-0.14900239 0.005084403 -0.025531163 300716059731561
-0.16949195 0.08182529 -0.014420662 300716079873110
-0.014022108 0.14139488 -0.010011587 300716100014660
-0.07462244 0.3097681 -0.17130955 300716120156314
0.07121411 0.61174774 -0.19456014 300716140298019
0.17182113 0.45786488 -0.006107576 300716160439673
-0.07038507 -0.39957732 0.059440702 300716180583409
0.21151885 -1.2599298 0.25803846 300716200800324
0.3979642 -1.3714375 0.3984766 300716220864217
0.29301843 -0.46124312 0.19334969 300716241005871
-0.07044849 0.60894406 -0.13899836 300716261147524
-0.3388988 1.3206533 -0.36134765 300716281289074
-0.11044958 0.88194084 -0.031646326 300716301430937
