0.7023887 -0.13066661 0.260997 301375315131970
-0.5769155 -0.68505436 0.10842702 301375335273519
-0.72926676 -1.0310512 0.21943477 301375355415121
-0.09892212 -0.4230651 0.13861069 301375375556670
0.23911417 0.32872432 0.045340743 301375395698377
0.009096757 0.36284566 0.033510365 301375415839927
-0.17492777 0.39013964 0.024059124 301375435981528
-0.09280781 0.107449085 0.04988302 301375456123129
0.12289138 -0.024416633 0.06270458 301375476264730
0.25588465 -0.109502256 0.071525715 301375496407113
0.27974182 -0.13623929 0.052071087 301375516548610
0.1843298 -0.00266134 -0.034153342 301375536690316
-0.13441353 0.18957296 -0.100396976 301375556831918
-0.34069523 0.08613442 -0.06453432 301375576972947
-0.052007403 -0.12511 0.027255515 301375597114445
0.25391337 -0.11495056 0.037050053 301375617256045
0.09721722 0.0031849258 0.008576707 301375637397700
-0.23747635 0.044617653 -0.04499171 301375657539249
-0.24456184 0.002698943 0.020495392 301375677680903
-0.023298956 -0.04283041 0.0796386 301375697822608
0.39359963 -0.039560705 -0.0055046827 301375717963949
0.25731367 0.021436855 -0.026382085 301375738105707
-0.15880409 0.09041522 0.015867408 301375758247205
-0.22038725 0.008693129 0.04325933 301375778388858
0.05383073 -0.117244236 0.061824698 301375798531032
0.20599781 -0.18749265 0.031858258 301375818660399
0.0058381353 -0.075597465 0.0039243978 301375838802364
-0.151452 0.037408527 0.0056166016 301375858943810
-0.037955265 0.21345481 -0.014414847 301375879084943
-0.04218308 0.21576741 -0.014952477 301375899226336
-0.05288206 -0.0030928273 -3.6785356E-4 301375919368095
-0.042399935 -0.13835043 0.0019818284 301375939510060
-0.020502493 -0.1656318 -0.011060264 301375959651401
-0.058723487 0.021192523 -0.045863144 301375979793002
0.022523617 0.12090868 -0.05216957 301375999934552
-0.09640819 0.1300408 -0.018201701 301376020076258
-0.1733204 0.23042531 -0.040978625 301376040218276
-0.18480907 0.17361027 -0.054468155 301376060359930
0.028662346 -0.04063155 -0.07736005 301376080501792
0.21634498 -0.08398807 -0.09009218 301376100642977
0.19523817 0.040597595 -0.10202997 301376120784422
0.029333832 0.12956174 -0.05783637 301376140926024
0.062737465 0.071751535 -0.007110524 301376161067573
0.25121126 -0.38842943 0.0948048 301376181209227
0.30799133 -0.60086286 0.11080139 301376201350881
0.16998494 -0.20663437 0.07439189 301376221492326
0.043202378 -0.02907023 0.05191477 301376241634084
-0.08326057 -0.006205249 0.04873758 301376261775581
-0.027428566 -0.11662119 0.07643929 301376281917808
-0.026304416 -0.080956206 0.06024558 301376302058732
-0.08618806 0.2451015 -0.025813166 301376322200490
-0.08402713 0.23612007 -0.07364312 301376342341987
-0.0535288 0.18230085 -0.18390152 301376362483849
-0.13687532 -0.22314599 -0.16718043 301376382625139
-0.17592193 -0.3548031 -0.23623858 301376402767417
-0.32125586 -0.14411111 -0.40477252 301376422908498
-0.2648513 -0.069149226 -0.6147803 301376443049995
0.06508693 -0.07302979 -0.8005863 301376463191701
0.26678658 0.21776456 -0.87684923 301376483333250
0.24025166 0.42954487 -0.80378157 301376503475112
0.07150315 0.7154757 -0.58893955 301376523616663
-0.200753 0.6519367 -0.35323238 301376543758159
-0.004345894 0.565372 -0.20849493 301376563899918
0.27982107 0.1074797 -0.038273312 301376584041310
-0.09916482 -0.5351105 0.16660814 301376604183172
-0.23519932 -0.42200753 0.23413375 301376624324721
-0.05082929 0.16722864 0.17577943 301376644466063
-0.009422163 0.074942015 0.2281368 301376664607872
-0.08719973 -0.6688161 0.3274285 301376684749579
0.025598586 -0.92841226 0.29824275 301376704891284
0.028872818 -0.29420438 0.13929185 301376725032781
-0.18539424 0.38675815 -1.3157725E-4 301376745174227
-0.33964616 0.59609103 -0.060266986 301376765316036
-0.13569018 0.39612558 -0.03485868 301376785457587
0.15667507 0.18386173 -0.03745507 301376805599239
0.033958696 0.22056657 -0.06919081 301376825740789
-0.20897245 0.2491394 -0.09684252 301376845882496
0.03475753 0.08109258 -0.08482079 301376866024149
0.48084015 -0.05885329 -0.08052014 301376886165543
0.42332068 -0.123347275 -0.06717987 301376906307039
-0.06809002 -0.18468067 -0.0029725842 301376926448901
-0.15820065 -0.1526265 -0.06118047 301376946590450
0.20834185 -0.13816896 -0.14011325 301376966731949
0.46196404 0.03146574 -0.091600075 301376986873549
0.39466602 0.16790581 -0.035138242 301377007015047
0.07230203 0.17661253 0.054728866 301377027156857
-0.34118044 0.010575876 0.110494666 301377047298302
-0.5493843 -0.18411966 0.065978035 301377067440165
-0.07131315 -0.2327719 0.037925526 301377087581401
0.39061934 -0.06307009 -0.07031529 301377107723055
0.24328291 -0.050926194 -0.08079414 301377127864969
-0.21059053 -0.123205915 -0.06585542 301377148006467
-0.20099618 0.060531117 -0.09934436 301377168147965
0.19813362 0.19724378 -0.18546082 301377188289461
0.4062584 0.07634477 -0.133517 301377208431115
-0.081159964 -0.05634812 -0.010106974 301377228572821
-0.4140454 0.07046876 0.1139096 301377248714474
-0.30668876 0.040056832 0.21327393 301377268855971
-0.026290841 -0.02959561 0.19652328 301377288997574
0.13789102 -0.0032066405 0.1973305 301377309139123
0.19381306 -0.18057051 0.31708795 301377329281089
-0.097387955 -0.37248564 0.3734928 301377349422431
-0.21238476 -0.21977638 0.38105172 301377369563927
0.12219906 -0.06577473 0.3358496 301377389705581
0.3257474 0.03941354 0.26286948 301377409847391
-0.0046489295 0.14466967 0.30006543 301377429988993
-0.09193085 -0.115954734 0.43286714 301377450130438
0.12908012 -0.16093142 0.41015932 301377470271935
0.15490326 -0.04948777 0.48192948 301377490413538
-0.19408993 -0.063306145 0.47809285 301377510555347
-0.059871823 -0.18579143 0.44601408 301377530697365
0.19262052 0.07640379 0.26215214 301377550838341
0.088113144 0.21222904 0.09666729 301377570980255
-0.108419314 0.09749392 0.07847332 301377591121649
-0.12658149 -0.26918328 0.11775273 301377611263511
0.08094135 -0.2642932 0.08243634 301377631405008
0.107207365 -0.012556549 -0.019211173 301377651546349
-0.05522758 0.11952099 -0.13093437 301377671688264
-0.20117533 0.09875117 -0.12454954 301377691829552
-0.1131811 0.104290396 -0.17659 301377711971311
0.20930924 0.03580384 -0.20180641 301377732112756
0.17365953 0.21534376 -0.19942264 301377752254358
-0.0069644004 0.48107275 -0.16529691 301377772396114
0.073569395 0.27726495 -0.10580729 301377792537768
0.3483425 -0.20915529 0.042554386 301377812679162
0.10955736 -0.31357548 0.11776486 301377832820919
-0.27891666 -0.009873748 0.07042558 301377852962469
-0.1950301 0.077587135 0.06845316 301377873104122
0.10556023 -0.120261095 0.10325797 301377893245672
0.179187 -0.0411556 0.08242507 301377913387117
-0.14511937 0.26985285 0.014876723 301377933528927
-0.37294605 0.22083749 0.049034677 301377953670320
-0.37331566 -0.09708243 0.046880558 301377973812808
-0.121783234 -0.17455153 0.0058587436 301377993953576
0.11763367 -0.03713972 -0.049696565 301378014095177
0.013090515 0.004737489 -0.040304232 301378034236935
-0.1684104 0.10367037 -0.048189994 301378054378328
-0.034325622 0.031103244 -0.044490755 301378074519982
-0.12541264 0.5679295 -0.3564757 301378094661427
0.7129912 1.0634686 -0.18196298 301378114802612
0.42781132 0.09232244 0.0083182035 301378134944735
-0.56646514 -1.7478254 0.3424177 301378155086232
-0.95031095 -1.5712129 0.48630697 301378175227365
-0.17093466 -0.5904001 0.037847348 301378195368967
1.4271511 -0.12785807 -0.5638376 301378215511089
1.2694421 1.3276427 0.2636907 301378235652690
-0.49994665 0.5685613 -0.058635235 301378255794500
-0.80910736 -0.10776746 0.0012681186 301378275935946
