-0.10133651 0.6945913 -0.021820039 300706814707416
0.0036282167 0.08040653 -0.028574081 300706834848808
0.08979553 -0.32772136 -0.034408502 300706854990306
0.1776197 0.07048626 -0.042875286 300706875131959
-0.03172621 0.47580633 -0.16868305 300706895273561
-0.15738468 0.34187973 -0.10687022 300706915415162
-0.24553081 0.16420162 -0.030480146 300706935556817
0.09507339 -0.26809582 0.18997791 300706955698366
0.2927359 -0.477303 0.17046408 300706975840228
0.35177597 -0.5509086 0.15045364 300706995981726
0.020866834 -0.22828943 0.11944318 300707016123483
-0.25503036 0.23343603 -0.03362751 300707036264251
-0.032037526 0.3793433 -0.021752879 300707056405644
0.20150468 0.27159056 0.011645414 300707076548027
0.24011132 -0.13224806 0.02845934 300707096689681
0.008671522 -0.30337662 0.0026634783 300707116831126
-0.12825894 -0.15989618 0.03221611 300707136972989
0.006546706 0.08717352 -0.02813692 300707157114329
0.10255551 0.1531417 -0.033292525 300707177255931
-0.018855471 -0.0791777 0.038425587 300707197397532
-0.14033546 -0.15828371 0.015186353 300707217539239
-0.14397454 0.019254185 0.011233123 300707237680110
-0.057107676 0.16594887 0.023731075 300707257821712
0.31021923 0.13696519 -0.077678785 300707277963262
0.28293824 0.16792767 0.0029832157 300707298105592
-0.22526094 -0.0891733 -0.027035698 300707318247143
-0.29167676 -0.027274981 0.02103768 300707338388274
0.17898153 0.07098898 -0.02079354 300707358529720
0.5238797 -0.23615244 -0.04071185 300707378671269
0.27351093 -0.23336315 -0.029965103 300707398813131
-0.18982562 0.15204602 -0.07826492 300707418954472
-0.375083 0.36900043 -0.037217423 300707439096230
-0.1338026 0.22849853 -0.008996956 300707459237676
0.12585276 -0.07718587 0.045927912 300707479379485
0.024726715 -0.23531011 0.07167716 300707499520932
-0.16436842 -0.11152711 0.02890702 300707519662584
-0.15921456 0.15029266 0.022755302 300707539805332
-0.12804945 0.3003487 0.015808046 300707559946308
0.016646454 0.061517954 0.0323298 300707580088015
0.11339814 -0.19210863 0.020973954 300707600229617
0.010503409 -0.18668443 0.02535471 300707620370592
-0.12227782 0.045670606 -0.008105946 300707640512246
-0.1405429 0.29535902 -0.07484941 300707660653743
0.07766634 0.13118073 -0.06515431 300707680795553
0.24597484 -0.24277171 0.037623413 300707700937623
0.0019031018 -0.3977999 0.053795792 300707721079225
-0.121913075 -0.25065857 0.008333843 300707741220306
0.048113808 0.04031903 -0.03812068 300707761361751
0.04368121 0.20881724 -0.039264522 300707781503926
-0.008060332 -0.071784556 0.11599494 300707801644902
-0.06503472 -0.39640787 0.113438435 300707821786556
0.12868586 0.2597695 -0.21709579 300707841928157
0.53808844 0.69843495 0.024506554 300707862069759
-0.1699742 0.5304401 -0.13539061 300707882211413
-0.36192393 -0.033112906 0.019005563 300707902353014
-0.23171161 -0.26015484 0.10262069 300707922494721
-0.4982917 -0.08835113 -0.39194682 300707942636113
-0.09065783 0.5479356 0.0073383152 300707962777819
0.05884655 0.41424227 -0.057313275 300707982920045
-0.19509944 -0.22683829 0.013011115 300708003061075
