-0.047454625 -1.0028665 0.22012836 300726996614177
-0.03422878 -0.19114818 0.09844747 300727016759165
-0.042598218 0.2667588 0.0047045127 300727036897432
-0.08716989 0.2500688 -0.06305767 300727057039034
0.13532113 -0.18359789 -0.013451759 300727077180687
0.03877065 -0.032919258 0.02406327 300727097322237
-0.091553204 0.1817115 0.03515862 300727117463839
-0.19063352 0.27486524 -0.005026415 300727137604763
-0.08462112 -0.24267206 0.120981276 300727157746365
0.19410817 -0.6298029 0.09312961 300727177887966
0.27209407 -0.21368007 0.025029592 300727198029620
-0.086376965 0.5142782 -0.058870308 300727218171273
-0.23964338 0.5726977 -0.06499639 300727238312823
-0.07039645 -0.08175694 0.07692215 300727258454373
0.22729303 -0.6384486 0.1261449 300727278596027
0.18574381 -0.5113057 0.08925502 300727298737576
0.13862026 0.15893328 -0.06349393 300727318879125
0.08957788 0.4215986 -0.08433721 300727339020832
-0.064672716 0.17750643 -0.045667514 300727359162328
-0.06493445 -0.045889053 0.023490958 300727379303983
-0.0026004314 -0.23613824 0.050449044 300727399445583
0.024999846 -0.06281523 0.0044600097 300727419587290
0.027672812 0.20254341 -0.050059766 300727439728787
-0.026357032 0.12913145 -0.07100824 300727459870337
-0.018863402 -0.09280299 -0.037413254 300727480012615
0.09607105 -0.055918463 -0.03776303 300727500154320
0.06494155 0.1699911 -0.070226446 300727520295818
-0.20032555 0.24899949 -0.022458158 300727540437367
-0.17925784 0.12273643 0.077973455 300727560578553
0.17438024 -0.10819806 0.12690262 300727580720050
0.24548417 -0.31804946 0.11217401 300727600861599
0.047321297 -0.2440621 0.029709885 300727621003149
-0.07863328 -0.0044387765 -0.023794508 300727641144751
-0.009665541 0.22685069 -0.08001657 300727661286456
0.030887455 0.3270064 -0.090864494 300727681428265
-0.11241266 0.22361587 -0.032542694 300727701569660
-0.2398912 -0.019074433 0.07924159 300727721711312
-0.04501401 -0.35882717 0.1538727 300727741852758
0.19099087 -0.56019944 0.13681132 300727761994308
0.15631798 -0.22924004 -0.03525699 300727782136013
-0.04157594 0.38101423 -0.11684746 300727802277615
-0.24175638 0.6204345 -0.13129075 300727822419164
-0.2241213 0.3725695 -0.100998476 300727842561548
0.05561693 -0.17945412 0.015131049 300727862702367
0.2266032 -0.5039388 0.044109717 300727882844125
0.15468335 -0.3200896 8.592382E-4 300727902985675
-0.038381584 0.11172804 0.0048423186 300727923127172
-0.16345334 0.32505476 -0.008198552 300727943268774
-0.054648653 0.17552996 0.04730694 300727963410584
8.992553E-4 -0.25047585 0.11221223 300727983552133
0.040918052 -0.5006662 0.07430448 300728003693682
0.18660145 -0.20724396 -0.0054264963 300728023835284
0.10219218 0.2960688 -0.07802353 300728043976937
-0.24405545 0.59902954 -0.0645504 300728064119008
-0.4025328 0.2396399 -0.070871934 300728084260662
-0.2591758 -0.016470924 -0.09332156 300728104401586
0.52457327 -0.34431088 -0.0048364997 300728124543189
0.29218584 -0.13323416 -0.05780641 300728144684945
-0.048408747 -0.0616678 0.053271834 300728164826443
-0.2456173 0.20329976 0.0027286112 300728184968252
-0.07068926 0.2243487 0.09720802 300728205109802
-0.16917714 0.16775687 -0.0963864 300728225251404
0.12077985 -0.12830088 0.04989665 300728245392849
0.41856346 -0.35054475 0.05347246 300728265534556
0.5382649 -0.42314163 -0.0075318962 300728285676105
