0.3345604 0.83085275 -0.106591046 300712353647636
0.034970548 -0.0029204637 -0.12527205 300712373789291
-0.30365852 -0.4456906 -0.1386034 300712393930995
0.021180712 -0.13761914 -0.051610995 300712414072442
-0.13208258 0.1797182 -0.07648335 300712434214147
-0.22400853 0.079089366 -0.022213103 300712454355644
0.11295155 -0.33065224 0.09209922 300712474497246
0.1805492 -0.32907417 3.2497197E-4 300712494638899
-0.05515275 0.0973072 -0.09598932 300712514780554
-0.103355415 0.25317407 -0.06775794 300712534921321
-0.10700478 0.30720422 -0.032875504 300712555063027
-0.04842654 0.14859235 -0.014182569 300712575205253
0.13534972 -0.04531624 0.07064482 300712595346908
0.094491646 -0.119543225 -0.010695074 300712615488561
-0.08092518 0.020572718 0.02746687 300712635630267
-0.09867006 -0.02673933 0.068817936 300712655771608
-0.20813093 -0.0788398 0.05726251 300712675913365
-0.057323955 -0.054467227 0.018259577 300712696055019
0.036362994 0.039168764 -0.002277542 300712716196725
-0.02718553 0.12964639 -0.013443885 300712736338014
-0.12620974 0.09703469 -0.01014312 300712756479616
-0.061967075 0.04827764 0.0035268832 300712776621426
0.10981649 -0.06268257 0.023735747 300712796762298
0.20484322 -0.23402244 0.044022895 300712816903952
0.07289255 -0.24774727 0.038247142 300712837045970
-0.0075250883 -0.046290446 0.02805353 300712857187623
-0.22178036 0.1265517 -0.024250247 300712877328653
-0.03598591 0.11849122 0.01641674 300712897470097
0.1698168 0.06074742 -0.030174568 300712917611751
0.06839429 0.0146138305 -0.07570488 300712937753457
0.03105997 0.008146356 0.0076883994 300712957895059
-0.01580178 0.24325754 -0.055950776 300712978036556
-0.016994528 0.2408673 -0.059946537 300712998178157
0.15296769 -0.05920932 0.016278896 300713018319759
0.15244186 -0.40211216 0.082159296 300713038462454
0.046189107 -0.38100356 -0.01442939 300713058603639
-0.0033603702 0.026730623 -0.04321664 300713078745293
-0.092506744 0.37180242 -0.034904324 300713098886842
-0.10650726 0.24061668 0.030863628 300713119028600
0.09223283 -0.17041433 0.13188064 300713139170201
-0.09017024 -0.2948405 0.14191934 300713159311022
-0.28489447 -0.2235879 0.11108817 300713179452467
0.022629783 -0.042388618 0.04084249 300713199594173
0.21479769 0.15250106 -0.07465862 300713219735878
0.01340612 0.24864575 -0.13719317 300713239878053
-0.14072585 0.27823108 -0.12821227 300713260019760
-0.15024056 0.20138513 -0.11327398 300713280161309
-0.057920914 0.0093366485 -0.028249811 300713300303171
0.1509439 -0.23946762 0.0751916 300713320444511
0.16383387 -0.30199236 0.040004957 300713340586217
-0.006138294 -0.06931557 -0.053871237 300713360727818
-0.015584547 0.16872217 -0.09309827 300713380869264
0.019501686 0.24320005 -0.03606201 300713401010241
-0.07633411 0.041038696 0.03981684 300713421152936
-0.07359851 -0.24509728 0.12698174 300713441293601
-0.08743262 -0.20518972 0.14036204 300713461435097
-0.0014948762 0.007980317 0.031994633 300713481577324
0.07231729 0.12912437 -0.018453032 300713501718925
-0.10619 0.031472947 0.019115005 300713521860058
-0.22665252 -0.08858901 0.03657813 300713542001659
-0.1259506 -0.11199689 -0.2256428 300713562143054
0.36629924 0.21727002 0.1246956 300713582284551
0.02721192 0.5263916 0.02148737 300713602426257
-0.043419182 -0.3639845 0.0783025 300713622567859
0.18494603 -0.9919811 0.15107645 300713642709564
0.03513156 -0.7115478 0.13429806 300713662851061
-0.12557083 0.141566 -0.16055132 300713682992662
0.22131687 0.539571 -0.15856986 300713703134317
0.2594088 0.9101814 -0.15019089 300713723276543
