-0.109392814 0.12938228 -0.03321722 300719080972368
-0.08881499 0.043763977 -0.05813338 300719101113970
-0.024326865 0.004656136 -0.039630618 300719121255624
0.1679102 0.05010263 0.08309463 300719141397277
0.1063438 -0.09790313 0.05369415 300719161538826
0.01843907 -0.23941094 0.0074176826 300719181680480
0.0720505 -0.10591021 0.044568185 300719201822031
-0.043545052 0.18114984 -0.016336482 300719221962902
-0.2978992 0.3167538 -0.07520887 300719242104556
-0.28055084 0.22204852 0.0013888031 300719262246105
-0.0857528 -0.22610423 0.026392754 300719282387812
0.2948919 -0.36672425 0.08526807 300719302529985
0.50497997 -0.06686413 0.13973103 300719322671691
0.06429652 0.043741163 -0.062162038 300719342813240
-0.29468274 0.0908443 -0.09134071 300719362954999
-0.22901116 0.1079718 -0.06911796 300719383096496
0.026908014 0.051660404 -0.035673372 300719403237473
0.115126595 -0.01750343 0.049060453 300719423378918
0.05198894 -0.122128084 0.07012454 300719443520467
-0.14708853 -0.1830541 0.07701386 300719463662069
0.03467391 -0.070062466 0.11252002 300719483803774
0.09714504 -0.02543322 0.041856624 300719503945428
0.092003405 0.0039871335 -0.036459062 300719524087031
-0.10132134 0.12698445 -0.108671136 300719544228527
-0.07851519 0.28808647 -0.14406414 300719564370077
-0.08961511 0.2128937 -0.100288086 300719584511887
-0.0589334 0.028382448 -0.017526139 300719604653541
0.057072222 -0.07020491 0.035043098 300719624795037
0.09937781 -0.20853457 0.0036816187 300719644936848
0.14202116 -0.116526745 0.010230765 300719665078501
0.04567367 0.1514843 -0.03417024 300719685220467
-0.14748247 0.21497375 -0.035378028 300719705361861
-0.108525485 0.023579232 -0.0015508551 300719725503357
0.027799156 0.0015256926 0.04269737 300719745645169
-0.08912422 0.12642047 -0.016782809 300719765787029
-0.14832376 0.093580365 0.022806197 300719785928684
0.01096461 -0.15794548 0.074118726 300719806070233
-0.0047154203 -0.2110334 0.028699545 300719826211574
0.049494453 -0.045798216 0.013612686 300719846353332
-0.0111800805 0.15707323 -0.026235107 300719866495350
-0.120852344 0.18859936 -0.06529303 300719886636535
0.07473033 0.026339732 -0.0132097835 300719906778189
0.26181787 -0.19299392 0.04065808 300719926919843
0.082539484 -0.15792826 0.020396575 300719947061809
-0.079147056 0.12195833 -0.024660908 300719967202941
-0.009274136 0.21175422 -0.029678818 300719987344439
0.080247864 -0.0056638084 0.0069380556 300720007486196
0.08181654 -0.21885723 0.03746118 300720027627850
-0.011969324 -0.050840206 0.011664047 300720047769295
-0.19115213 0.22317778 -0.021315247 300720067911210
-0.15490648 0.20743862 0.03156624 300720088052446
-0.024064574 -0.098405495 0.10000328 300720108194308
-0.023799352 -0.3078546 0.060662456 300720128335754
0.018236369 -0.13404453 -0.010205459 300720148477303
0.020063123 0.10603663 0.017760122 300720168618905
-0.11873053 0.1953185 -0.031854965 300720188760454
0.057325255 0.09441238 -0.02714944 300720208902160
0.12566985 -0.093399286 0.010850754 300720229043865
-0.020486757 -0.19933836 0.0019784495 300720249185363
0.009503208 -0.20909958 -0.012785729 300720269327069
0.08251525 0.044822842 0.005198865 300720289467785
-0.04186739 0.31784222 -0.09276429 300720309609386
0.014331862 0.2827035 -0.03302793 300720329751718
0.15285464 -0.07933355 0.033583146 300720349893267
-0.022760134 -0.1387882 -0.017433826 300720370034868
-0.18395361 -0.008582454 0.014168132 300720390176418
0.058265045 -0.08668585 0.03405296 300720410317446
0.03472444 -0.006552534 -0.018614693 300720430458996
-0.011125691 -0.15863591 0.0013859831 300720450601118
0.09828422 -0.080642566 -0.02916275 300720470742928
-0.11182857 -0.009714 -0.017558683 300720490884530
0.11204455 0.09575426 0.008090958 300720511026027
0.0073506646 0.14261892 0.088712886 300720531167733
-0.3322122 0.06040553 0.07425547 300720551312719
-0.15913466 -0.19586864 0.05404899 300720571450155
-0.10852527 0.12621166 -0.37085322 300720591592433
0.66270113 0.24897797 0.2734393 300720611733931
0.14583938 0.20985982 -0.07981432 300720631875063
-0.0045327954 -0.12737721 0.015502505 300720652016561
-0.17450435 -0.38239378 0.038679995 300720672158476
0.11598064 -0.2765298 0.092488095 300720692300233
0.14479253 0.1227488 -0.116612054 300720712441418
-0.35901192 0.44899663 -0.637465 300720732583123
