-0.3028019 0.02255781 -0.025024809 300606106730616
-0.22429736 -0.119009495 0.026847683 300606126871958
-0.13020091 0.08287496 -0.092573434 300606147013507
-0.17385213 0.4006251 -0.18270098 300606167155110
-0.40417504 0.84441185 -0.24175291 300606187296762
-0.2423188 0.21292707 -0.2849164 300606207438312
0.25029382 -0.6519817 -0.43360326 300606227579965
0.64437515 -1.3438807 -0.5525478 300606247721567
0.36251038 -0.589523 -0.82610166 300606267863169
-0.2763324 0.23875687 -1.0616364 300606288004770
-0.6717043 0.7847549 -1.205724 300606308146476
-0.3817519 0.73752344 -1.1098437 300606328287921
-0.1369926 0.69966424 -0.8443936 300606348429627
-0.22366852 0.6686889 -0.43121427 300606368571437
-0.0013131797 1.0306365 -0.039165348 300606388712779
0.078237236 1.4742261 0.41856176 300606408853807
-0.23210216 1.1915927 0.7907856 300606428995304
-0.2827774 0.15790042 1.137652 300606449137010
0.31068617 -1.054611 1.3454992 300606469278715
1.1078446 -2.2047887 1.5466762 300606489420057
1.4726872 -2.5065005 1.4875423 300606509561658
1.0089521 -2.482251 1.241111 300606529703364
0.32087582 -1.3022869 0.8455037 300606549844965
-0.5134049 0.36365172 0.20108536 300606569986515
-0.9810519 1.2812229 -0.11639196 300606590128065
-1.3982105 1.1851871 -0.43670163 300606610269718
-0.9246651 0.45967662 -0.50261295 300606630411320
-0.094165355 -0.35166842 -0.41900736 300606650552973
0.49738073 -0.32095778 -0.31490487 300606670694679
0.566395 0.37380627 -0.41323903 300606690836124
0.18608156 0.8071847 -0.19949904 300606710977883
0.027249902 0.27784747 -0.15237185 300606731119328
0.7945861 -0.6710917 -0.015442997 300606751261659
1.1196611 -1.0186243 0.14740139 300606771403104
0.4069761 -0.8968431 0.006409958 300606791544810
0.08771244 -0.22184339 0.08429185 300606811686307
-0.15980697 0.36151317 -0.055426963 300606831827336
-0.3380306 0.93243575 -0.24943072 300606851968833
-0.7153263 1.266359 -0.33326054 300606872110590
-0.89328676 0.69668067 -0.3164574 300606892252140
-0.3106372 -0.44305646 0.021880025 300606912393794
0.6851378 -1.4286032 0.20459494 300606932535395
1.2700453 -1.3349413 0.3640175 300606952677101
1.2003291 -0.73324984 0.29865062 300606972818494
1.1171088 -0.13173413 0.23448734 300606992960461
1.0104253 0.18611111 0.13107136 300607013101957
0.8840271 0.1409297 0.0071713924 300607033243403
0.44614744 0.085258454 -0.07046038 300607053385005
0.4081356 0.22352579 -0.08427245 300607073526555
0.86725104 0.21784638 -0.05113846 300607093668208
0.9597028 -0.039030313 -0.007041216 300607113809705
0.5867433 -0.06457182 -0.034300104 300607133951359
0.4807232 -0.23043945 -0.19942929 300607154093064
0.48772225 -0.1482196 -0.29217768 300607174234666
0.06383687 0.28431034 -0.14756438 300607194376215
-0.17202806 0.33285528 -0.02966313 300607214517661
0.007943608 0.0571175 -0.23609662 300607234660357
0.2227009 -2.0254176E-4 -0.32242876 300607254801645
0.43031022 0.20947199 -0.028627396 300607274942674
0.4879588 0.12842514 0.15292549 300607295084172
0.103972234 -0.06599079 -0.045874547 300607315225721
-0.057177227 0.020966971 -0.0886268 300607335368051
0.3006035 0.27393305 -0.026569366 300607355509601
0.39903343 0.24815184 -0.045804933 300607375651308
0.35314068 -0.14992926 0.1367374 300607395792856
0.22728631 -0.42022914 0.14787671 300607415934823
0.1499368 -0.32253456 -0.018300157 300607436076215
0.31033257 0.09173869 0.029579535 300607456217818
0.32023603 0.5181171 -0.052940115 300607476359054
0.15696298 0.46882877 -0.14112914 300607496500604
0.3823143 0.14924523 0.1909956 300607516642569
0.5963249 -0.31361166 0.2865128 300607536784276
0.36266303 -0.5391494 0.16388366 300607556925669
0.08096112 -0.47737217 0.14292859 300607577067427
-0.066227645 -0.11686793 0.06789467 300607597209080
-0.24048407 -0.06793515 0.06793802 300607617350473
-0.18042657 -0.39099422 0.09616311 300607637492179
0.1504952 -0.49217814 0.13975213 300607657633832
0.14812699 -0.21637236 -0.015841316 300607677775383
-0.0602705 0.037993476 -0.06307032 300607697917036
0.0334706 0.23262016 0.022652736 300607718058690
0.16425885 0.06459217 -0.013777696 300607738200240
0.18575498 -0.25291058 0.07428603 300607758341632
0.12799439 -0.36569864 -0.50009406 300607778482609
-0.3104214 0.36075333 -0.33893853 300607798624158
-0.27583164 1.0119125 0.8296268 300607818766489
0.95254457 -0.8782432 -0.10795289 300607838908195
0.7840227 -0.37498632 0.4697674 300607859049796
0.28552556 0.12842606 -0.22472867 300607879190669
-0.50277454 0.41747838 -0.58735335 300607899332166
-1.3130319 0.8676913 -0.54149127 300607919474549
