-0.0766655 -0.4002929 -0.113538146 300598674444499
0.11062815 -0.07342735 -0.109603085 300598694586152
-0.16407578 0.538197 -0.10847725 300598714727754
-0.2288652 0.37531933 -0.058910977 300598734869408
0.050655507 -0.123825945 0.03007922 300598755010905
0.17062804 -0.35031888 0.008064538 300598775152506
0.161706 -0.25757134 -0.031173155 300598795294264
0.2869752 -0.068618566 0.003961537 300598815435865
0.033549108 0.090007566 -0.06345788 300598835577676
-0.07408037 0.063958555 0.026408192 300598855718913
-0.07706724 -0.034394816 0.0486989 300598875860462
-0.16477674 -0.13501337 0.021866292 300598896002429
-0.14245832 -0.2199386 0.047585852 300598916143873
0.066611424 -0.09531015 0.062935054 300598936285267
0.032574367 0.10126964 -0.0038201287 300598956426243
0.097214565 -0.00845338 0.016312122 300598976567793
0.16716346 -0.06999464 0.037826188 300598996709343
-0.036644585 0.019083556 -0.0017328104 300599016851829
-0.05505875 0.030802673 -0.016972845 300599036993483
0.046712052 -7.965416E-5 -0.0148952175 300599057134929
-0.0041525066 0.094546996 -0.021350363 300599077276635
-0.2191489 0.050804585 -0.035926737 300599097418184
-0.030750304 -0.013070338 0.023801189 300599117559368
0.043097295 -0.07266523 0.024991158 300599137701387
0.12182002 -0.19413939 0.047332756 300599157842884
0.05083608 -0.12680727 0.045136206 300599177984590
-0.20399982 0.12332948 -0.05511315 300599198125462
-0.021600805 0.18556012 -0.049260154 300599218267168
0.27885893 0.17165776 -5.3979084E-4 300599238408665
0.12871924 -0.038221408 -0.07572249 300599258550215
-0.050106734 -0.06933903 -0.085978046 300599278691868
-0.08309041 0.1314629 -0.019698272 300599298833522
-0.25710723 0.13191634 -0.013482198 300599318975124
-0.07966614 -0.05304913 0.04393022 300599339116673
0.30327505 -0.10437272 0.12894858 300599359260828
0.12763096 -0.1762907 0.056108724 300599379399772
-0.09074691 -0.20000689 0.016854428 300599399541426
0.0051024053 -0.023952004 0.046995156 300599419683079
-0.040194627 0.10147039 4.134765E-4 300599439824681
-0.009942 0.01118129 0.003661428 300599459966231
-0.009802513 0.09718855 -0.06572775 300599480107832
-0.14730372 0.10709947 -0.08978429 300599500249434
0.016978914 -0.043865938 -0.026478523 300599520391035
0.2542078 -0.008423172 0.05029522 300599540532690
0.06802559 -0.084398836 -0.03459222 300599560674968
-0.112525575 -0.039566565 -0.025758265 300599580816517
0.011514747 0.051055647 0.0533347 300599600958274
-0.21374969 -0.02153515 0.012429491 300599621099721
-0.08958505 -0.042060982 0.07549135 300599641241478
0.16081378 -0.0023694485 0.05862104 300599661383079
-0.041333918 0.14364697 -0.018863577 300599681524786
-0.19346431 0.007069193 -0.017808119 300599701666230
0.19224718 -0.10165912 0.023652744 300599721807780
-0.03399747 -0.009614473 7.1460474E-4 300599741949537
-0.017271258 0.06314625 -0.006395774 300599762090931
0.09285786 -0.0016231127 0.04535697 300599782232533
-0.19123659 -0.13467123 -0.034464817 300599802374290
0.029730707 -0.3952539 -0.009890776 300599822515893
0.25574225 -0.07746554 0.013327327 300599842657285
-0.12963638 0.07058847 -0.25623772 300599862798887
0.04477054 1.4431841 0.013833731 300599882940019
-0.22515243 0.67579865 -0.17762336 300599903081361
-0.18460381 -1.5487618 0.07233843 300599923223118
0.4165625 -1.5924236 0.31842464 300599943364772
0.6200459 -0.6174791 0.2113924 300599963506322
-0.095620066 0.9298884 -0.15263957 300599983647975
-0.060944855 1.2084082 0.053277478 300600003789994
0.066195115 0.1612359 -0.020313345 300600023931907
