-0.13047871 -0.06463896 -0.05444344 300592329845972
-0.4969886 -0.7884515 0.005198002 300592349987678
-0.14933889 -0.2817343 -0.036689572 300592370129123
0.24138767 0.29557332 -0.03492 300592390270778
0.17247683 0.3010031 -0.0039246455 300592410412379
2.920255E-5 0.16490267 0.029853065 300592430554032
-0.12237442 0.01246037 0.03689433 300592450695530
-0.13208848 -0.023186058 -0.0075702816 300592470837131
0.031795166 0.23290245 -0.028864244 300592490979566
0.248021 0.15543064 0.022977468 300592511120438
0.1855102 0.036271803 0.07365594 300592531262040
-0.15884233 -0.045499153 0.0680397 300592551403642
-0.275607 -0.21241032 0.05479934 300592571545712
-0.08006699 -0.28071418 0.0011513159 300592591687574
0.072355404 -0.073473305 -0.075112365 300592611829123
0.12070207 0.2145464 -0.13481651 300592631970205
0.24109025 0.343513 -0.11787708 300592652111806
0.10825429 0.35635933 -0.05329489 300592672253355
-0.07175487 -0.039698068 0.02064446 300592692395686
-0.22220773 -0.110570066 0.048226934 300592712536870
-0.22470436 0.11477829 0.041396093 300592732678525
0.08170902 0.016259504 0.0071898615 300592752820126
0.22324876 -0.09988235 0.00923833 300592772961624
0.0961166 -0.22948726 -0.07173259 300592793103329
-0.14075649 -0.1672177 -0.028212197 300592813245035
-0.032869767 0.05872213 -0.019057717 300592833386897
0.14096993 0.10693168 0.04645165 300592853528603
-0.0076131243 -0.06935408 0.063903235 300592873670048
-0.13067056 -0.2974021 0.06638812 300592893811805
-0.10993229 -0.06910607 0.036051266 300592913953251
-0.14748707 0.07197882 0.037081286 300592934094071
0.018877983 0.25101042 0.014814526 300592954235725
-0.001416333 0.303685 -0.053458855 300592974377170
0.2370312 -0.039535537 -0.048580747 300592994518772
0.30197316 -0.17321092 -0.051060095 300593014661206
-0.21834515 0.3567972 -0.03951752 300593034802808
-0.33341467 0.09868329 0.0816434 300593054944515
0.0269356 -0.26027754 0.054981947 300593075085960
-0.07107167 -0.15919888 0.018617444 300593095227977
-0.04519966 -0.18404923 -0.0068602636 300593115369162
0.021649273 0.053188544 0.025834043 300593135510087
0.08343153 0.30415905 -0.1044366 300593155651584
0.031605497 0.13292915 -0.006738821 300593175794123
0.111349046 -0.19477056 -0.020775966 300593195935569
0.14785624 -0.15363398 -0.031119663 300593216077274
0.027112471 -0.038115475 -0.041561272 300593236218876
-0.015245194 0.073400296 -0.002618798 300593256360269
-0.14843379 0.078194976 0.020194672 300593276501350
-0.036180288 -0.25139332 0.05573334 300593296642900
0.04697731 -0.16484858 0.052607287 300593316784449
-0.26686883 0.29653433 -0.009649016 300593336926051
-0.19007862 0.21581294 -0.02792226 300593357067756
0.07458261 0.09988984 -0.0048011243 300593377209306
0.25737455 0.884553 -0.10596136 300593397351272
0.15580457 0.39163518 0.06275932 300593417492769
-0.058292806 -0.92240036 0.06348262 300593437634684
0.0245907 -1.6197338 0.22939093 300593457776337
-0.15550521 -1.0273824 0.14815436 300593477917730
-0.056382976 -0.004121881 -0.22342467 300593498059332
0.19000804 1.0300977 -0.32539043 300593518200465
0.2916533 1.2592223 0.15805086 300593538342118
