-0.040454984 0.08130716 -0.11951455 300601232427793
0.22510149 -0.14329198 0.15430713 300601252568926
0.11268161 -0.36392462 0.09988774 300601272710527
0.28779525 -0.20093036 0.063458145 300601292852182
0.0931472 0.0367479 0.048468404 300601312993730
-0.08419928 0.14606154 0.031786963 300601333135280
-0.15872517 0.0898377 0.00738205 300601353276882
-0.21834958 0.044874873 -0.012146089 300601373418483
-0.15706392 0.01304416 -0.031790867 300601393560084
-0.05904019 9.480696E-4 -0.010003925 300601413702468
0.017364625 -0.0035316404 0.025606591 300601433843966
0.061172023 -0.17721799 0.055514656 300601453985618
-0.032891847 -0.081641406 0.09499115 300601474126440
-0.14425378 -0.03754367 0.08360319 300601494268769
0.04257019 -0.1795842 0.036247063 300601514410528
0.1488482 -0.11524885 0.005011931 300601534551868
-0.015065361 0.05237276 -0.11527248 300601554693471
0.12035237 0.26014987 -0.11638446 300601574835229
0.06162165 0.41033247 -0.09833827 300601594976725
-0.2310773 0.1848974 -0.06560715 300601615118275
-0.19232336 -0.06817684 -0.015875146 300601635259876
0.26919937 -0.22268766 0.05181612 300601655401583
0.34653834 -0.13829912 0.06219867 300601675543340
0.1058576 -0.22099474 0.039733067 300601695684785
0.01753797 -0.009705925 0.022995519 300601715826335
-0.31254143 0.2617939 0.012079686 300601735968041
-0.3219386 0.2247678 0.020970657 300601756109851
0.17939036 -0.17954478 0.052911967 300601776251191
0.14400724 -0.25927562 0.019782364 300601796392949
-0.16146469 -0.08261347 -0.07837472 300601816534603
-0.1529083 0.13621338 -0.067907766 300601836675996
-0.100019135 0.23134124 0.036730804 300601856817024
-0.12545642 -0.019429408 0.03827778 300601876958418
0.06306878 -0.15343116 0.090118274 300601897100072
0.16976021 -0.2139652 0.009268086 300601917241517
0.26549697 -0.05536981 -0.041683502 300601937383640
0.13081168 0.18699872 -0.06611898 300601957524876
-0.21397339 0.33198485 -0.07266483 300601977666426
-0.43600997 0.19237325 -0.057709213 300601997808079
0.07760643 -0.10561001 0.043488614 300602017949681
0.2915072 -0.25182062 0.091663584 300602038091334
0.23305234 -0.21097794 0.07675496 300602058232832
0.060492203 -0.07062414 0.008064795 300602078375163
0.044707723 -8.8980235E-4 -0.04840891 300602098516712
-0.116655044 0.036436122 -0.07210126 300602118658315
-0.07220235 0.024430025 0.0044034366 300602138799915
-0.018479727 0.0809348 -0.06614596 300602158940944
-0.015075851 0.077644795 -0.06301737 300602179082389
-0.1685336 0.047076195 0.036709756 300602199224043
-0.16565204 0.08118765 -0.014394766 300602219365854
0.19106534 -0.073146604 0.095531516 300602239507247
0.36376828 -0.17789915 0.07949014 300602259648952
0.08387357 -0.12550108 -0.0011544134 300602279791282
-0.24100946 0.13465504 -0.04964179 300602299932728
-0.26334348 0.41593766 -0.0013137013 300602320074486
-0.12055344 0.08744994 0.05469863 300602340215984
0.1730755 -0.36832935 0.10197444 300602360357480
0.30742267 -0.4672915 0.09493462 300602380498509
0.13629526 -0.14547803 0.017699476 300602400640060
-0.08045478 0.13727248 -0.033937346 300602420783066
-0.2259761 0.2510468 -0.013119947 300602440924095
-0.2239448 0.17058162 -0.033895634 300602461065592
-0.0040406454 0.059240106 -0.014798016 300602481206726
-0.3557351 0.7586125 -0.24894795 300602501348900
-0.58535874 0.94657874 -0.00462389 300602521490241
0.31542915 -0.92222136 -0.07518771 300602541631323
1.4258752 -1.5667384 0.22099648 300602561772923
0.75969255 -0.8415375 0.10444552 300602581914890
-0.16183758 0.23064119 -0.045574803 300602602056126
-0.48513463 1.0659306 -0.15916374 300602622197833
-0.12273809 1.0403545 -0.08623262 300602642339329
-0.026054978 0.28565973 -0.050648835 300602662480827
