-0.13718882 -0.8228734 0.015890315 300717731485168
-0.04520137 -0.28583252 0.011120979 300717751626822
0.028377883 0.14379466 0.0073080137 300717771768372
0.026701316 0.29689133 -0.014187619 300717791909920
-0.06778851 0.12612115 -0.059747364 300717812051679
0.23319405 -0.33222124 -0.057246007 300717832193123
0.23473082 -0.22523075 -0.12503055 300717852334674
0.13194507 -0.02219003 -0.16093504 300717872476326
-0.18850987 0.34918302 -0.11936796 300717892617199
-0.15145291 0.24284764 -0.07021929 300717912758749
0.113634124 -0.1384684 -0.0018597841 300717932900610
0.065693885 -0.2593397 0.022696491 300717953042161
-0.025650702 -0.08467187 0.06688999 300717973183605
-0.06855867 0.048678413 0.051516972 300717993325155
0.011619106 -0.09183642 0.09235014 300718013466860
0.08238517 -0.23816557 0.12586826 300718033608410
-0.014475329 0.08068938 0.07801665 300718053749907
-0.22247499 0.28046238 0.040923595 300718073891717
-0.27246198 0.14451255 0.03745968 300718094033320
-0.07264305 -0.09515861 0.08466883 300718114174764
-0.030310884 -0.24273178 0.07494526 300718134316575
0.13547908 -0.06017554 0.01629185 300718154457967
0.10300615 0.03996563 -0.054517362 300718174599622
0.008054605 0.03881146 -0.09791082 300718194741222
0.0725711 -0.036310792 -0.08320488 300718214883032
0.20013843 -0.032008443 -0.10169479 300718235024478
-0.013224341 0.1238471 -0.118834235 300718255166131
0.004654281 0.22423743 -0.09645589 300718275307577
0.12974712 0.14570168 -0.10039506 300718295449334
-0.010330979 -0.004492631 -0.038194288 300718315590780
-0.16221152 -0.064059645 0.05990099 300718335732642
-0.033270597 -0.09540688 0.08967145 300718355874140
0.12822974 -0.24218425 0.12605529 300718376015741
0.20337668 -0.2175752 0.121242374 300718396157239
0.031776156 -0.016122812 0.066158354 300718416299100
-0.19357993 0.046161883 -0.0064883046 300718436440702
-0.076515645 0.056562513 -0.01792993 300718456582303
0.07626152 0.03216636 -0.009604506 300718476723905
-0.06914259 0.04259289 -0.026445303 300718496865455
-0.14592509 0.08272026 -0.0076161996 300718517006847
0.019157842 0.011015017 0.017066542 300718537148397
0.06943856 -0.043153934 0.028279003 300718557290728
0.058357395 0.0020856392 -0.01553267 300718577431704
0.056380518 0.038382452 -0.032210995 300718597573358
-0.119390026 0.057269916 -0.0604446 300718617714856
-0.099518985 0.031409763 -0.052604444 300718637856509
0.1377767 0.021783117 -0.022011727 300718657999569
0.25616756 0.02936466 -0.017526682 300718678139816
0.05097208 0.108870074 -0.026230864 300718698281261
-0.17836693 0.17247224 -0.040201534 300718718422967
-0.1841749 -0.023908712 0.025916133 300718738564517
0.104208685 -0.18319976 0.10730991 300718758706066
0.2798225 -0.07414772 0.087552354 300718778847720
0.07525779 -0.050261818 0.008277064 300718798989321
-0.116185844 0.113306485 -0.038867038 300718819131288
-0.23060693 0.18554306 0.027337529 300718839272888
-0.49084064 -0.19747612 -0.42914286 300718859414074
0.3562528 0.58962446 0.1477552 300718879555728
0.11583596 0.44940877 -0.047313027 300718899697225
-0.2995483 -0.25846916 -0.16858448 300718919838931
-0.09466028 -0.60552794 0.30699688 300718939980897
0.29153827 -0.6378951 0.3399892 300718960122239
0.2056928 -0.1993889 0.27478766 300718980263683
0.30836362 -0.11771016 -0.043441363 300719000405546
0.37523443 0.07199015 -0.5197825 300719020546990
0.1827211 0.47685212 0.3142649 300719040688540
-0.6416841 0.18597884 -0.27683133 300719060830142
