-0.13485792 -0.029669866 0.13693619 300728305818018
-0.2060205 -0.043729953 0.07131463 300728325959255
-0.1757172 -0.075109735 6.567985E-4 300728346100805
-0.044088844 0.0065964814 -0.03289815 300728366242823
0.053022157 -0.17080233 -0.031910554 300728386384581
0.018180488 0.0025199926 -0.06647897 300728406526183
-0.05187829 0.30240422 -0.11234318 300728426667836
-0.13298787 0.5276027 -0.11848194 300728446809386
-0.1010695 0.15473416 -0.13176247 300728466950519
-0.030561633 -0.30003867 -0.15036832 300728487092016
0.27004611 -0.5108745 -0.21796468 300728507233617
0.18574631 -0.5799316 -0.33499807 300728527375219
-0.10165377 -0.16225952 -0.55022985 300728547516925
-0.34839094 0.1832874 -0.7880924 300728567658526
-0.56017137 0.36512828 -0.9148041 300728587800232
-0.29765195 0.11386275 -0.9864889 300728607941677
0.06806025 -0.13640091 -0.9645854 300728628083279
0.3293334 0.0048269005 -0.7436172 300728648224932
-0.0088174045 0.7384019 -0.537199 300728668366430
-0.14162725 1.520155 -0.13290572 300728688508084
0.107340336 1.9615527 0.39157164 300728708649738
0.08196849 1.6186271 0.7429604 300728728791391
-0.37784088 1.0516872 1.0424395 300728748932993
-0.44808334 -1.3221575 1.3599012 300728769074491
0.5198668 -2.2819862 0.96241266 300728789216143
1.3560796 -2.3176095 1.2386649 300728809357693
0.7496203 -1.42958 0.766708 300728829499347
0.20171073 -0.95163727 0.59240335 300728849641104
0.024356455 -0.30754524 0.22049388 300728869782498
-0.07059044 0.38656655 -0.033273064 300728889924152
-0.24762711 0.6720502 -0.17094478 300728910065649
-0.3526634 0.23655431 -0.31806117 300728930207250
-0.16485284 -0.2965578 -0.26470572 300728950348956
0.2081755 -0.352642 -0.11525357 300728970490453
0.6562289 0.634928 -0.25782487 300728990632836
0.40542465 1.2920244 -0.111264944 300729010774333
-0.2354551 1.0172977 -0.16530158 300729030915987
0.1502911 -0.64996666 -0.040963903 300729051057433
0.70015883 -1.1588482 0.23981833 300729071198513
0.559986 -0.77943826 0.19652218 300729091340063
-0.0056593977 0.033497516 0.019300405 300729111481664
-0.5180916 0.59711605 -0.089482576 300729131623474
-0.8322222 0.5531218 -0.04412067 300729151764920
-0.6905408 0.12682337 0.09172332 300729171906521
-0.08533764 -0.34742713 0.22275405 300729192048332
0.20142484 -0.39422238 0.15209126 300729212189672
-0.11070643 0.022267584 -0.013561651 300729232332003
-0.31216606 0.26152292 -0.08260909 300729252473032
-0.05256541 0.060248323 -0.30457717 300729272614529
0.62739646 0.092748076 -0.02603525 300729292756130
0.3811361 0.20431814 0.18821964 300729312897680
-0.41817585 -0.078008994 -0.1077258 300729333039333
-0.21575713 -0.039924227 -0.0019759014 300729353180987
0.07691548 0.06151238 -0.062197395 300729373322485
0.201945 0.013977066 -0.17793638 300729393464086
0.3513368 -0.056374982 0.065082565 300729413605844
0.011612967 -0.3079858 0.13471285 300729433747289
