-0.038029123 0.070653655 -0.027649093 300720772866899
0.14637944 -0.14148134 0.08132579 300720793008605
0.2938953 -0.31119817 0.16849592 300720813150103
0.046435818 0.23781618 0.034632586 300720833291652
-0.18585663 0.4458022 -0.06812743 300720853433359
-0.18203421 0.18097594 -0.033265583 300720873574959
0.043728784 -0.13091387 0.09961161 300720893716561
-0.056633607 -0.20602994 0.12631086 300720913858162
-0.19021408 -0.1263503 0.09034725 300720933999087
-0.089791 -0.09266837 0.08126458 300720954140584
-0.004870817 -0.1797842 0.024115046 300720974282238
0.02249112 -0.10204897 0.035510633 300720994424673
0.10211677 0.117369734 0.0055751493 300721014566171
-0.045484778 0.22779198 -0.04398362 300721034707199
0.023286175 0.053029448 0.010787681 300721054848800
0.08173531 -0.06366351 0.051358886 300721074990506
-0.100942515 -0.07133141 -0.011774116 300721095131952
0.024036638 -0.2286671 0.02421444 300721115274074
0.1268561 -0.05266206 -0.0125460215 300721135415051
0.1557183 0.13049327 -0.04704301 300721155556704
0.028443605 0.27277327 -0.056713372 300721175698410
0.022370167 0.09636083 -0.0095555885 300721195839907
-0.20547049 -0.17624438 0.038212284 300721215981561
0.0021174848 -0.22475836 0.096808985 300721236123110
0.18211767 -0.13536946 0.062314402 300721256264816
-0.038615156 -0.02810834 -0.014193407 300721276407146
0.00826823 0.07565177 -0.055889957 300721296548592
0.11962016 0.08961625 -0.0755711 300721316690195
-0.16914044 0.12107285 -0.08845802 300721336831847
-0.19540648 0.017321631 -0.031569656 300721356972772
0.12534678 -0.036583215 0.06626044 300721377114374
0.10803571 -0.13531733 0.02787925 300721397256028
-0.016709525 -0.08576194 0.03156148 300721417398045
-0.08619802 -0.08741799 0.026716392 300721437539126
-0.25896534 -0.04427266 -0.052127384 300721457681405
0.013336599 0.16062161 -0.0028162058 300721477822954
0.19666916 0.10919966 0.04319989 300721497964504
-0.03503089 -0.035235446 0.01072406 300721518105532
-0.06570453 -0.1182332 0.06214595 300721538247343
0.100814 -0.18196961 0.05595985 300721558388839
0.03924679 -0.17089821 0.021455284 300721578530441
0.07547569 0.15279932 -8.8863913E-4 300721598672355
0.025626898 0.3162019 -0.052725617 300721618813488
-0.21443287 -0.002115354 -0.08559936 300721638955090
-0.14556378 -0.24699077 -0.047706593 300721659096691
0.046525612 -0.063350275 0.009443229 300721679239231
-0.03499751 0.022879202 -0.022149798 300721699380675
0.060081758 0.029334847 0.04922565 300721719522381
0.29350522 -0.204855 0.10621064 300721739663149
0.030600384 -0.2225618 -0.014812615 300721759804752
-0.13186513 0.08760132 -0.052607745 300721779946353
-0.032959633 0.2782768 -0.038096845 300721800087850
-0.050487738 0.13521211 -0.037320845 300721820229609
0.08569584 -0.049386468 0.018603092 300721840371209
0.1252449 0.020791039 0.03650616 300721860512864
-0.1288141 0.0489554 0.018842291 300721880655037
-0.106069885 -0.083064094 0.06998926 300721900796535
0.10271221 -0.11338884 0.07920547 300721920938136
0.10706933 -0.027808651 0.036650285 300721941079842
0.089323334 0.08604238 -0.01908597 300721961220819
-0.080617145 0.117336646 -0.084019154 300721981362368
-0.34595287 0.012849703 -0.0471309 300722001503970
-0.017261 -0.053079978 0.003909527 300722021645884
0.3789103 -0.109146535 0.027518734 300722041787486
0.110061385 -0.10183712 -0.04275571 300722061929087
-0.14963 -0.0074546114 -0.06602523 300722082070740
-0.16389802 0.14874017 -0.057401203 300722102212446
-0.032199405 0.116833836 -0.02861777 300722122354100
-0.27481407 -0.030567259 -0.24647975 300722142495755
0.44664782 0.6806735 -0.021057911 300722162636886
0.59182227 1.0736986 -0.031785697 300722182778436
-0.58028346 -0.03478262 -0.2076708 300722202920037
-0.32812053 -1.1665035 0.19447589 300722223061535
0.38221705 -1.1784283 0.42399347 300722243203969
0.31183207 -0.4784275 0.400294 300722263345571
-0.10069973 -0.057513546 0.04607983 300722283487070
-0.042355582 0.45431733 -0.43930107 300722303628618
0.41484165 0.39720812 -0.036808565 300722323770168
0.1664232 0.28719202 -0.024816219 300722343911300
-0.3833288 0.05512999 -0.21903217 300722364052694
