-0.009170145 -0.21010238 0.97194076 301362484940380
-0.08012444 -0.31319743 0.8027269 301362505081826
0.017570525 -0.82205373 0.66395044 301362525223428
-0.045766618 -0.04013987 0.4623907 301362545365029
-0.12683491 0.10547238 0.4097733 301362565506474
-0.1923407 0.11526221 0.386297 301362585648231
-0.21355455 -0.019370219 0.33116502 301362605789625
-0.08442081 -0.16693348 0.26227543 301362625931590
0.104591876 -0.04188008 0.20254192 301362646072984
0.14197975 0.056638896 0.121455 301362666214587
0.03395936 0.07701436 0.07143539 301362686356239
-0.113533765 0.12636581 0.07053994 301362706498258
-0.10993972 0.12056448 0.07102945 301362726639546
0.080390364 -0.051117636 0.052429404 301362746781045
0.17617472 -0.24478042 0.062749 301362766922541
0.041230507 -0.060765468 -0.012069792 301362787063518
-0.12594058 0.36987987 -0.04667299 301362807205119
-0.09919795 0.32393923 0.0063372403 301362827347398
0.0215918 0.014009919 0.05876823 301362847488792
-0.057673946 -0.40924898 0.16732161 301362867630549
-0.11569382 -0.36307105 0.13082887 301362887772256
-0.099208 0.04052943 0.029026244 301362907913387
-0.036885936 0.20683752 -0.027179815 301362928054781
-0.02382812 0.11919424 -0.045689348 301362948196382
-0.04089332 -0.0053763 0.0017726538 301362968337932
-0.0066804914 -0.042146735 0.0018887185 301362988479638
-0.022564163 0.06776693 -0.064294115 301363008621187
-0.05159919 0.023547756 -0.08168781 301363028762737
-0.007369047 -0.056114174 -0.05047405 301363048904391
-0.041659985 -0.041499984 -0.01736234 301363069045993
-0.14694802 0.064607725 -0.053572543 301363089187646
-0.1991144 0.30565116 -0.111932814 301363109329352
-0.16027983 0.33117315 -0.1433774 301363129470953
0.09152645 0.1395851 -0.039411575 301363149612606
0.4421445 -0.19584864 0.102237225 301363169754000
0.44767562 -0.0936217 0.13975441 301363189895705
0.43810955 0.10605228 0.13060254 301363210037203
0.37832427 -0.10221127 0.19602022 301363230178857
0.17317003 -0.3940621 0.21543968 301363250320407
0.24015087 -0.4635471 0.17629863 301363270462111
0.29190144 -0.26777628 0.06848632 301363290604234
0.11217664 0.006491877 -0.0366168 301363310745263
-0.21019006 0.09524289 -0.096443936 301363330886812
-0.3626117 -0.12169901 -0.1327635 301363351028363
-0.044942133 -0.065035515 -0.11291722 301363371170536
-0.05081007 0.28635746 -0.14968511 301363391312190
-0.39498544 0.43366542 -0.09456672 301363411453843
-0.57906926 0.08440629 -0.07186277 301363431595289
-0.33915657 -0.3080969 -0.02187111 301363451737358
-0.0147506 -0.17322086 -0.015151754 301363471878440
0.036455803 0.11130197 -0.024472062 301363492020198
-0.052008793 0.17191248 -0.022483654 301363512161643
-0.07866397 -0.046408366 -0.00787729 301363532303245
-0.09567164 -0.04944776 -2.7291337E-4 301363552445366
-0.0071271574 -0.03333067 0.009454898 301363572587282
-0.1605846 0.016979016 -0.023575906 301363592728309
0.05285199 0.09930213 -0.056942716 301363612870015
0.11458933 0.21825568 -0.09831981 301363633011618
-0.058142636 0.2002863 0.031223249 301363653153115
-0.09985795 -0.051088125 0.047235485 301363673294768
0.5039805 -0.14084928 0.1417347 301363693436422
0.33959037 -0.13125306 0.037847817 301363713578024
-0.2533522 0.17286173 0.04969781 301363733719781
-0.33540148 0.078082174 0.106442004 301363753861122
0.28891924 -0.35936376 0.16188347 301363774002776
0.46781498 -0.235227 0.084322445 301363794144430
0.16182376 -0.05530814 0.03994518 301363814285927
-0.27267647 0.2751194 0.026367947 301363834427633
-0.14112559 0.17340797 -0.07300489 301363854568974
0.4520313 -0.10241154 -0.044735007 301363874710627
0.50751835 -0.17130834 -0.029903382 301363894852386
-0.029775217 -0.046611607 -0.018302508 301363914993934
-0.36243868 0.05293499 -0.07240913 301363935135641
0.008342549 0.14299071 -0.06411952 301363955277191
0.39909968 0.16254278 -0.11141549 301363975418687
0.16886508 0.0576424 -0.07744703 301363995560394
-0.3008687 0.082992196 -0.09109083 301364015701994
-0.44040728 0.1780412 -0.09348159 301364035843493
-0.28774592 0.21133688 -0.06833433 301364055985302
-0.00673729 -0.03235277 0.0063879676 301364076126695
-0.014138892 -0.29553193 0.07238489 301364096268505
-0.3416181 -0.3065384 0.08612163 301364116409846
-0.56511706 -0.22204949 0.02691358 301364136551917
-0.43919504 -0.066663966 -0.05255113 301364156693309
-0.17480291 0.21741167 -0.106628664 301364176834703
-0.01636596 0.26945606 -0.14643097 301364196976565
0.14372213 0.30620325 -0.20473693 301364217117855
0.3419797 0.45030564 -0.18403453 301364237259663
0.5041466 0.42279428 -0.08312472 301364257401213
0.5756513 0.04794635 0.057743553 301364277542816
0.5994632 -0.33028257 0.23254213 301364297684416
0.5684916 -0.49705964 0.32157493 301364317826018
0.42755562 -0.42370093 0.25417963 301364337967619
0.25685456 -0.2700174 0.1374118 301364358109430
0.07641754 -0.13253418 0.13409367 301364378250718
-0.10509449 -0.21750873 0.1688354 301364398392320
-0.21298721 -0.30900776 0.103444755 301364418534234
-0.1012366 -0.22089882 0.062359475 301364438675627
-0.077949695 -0.036802065 -0.08322692 301364458817230
-0.12458742 0.15291277 -0.1408199 301364478958778
-0.18785134 0.15943207 -0.1383481 301364499100329
-0.06903764 -0.097010165 -0.035754826 301364519242085
-0.021236837 -0.285563 0.02483851 301364539383635
-0.10933976 -0.19910946 0.03408316 301364559525236
-0.2968104 -0.04648573 -0.025062416 301364579666630
-0.21795882 0.017639853 -0.012281159 301364599808284
-0.0888151 0.025596395 -0.028412975 301364619950354
-0.2079001 0.10705094 0.005441021 301364640091435
-0.34595704 0.15322879 0.0160361 301364660233192
-0.10515503 0.024240352 0.12605335 301364680375211
-0.12201531 -0.16446409 0.100374915 301364700516343
-0.30151153 -0.1868863 0.06469284 301364720657894
-0.14428328 -0.0037941001 0.018669717 301364740799703
0.09411081 0.18802686 -0.05752497 301364760941149
0.017139167 0.33429432 -0.13096815 301364781082698
-0.07118953 0.23445167 -0.13488945 301364801224507
0.4319734 -0.013841614 -0.067443326 301364821365849
0.45986587 -0.074993804 -0.040565163 301364841507554
-7.5150654E-4 0.037315655 0.045166448 301364861649313
-0.34491694 -0.119930446 0.10494552 301364881790706
-0.19079767 -0.2696576 0.10171564 301364901932411
0.096856065 0.06495428 -0.026668793 301364922073909
0.11616164 0.24408087 -0.09810953 301364942215511
-0.12527686 0.124464706 -0.009222414 301364962357425
-0.3846196 0.07814251 -0.025421176 301364982498869
-0.1718659 0.23951294 -0.071784675 301365002640732
0.09753153 0.3236646 -0.17937402 301365022782072
0.06936633 0.15493569 -0.15349603 301365042923622
-0.06787892 -0.11945635 -0.06625185 301365063065223
-0.070886135 0.010528579 -0.024545021 301365083206773
0.22645798 0.13846873 0.035435047 301365103348532
0.4204587 -0.02933976 0.06052456 301365123490133
0.22706965 0.030614264 0.08726356 301365143631578
-0.031733293 0.14683704 0.13105132 301365163773492
-0.077920124 0.00952219 0.13770568 301365183915250
0.29337317 -0.29958668 0.16688354 301365204056642
0.6267246 -0.41842955 0.14140753 301365224198036
0.27020425 -0.0896674 0.0033796467 301365244354690
-0.17819789 0.34843636 -0.08748424 301365264481500
-0.31047377 0.34960818 -0.081241205 301365284622790
-0.030591764 0.28264844 0.10606082 301365304764495
0.112436004 0.4594722 0.35531065 301365324905993
-0.19048874 0.41114208 0.6661135 301365345047437
-0.55336326 -0.025330551 0.90911645 301365365188727
-0.04525304 -0.4905535 0.94435817 301365385330223
0.59358215 -0.8362843 0.96872026 301365405472451
0.47597027 -1.2898521 0.9246553 301365425613376
0.14887208 -1.1409318 0.665588 301365445754977
-0.1216566 -0.08828145 0.26256785 301365465896579
-0.108982 0.70039964 -0.110325664 301365486038127
-0.34823442 0.659163 -0.24258238 301365506179885
-0.2891643 -6.1519444E-4 -0.32424015 301365526321487
0.009536051 -0.17896596 -0.4333729 301365546464078
0.24126962 0.24649873 -0.55161065 301365566605784
0.3258695 0.6982913 -0.52230966 301365586747282
0.21490818 0.80389774 -0.3836665 301365607115497
0.1991691 0.22648934 -0.115246 301365627030588
0.24627466 -0.28522697 0.083853945 301365647172034
0.26402244 -0.24368459 0.17002323 301365667313791
0.03657964 -0.15529194 0.26688787 301365687455393
-0.0077749193 -0.5328553 0.3705247 301365707596005
0.048127443 -0.69372296 0.304048 301365727737555
-0.2696509 -0.103794985 0.11543441 301365747879000
-0.48683584 0.34537047 0.033043742 301365768020810
-0.31802765 -0.05307231 -0.0024796985 301365788162620
-0.25688064 -0.28589678 0.0010075812 301365808303856
-0.25823185 0.15440789 -0.08131608 301365828437634
-0.14787622 0.5150488 -0.15755479 301365848579444
-0.22142664 0.45311683 -0.13818593 301365868720942
-0.0022905953 -0.09688456 -0.027971897 301365888862647
0.36896414 -0.35609448 -0.008277088 301365909004977
0.660333 -0.12462884 0.031117707 301365929146528
0.3403809 0.014045432 0.07097729 301365949288494
0.032895558 -0.14295283 0.08579021 301365969429992
-0.14311153 -0.24623072 0.08387472 301365989571748
-0.09643866 0.013035864 0.04930099 301366009713455
0.006450223 0.0962906 0.060991336 301366029854691
0.09011899 -0.17608018 0.034254912 301366049995564
0.07982407 -0.3372363 0.013852619 301366070136905
-0.29238805 -0.031060845 -0.10312622 301366090278507
-0.56050056 0.3277111 -0.13081561 301366110421306
-0.31014544 0.24271618 -0.14699355 301366130563219
0.2901595 -0.12825495 -0.056297243 301366150703259
0.28824878 -0.088081904 -0.15013391 301366170844808
-0.017791398 -0.032538116 -0.1962094 301366190987452
-0.23162472 0.14501575 -0.22659224 301366211129158
0.07809193 0.124369755 -0.2633024 301366231270655
0.3193466 0.016191937 -0.30541885 301366251412205
0.19410023 -0.09189463 -0.24794072 301366271552973
-0.12695646 -0.23313507 -0.39024833 301366291694575
-0.1253081 0.28061104 -0.6096315 301366311836228
0.08996546 0.7478634 -0.3633014 301366331978142
0.23594423 -0.21791622 -0.28613576 301366352119587
0.51056385 -0.9742881 -0.24970305 301366372261084
0.16061442 -0.22659637 -0.4972151 301366392402531
-0.44638777 0.8514413 -0.83053154 301366412543975
-0.6861621 1.657341 -0.43329114 301366432686463
-0.6324194 0.71838444 -0.1813454 301366452827855
