-0.18281773 -0.3587817 -0.06361219 300600064214954
-0.11933948 0.23160045 -0.039029755 300600084356660
-0.06856778 0.70389783 -0.019373916 300600104498157
-0.06586998 0.05058739 0.06680124 300600124639707
0.041321993 -0.55326927 0.08476986 300600144781361
0.059336364 -0.5582906 -0.004792534 300600164922962
-0.097795546 -0.023269255 -0.12905183 300600185064616
-0.113400675 0.39645797 -0.17647204 300600205206218
-0.06886092 0.5354106 -0.17310683 300600225347819
-0.0023652166 0.3539637 -0.13062617 300600245489368
0.06841935 0.047550343 0.014172393 300600265630918
-0.027189761 -0.20101473 0.102549404 300600285771947
-0.13313584 -0.40691775 0.12414877 300600305913600
0.1415419 -0.5360017 0.18584687 300600326055202
0.23286769 -0.5650887 0.17039882 300600346196751
-0.07577201 -0.1637267 0.075020716 300600366338509
-0.24224874 0.30570015 -0.021357007 300600386480110
-0.18000641 0.51133966 -0.08242591 300600406621557
-0.09035202 0.4042796 -0.08497487 300600426763417
-0.021525003 0.23321454 -0.07106945 300600446904864
-0.0776609 -0.23657338 -6.360188E-4 300600467046465
0.06741466 -0.34855556 0.022538964 300600487188067
0.0635684 -0.2589333 0.023754034 300600507329773
0.054774623 -0.056686122 0.0038629975 300600527471634
0.04545621 0.17306107 -0.05943574 300600547613340
0.14220229 0.14922196 -0.09705028 300600567754628
0.1929456 0.006125413 -0.11217038 300600587896439
0.053894743 0.078456275 -0.118953995 300600608038041
-0.18168308 0.31366435 -0.046187732 300600628179486
-0.14554742 0.17848353 0.044558197 300600648320827
0.02940625 -0.2365131 0.15022407 300600668462376
0.121675104 -0.59359014 0.21101078 300600688604186
0.05834502 -0.48812133 0.15434122 300600708746308
-0.14019465 0.004839916 0.07723716 300600728887338
-0.082853764 0.2670339 0.005545456 300600749028991
0.066535614 0.27238223 0.014162524 300600769170489
0.0752593 0.023495352 -0.024498148 300600789312247
9.2477724E-4 -0.0882152 -0.08619844 300600809453587
-0.10598967 0.09296095 -0.10366157 300600829595085
-0.051688045 0.2620664 -0.08428794 300600849736790
0.18551517 0.11388753 -0.010621219 300600869878392
0.11359255 -0.14500621 0.0072798096 300600890019994
-0.10210739 -0.17340052 0.003200871 300600910161595
-0.12626801 -0.009362094 0.027232992 300600930303458
-0.025117338 0.12101373 -0.028675817 300600950444798
0.222736 0.037686944 0.0026293658 300600970586452
0.2587794 -0.18035744 0.017278392 300600990728366
-0.05744328 0.025936108 -0.08831056 300601010869603
-0.22056405 0.20217983 -0.062065654 300601031011204
-0.1607081 0.24361506 0.041761696 300601051152911
-0.19913776 0.07645573 -0.10096601 300601071294355
-0.16449362 0.79655945 0.15193059 300601091436010
-0.21402723 -0.055605717 -0.0061798263 300601111577559
0.32518226 -1.4749954 0.081330195 300601131719212
0.8698497 -1.0357188 0.14642115 300601151860814
0.13913284 0.19559205 -0.13589928 300601172002832
-0.509573 0.7931144 -0.45988965 300601192144069
-0.5144705 0.7002047 0.08778007 300601212285775
