-0.25246936 -0.31199434 -0.04613516 300604636358405
0.0032126904 -0.19884461 0.008391349 300604656500007
0.21163148 -0.03646311 0.047832385 300604676641608
0.08026053 0.11616604 -0.0023641372 300604696783210
-0.116429046 0.05982929 -0.033268988 300604716924759
-0.19189553 -0.09277268 -0.05154399 300604737066309
-0.19250008 -0.048429586 -0.07404416 300604757207858
-0.108338095 0.037353627 -0.039629478 300604777349616
-0.05401519 0.11403194 -0.015891105 300604797490697
-0.068991445 0.15998611 0.007346738 300604817632246
0.002530788 -0.008643104 0.05185808 300604837773952
-0.13780372 -0.11002642 0.07884282 300604857915605
-0.14623423 -0.16035493 0.07011674 300604878057104
0.2081045 -0.27886143 0.05142598 300604898198652
0.29805332 -0.04398237 0.05319149 300604918340254
-0.030217364 0.26915428 -0.010208417 300604938481855
-0.23956273 0.41952255 -0.0063028038 300604958658390
-0.051309444 0.024957784 0.05757182 300604978799940
0.18832497 -0.29132468 0.05497313 300604998941801
0.3532956 -0.45023465 0.031581663 300605019083247
0.28019473 -0.1256539 -0.0598566 300605039224848
-0.037782595 0.33890897 -0.13870777 300605059366346
-0.22543041 0.38871258 -0.13650471 300605079507947
-0.05374366 0.08066265 -0.020715512 300605099649601
0.123575926 -0.1558841 -0.006140299 300605119791151
0.12007161 -0.29504293 -0.016598225 300605139932805
-0.13404685 -0.013249744 -0.047155682 300605160074354
-0.3038518 0.20574364 -0.06830478 300605180215955
-0.23866822 0.109362714 -0.048493683 300605200357609
0.14174268 0.06538719 -0.02183263 300605220499314
0.16429347 0.08730692 -0.07372213 300605240641646
-0.086213104 0.141337 -0.024867268 300605260783142
-0.2536716 0.25034642 0.07595541 300605280924744
-0.12077037 -0.055544376 0.18013325 300605301066347
0.26395437 -0.39606613 0.16146243 300605321207948
0.49363548 -0.6670047 0.15026532 300605341349602
0.038785733 -0.18843013 -0.018348057 300605361491202
-0.33245397 0.22059004 -0.046603024 300605381632909
-0.30045366 0.46501464 -0.0014761016 300605401774353
-0.1271219 0.34629762 0.044481046 300605421915955
0.017031461 -0.044057034 0.06207659 300605442057506
0.09566218 -0.43770382 0.09094277 300605462199262
0.1123312 -0.2734413 -0.00787947 300605482340812
0.10086163 -0.010259625 -0.03894948 300605502482622
0.17292836 0.10023233 -0.07127844 300605522623912
-0.071783416 0.26424924 -0.087451525 300605542765669
-0.37355125 0.25112513 -0.09501888 300605562907115
-0.29355666 0.045436762 -0.06677976 300605583048663
0.04902085 -0.20226477 -0.025570013 300605603189901
0.22463287 -0.36832514 0.032897647 300605623331346
0.16038011 -0.17781585 -0.0088614 300605643473104
-0.056680273 0.14767022 -0.047358423 300605663614550
-0.08804037 0.26751754 -0.0054852664 300605683756307
-0.06688589 0.18943259 0.04868065 300605703898325
0.11051128 -0.20300432 0.03446679 300605724039874
0.27298135 -0.30132875 0.04193734 300605744181164
0.29381138 -0.09543218 0.01044485 300605764323339
-0.019645184 0.28497523 -0.03273256 300605784464939
-0.29165766 0.31933615 -0.011612222 300605804606698
-0.2555983 -0.044073567 0.054752894 300605824747986
0.05126202 -0.3709016 0.08636659 300605844890214
0.15174034 -0.36808154 0.01990794 300605865031293
0.022784065 -0.0042869183 -0.03804616 300605885172792
-0.2228175 0.15459299 -0.053343177 300605905314393
-0.14704515 0.04478249 -0.15700679 300605925455265
-0.106497824 0.9316507 -0.17709085 300605945596919
-0.38447717 1.1772513 -0.04241836 300605965739406
-0.0050477684 -0.59955186 -0.079044975 300605985880851
0.8973259 -1.504638 0.21982032 300606006022504
0.9476439 -1.0385574 0.2944053 300606026164106
0.23781633 -0.09995428 -0.12770283 300606046305656
-0.31307912 0.81264734 -0.01811418 300606066447466
-0.40006983 0.7153263 0.10316835 300606086588807
