-0.19419643 -0.8091029 0.27662998 300708023203352
0.09125301 -0.72399926 0.20095432 300708043345007
0.2886333 -0.0945317 0.04987347 300708063486555
0.13333294 0.30483332 -0.06680575 300708083628157
-0.08155058 0.25737214 -0.08116805 300708103769759
-0.052367434 0.105883494 0.016865354 300708123911308
0.020324199 -0.08035997 0.046911396 300708144053067
0.07313722 -0.103124164 0.0693923 300708164194668
0.08788623 -0.03340345 0.0119117 300708184335436
0.06198492 0.053703096 -0.09854935 300708204477037
0.03163016 0.042785175 0.01378169 300708224618691
-0.037186913 -0.04306183 0.056870453 300708244760242
-0.045206763 -0.100310296 0.07856853 300708264902727
0.03449675 -0.16869055 0.046068557 300708285044329
0.045845088 -0.12925033 0.036008872 300708305185774
-0.12956761 0.17397465 -0.1484412 300708325327220
-0.051971905 0.2898257 -0.07567817 300708345468353
0.12996715 0.1411561 -0.06660937 300708365609955
0.0677871 0.021642942 -0.05844965 300708385751555
-0.03900852 -0.06359996 -0.036735598 300708405893053
-0.13651678 -0.14068733 0.052425265 300708426034707
0.12711118 -0.19924864 0.108257465 300708446176308
0.2790571 -0.31045702 0.108988754 300708466317910
0.30996364 -0.2735281 0.060542703 300708486459459
-0.013894945 -0.02072736 0.03781873 300708506601165
-0.3541572 0.19792275 -0.041578047 300708526742818
-0.20787862 0.23898193 0.0013636649 300708546884265
-0.13150373 0.12794368 0.025488075 300708567025866
-0.036816802 -0.08861258 0.012664566 300708587167519
0.17821848 -0.01609661 -0.02545093 300708607309121
-0.094916314 0.11515838 -0.15134966 300708627451191
-0.34781736 0.24017018 -0.13492021 300708647592324
-0.1315922 0.20063972 -0.051015493 300708667733821
0.14091516 -0.08217268 0.022826701 300708687875527
0.1886833 -0.1947803 0.046279453 300708708017076
0.029946595 0.016463658 -0.0024734405 300708728158626
0.055454113 0.022798307 0.005039718 300708748300332
-0.05422654 0.027992737 0.055988587 300708768442558
-0.12005977 0.057930607 0.05600395 300708788583952
0.017713308 0.046330698 -0.0011429406 300708808725813
0.30811256 0.04974062 0.013783529 300708828867415
0.12275824 0.18661462 0.01827927 300708849008339
-0.29800984 -0.0530973 0.0141699165 300708869149889
-0.34776676 -0.20744061 -0.05328627 300708889291439
0.1629616 0.16177662 -0.0060844105 300708909432988
0.32393917 0.07687964 -0.034042887 300708929575215
0.17028925 -0.32385164 0.02847812 300708949717077
-0.34285074 -0.13229555 -0.09228963 300708969858626
-0.8707832 0.6250886 -0.5457521 300708989999447
0.16719669 0.6600385 0.239117 300709010141100
0.14640802 -0.3511328 0.09242351 300709030282650
0.60883987 -0.72544 0.31387448 300709050424355
0.48601863 -0.5091068 0.26967967 300709070565957
0.06828831 -0.40976816 -0.008183099 300709090707454
-0.47626653 0.030897036 -0.47796214 300709110849056
-0.14617327 0.7668525 0.21980053 300709130991334
