0.3473416 -0.59679997 0.11943348 300588724499293
0.4440234 -0.57072747 0.046792768 300588744640999
0.19948587 -0.07601849 -0.031376034 300588764782444
-0.068682194 0.33735132 -0.09624041 300588784924045
-0.43114102 0.6816859 -0.15003164 300588805065699
-0.40566075 0.47161317 -0.13327192 300588825207300
-0.09174871 -0.012523312 -0.1154222 300588845348902
0.06768586 -0.24436784 -0.07530227 300588865490452
0.058134563 -0.060010813 -0.027288057 300588885632105
0.031571623 0.13001226 0.005800563 300588905773707
-0.08879372 -0.054226387 0.0812838 300588925916037
-0.13759857 -0.28943416 0.07476199 300588946057587
0.015993595 -0.19736996 0.07806277 300588966198563
0.3551794 -0.069175005 0.14874232 300588986340166
0.36429304 -0.021181896 0.09485137 300589006481715
-0.04667865 -0.049063265 0.008234933 300589026623681
-0.18460415 -0.15400808 -5.006734E-4 300589046765023
0.0013978984 -0.027393434 -0.007602376 300589066907352
0.1269575 0.095585264 -0.04717488 300589087049006
0.12903342 0.052266993 -0.11032078 300589107190503
-0.14454424 0.13230078 -0.12346506 300589127331949
-0.38927397 0.37755156 -0.15398894 300589147473863
-0.18462217 0.2007436 -0.025377758 300589167615412
0.08054059 -0.052874953 0.095119745 300589187756181
0.28220767 -0.2724433 0.10671331 300589207897730
0.23063886 -0.31440204 0.026951749 300589228039332
0.039287552 -0.06773911 0.025744202 300589248180933
-0.10188346 0.1938689 0.04380401 300589268322587
0.04112159 0.14182693 0.05290472 300589288464084
0.18647161 -0.11930422 0.023005655 300589308606675
0.06577355 -0.19258794 -0.008446164 300589328747340
-0.037570726 0.03481987 9.8453835E-5 300589348888889
-0.09867716 0.23906502 0.032000862 300589369030699
-0.15851513 0.2637314 0.020267896 300589389172197
-0.08916076 0.035965666 0.020555314 300589409314475
-0.00509765 -0.24772103 0.027611291 300589429456024
-0.022927582 -0.21276236 -0.039060462 300589449597678
0.01983226 0.037317455 -0.069912404 300589469739279
0.09926547 0.20460488 -0.07517627 300589489880256
-0.009822495 0.22641143 -0.06759916 300589510021858
-0.21287733 0.07688666 -0.066906616 300589530163460
-0.21623266 -0.028563559 -0.0285071 300589550304957
-0.13063827 -0.014569376 0.006261194 300589570446662
0.13530456 -0.039592884 0.01321011 300589590588212
0.31180698 -0.055846497 0.094260976 300589610729709
0.08639264 0.043361597 0.06687488 300589630871415
-0.21304715 0.026089929 -0.021009218 300589651013018
-0.10031549 0.051911972 -0.0017833915 300589671154566
0.026227888 0.1133887 0.024402265 300589691296168
0.14741763 0.015027512 0.025380127 300589711438603
0.11259329 -0.27957556 0.032194447 300589731580100
-0.30816972 0.37845713 -0.23311912 300589751721649
-0.111556634 0.6057591 0.023981087 300589771862731
-0.11816312 -0.33304614 0.051950652 300589792004332
0.019480377 -0.82544386 0.113725096 300589812145777
-0.16617289 -0.31474614 -0.06562011 300589832287536
0.066823415 0.37995774 0.081389524 300589852429032
0.11970371 0.5731863 -0.10739866 300589872571103
