-0.18701875 0.18685246 7.520324 300705223520839
-0.18487942 0.11472249 6.030118 300705243662337
-0.3296374 0.040951908 4.881274 300705263804199
-0.32883435 -0.21369296 4.0298877 300705283945540
-0.1369065 -0.33469898 3.2361834 300705304087142
0.08838487 -0.18180788 2.6372628 300705324229420
0.12824228 0.06428963 2.0913675 300705344370294
0.0876424 0.22454557 1.602271 300705364511894
-0.16095787 0.20429529 1.2387276 300705384653444
-0.23806201 0.08621207 0.9406887 300705404794629
0.069944695 0.026690274 0.72658956 300705424936960
0.119393975 0.20558086 0.48808828 300705445078509
0.2774736 0.25712317 0.5058412 300705465219798
0.52136946 0.0143301785 0.6140126 300705485361555
0.5912306 -0.1595237 0.68383956 300705505502897
0.03378635 0.13962758 0.72223413 300705525644447
-0.6086254 0.60894847 0.7063262 300705545786257
-0.09458645 0.19620869 0.8303232 300705565927649
0.7603221 -0.81647855 0.8925801 300705586069668
0.9080272 -1.3993587 1.043904 300705606210905
0.24576223 -0.9748393 0.8844992 300705626352558
0.04094681 -0.52710724 0.6809198 300705646494108
0.4387278 -0.38157633 0.34520152 300705666636179
0.29956913 -0.28371355 0.04895191 300705686777676
-0.038698465 0.30492884 -0.324889 300705706919330
-0.25930107 0.70216405 -0.45383537 300705727060878
-0.4396066 0.58587825 -0.48353603 300705747202480
0.102828175 0.30794477 -0.36749136 300705767344029
0.4325266 0.39952374 -0.45028317 300705787485944
0.2769908 0.47049543 -0.50013953 300705807627440
-0.26732558 0.6120477 -0.42968148 300705827768938
-0.10684505 0.4341948 -0.19935793 300705847910488
0.28100422 0.08110199 0.15077844 300705868052193
0.1413333 -0.12872554 0.20936908 300705888193692
0.029043578 -0.13327721 0.13487034 300705908335136
0.10358724 -0.17895386 0.11503442 300705928476946
0.28970066 -0.15820715 0.28363907 300705948618391
0.13546234 -0.19197357 0.32156682 300705968759993
-0.43345767 -0.20786396 0.11517078 300705988901595
-0.5550037 -0.26548052 0.13415459 300706009043456
0.09203422 -0.5076483 0.26862592 300706029185006
0.12360707 -0.031975497 0.07174444 300706049326400
-0.45864704 0.24172723 -0.02026324 300706069468053
-0.5662428 0.105124965 0.009279817 300706089609603
-0.19929083 -0.1620621 0.07700848 300706109751725
-0.047123283 -0.16912651 0.09581803 300706129892909
0.12481654 -0.007206928 0.0077267177 300706150034303
0.30909735 0.04505372 -0.0683529 300706170176061
0.15349531 -0.14800215 -0.053717375 300706190317558
-0.12646928 -0.19534354 -0.08319227 300706210459681
-0.323288 0.2958697 -0.27140936 300706230600865
-0.28087652 0.5754275 -0.27222034 300706250742467
-0.054696947 0.42827916 -0.1440044 300706270884694
0.03327375 0.089058615 0.0035640448 300706291027597
-0.05708322 -0.015234148 0.06110636 300706311167168
-0.017222308 -0.100581326 0.07333275 300706331309030
0.26317185 -0.6242306 0.14399096 300706351450631
0.29839638 -0.8535315 0.12330395 300706371592076
0.24018638 -0.34535414 0.014885783 300706391763209
0.09944403 0.22467476 -0.15457186 300706411875280
-0.39885923 0.33801812 -0.3317761 300706432016725
-0.46999976 0.23054022 -0.44184232 300706452158639
-0.1966976 0.18305579 -0.5100708 300706472300137
-0.04842493 0.1035287 -0.5314867 300706492442728
0.13260965 0.2284268 -0.6284348 300706512583183
0.16052622 0.41680437 -0.63305575 300706532724889
-0.19606322 0.51499784 -0.62091607 300706552866595
-0.35638326 0.49228 -0.55547047 300706573008092
-0.20244634 0.23814875 -0.37626493 300706593149485
0.1140504 -0.111037746 -0.26210126 300706613291087
0.28484207 -0.2702053 -0.16398682 300706633433002
0.18987995 -0.6300054 0.12699166 300706653574394
-0.92250323 0.51869047 -0.6023736 300706673715319
0.21442685 1.3002766 0.38918364 300706693857024
-0.04523669 0.36583015 -0.011256523 300706713998939
-0.11694646 -1.5263107 0.37218088 300706734140228
0.48372528 -1.7320653 0.5952835 300706754281673
-0.14276344 -0.21420984 -0.08879238 300706774423274
-0.22678655 1.0742741 -0.06797212 300706794564877
