-0.63300824 0.31040674 -0.28013504 300638051294392
-0.3348753 -0.071745604 -0.13360925 300638071435994
0.18593785 -0.27209505 -0.07291821 300638091577438
0.28590706 -0.23499769 -0.05874692 300638111719248
0.005920887 0.07085601 -0.07673831 300638131860745
-0.33289373 0.43904737 -0.061427243 300638152002452
-0.37017128 0.28899705 0.013940945 300638172144054
0.11683051 -0.18011376 0.09233395 300638192285550
0.38163322 -0.2292358 0.09633527 300638212427361
0.24085435 -0.30844444 0.09019503 300638232569066
-0.23929736 -0.32892767 0.17740676 300638252710460
-0.4750932 -0.14802167 0.22842257 300638272852113
-0.05135571 0.18888421 0.09660298 300638292993506
0.3080787 0.20999447 0.01587639 300638313135056
0.14473501 -0.167351 0.052594356 300638333276084
-0.19916642 -0.18820187 0.037397597 300638353417686
-0.24797836 0.061360613 -0.013320975 300638373560069
0.07310903 0.12415842 -0.013561415 300638393701566
0.11669438 0.067631036 -0.024940724 300638413843167
0.03366511 0.013317327 -0.045989186 300638433984092
-0.39530903 0.29341644 -0.17885068 300638454125589
-0.16053867 0.19592853 0.066425845 300638474267556
0.104702696 -0.20114139 0.06277735 300638494408740
0.3038979 -0.42816338 0.06578565 300638514550551
0.37666923 -0.37190548 0.03602439 300638534692152
0.030458 -0.029115178 -0.0712798 300638554834014
-0.2584911 0.3731552 -0.16481127 300638574975512
-0.008747965 0.35030288 -0.11680299 300638595116852
0.2513364 0.039940625 -0.010758117 300638615258559
0.2398913 -0.26930666 0.07913753 300638635400056
-0.08385855 -0.11149056 0.036870904 300638655542439
-0.114832096 0.12806207 -0.025136698 300638675683832
0.0035022572 0.1881114 -0.012411978 300638695825694
-0.016795877 0.016845455 0.04499552 300638715967191
-0.12116426 -0.21574849 0.045023695 300638736108948
0.1445115 -0.20487311 0.11137153 300638756250291
0.3531711 -0.04689975 0.050143164 300638776392152
-0.035719916 0.31328273 -0.053773437 300638796533597
-0.5417415 0.29704985 -0.07431151 300638816675148
-0.22859612 0.04413262 -0.07940489 300638836816800
0.21252011 -0.09328483 0.021341972 300638856958350
0.4087929 -0.23216471 0.071298085 300638877099952
0.16205427 -0.06338738 0.02151511 300638897241606
0.083826214 0.045123115 -0.014747373 300638917382582
-0.2785174 0.15446113 -0.014242217 300638937524183
-0.20964524 0.015490033 0.011101164 300638957665577
0.11879566 -0.038401313 0.020915214 300638977807335
0.043048974 0.106905356 -0.09179972 300638997948884
-0.14885801 0.29292637 -0.1465408 300639018090433
-0.23355718 0.13244134 -0.020315774 300639038232400
0.34226584 -0.4043341 0.14109182 300639058374470
0.50452447 -0.5007214 0.21158586 300639078515759
0.22883567 -0.11979951 0.03219295 300639098656839
-0.21913242 0.35028908 -0.09980794 300639118799379
-0.41024113 0.35305429 -0.07816911 300639138940772
-0.2383901 0.057448044 0.0109738335 300639159082478
0.052718796 -0.105307505 0.065416746 300639179223975
0.3182285 -0.14948262 0.09694348 300639199365524
0.19031489 -0.069604665 -0.004725434 300639219507439
-0.07240848 -0.28818813 0.101359375 300639239648832
-0.33582035 -0.16346669 -0.07944773 300639259789757
-0.04697147 0.36213392 -0.22129309 300639279931306
-0.116158664 0.7845975 -0.34091154 300639300072907
0.14816052 0.51360244 -0.035723172 300639320214561
-0.3834676 -0.5982865 0.29996324 300639340356110
0.18616351 -0.7953718 0.20940162 300639360498181
0.8681721 -0.4278862 0.16447087 300639380639365
0.3796407 0.22617468 -0.117692426 300639400781019
-0.49110988 0.72380877 -0.5505446 300639420922621
-0.4247414 0.9804113 0.05617325 300639441064170
0.021270864 0.030786555 -0.122158855 300639461206033
