-0.08736245 -0.14859776 -0.08998914 300752495848525
0.20571996 -0.07647679 0.06241783 300752515989972
-0.030496396 0.201179 -0.042771883 300752536131624
-0.16127522 0.31582212 -0.10215026 300752556273122
-0.13766505 0.17064078 -0.095039755 300752576414880
0.13685648 -0.17251016 0.017760158 300752596556325
0.13710202 -0.16613545 -0.06469647 300752616697875
0.12091361 -0.031909123 -0.08408673 300752636839632
0.006485209 0.2165442 -0.155066 300752656981287
-0.08081246 0.23618488 -0.10078947 300752677122939
-0.11600379 0.1818036 -0.04242494 300752697264334
-0.009797782 -0.079907864 0.018465918 300752717405987
0.028063595 -0.25808802 0.061690364 300752737547641
-0.027819492 -0.17560664 0.08865456 300752757689190
-0.028704932 0.09336328 0.10402978 300752777830687
-0.083644666 0.16400424 0.080836065 300752797972498
-0.15141913 0.026572652 0.033619557 300752818113994
-0.06227936 -0.24577653 0.05581513 300752838255908
-0.04276398 -0.16349676 0.0480896 300752858396833
-0.09533974 0.11760746 0.040121675 300752878538123
-0.05764579 0.26344156 0.0030095652 300752898679672
0.04951973 0.047916695 -0.046739403 300752918821273
0.15455352 -0.17433256 -0.059396263 300752938963552
0.21073192 -0.20585015 -0.066729955 300752959104632
0.10082315 0.12182321 -0.1226578 300752979246235
-0.013974749 0.19051158 -0.12826407 300752999387731
0.07775937 0.10568403 -0.05732829 300753019529698
0.0070999134 -0.065987684 -0.0010051057 300753039671092
-0.13190733 -0.03759713 0.018200463 300753059812641
-0.01480796 -0.00209352 0.061863873 300753079954242
0.030880565 -0.059083574 0.09486011 300753100096469
-0.028529335 -0.10411443 0.08603966 300753120238018
-0.007890869 -0.07094259 0.026915709 300753140379515
-0.03189453 0.012041777 0.030800175 300753160521117
-0.18407862 0.16407081 0.021921009 300753180662874
-0.08625489 0.12923324 0.050984584 300753200804373
0.059347544 -0.105321035 0.047123708 300753220946079
0.011066727 -0.24076691 0.010626517 300753241087679
-0.012405593 -0.095632374 -0.037219185 300753261229386
0.002233483 0.17382658 -0.08604158 300753281370830
-0.03615635 0.19602133 -0.06719743 300753301512380
-0.013037644 0.010141794 -0.007930128 300753321654137
0.049853213 -0.17379478 0.056477956 300753341795583
0.045439065 -0.13669637 0.01964065 300753361937341
0.07272254 -0.008119766 -0.015252321 300753382079099
0.058600597 0.03484119 -0.02283419 300753402220389
-4.861001E-4 0.05676764 -0.012306907 300753422362249
0.03753038 0.0042778905 0.023875656 300753442503799
-0.039367273 0.0049298024 0.010333078 300753462645244
-0.12504773 0.07898976 -0.016860021 300753482786847
-0.00588903 0.06702331 0.0057574054 300753502928292
-0.044002242 -0.090059206 0.011101466 300753523070049
-0.13441412 -0.19306129 0.015707038 300753543211495
-0.081351124 -0.060058184 0.029536923 300753563353096
-0.01814596 0.061525974 0.019139584 300753583494958
-0.1797467 0.045220718 -0.01077514 300753603636456
-0.0827446 -0.031114355 -0.025159555 300753623778265
0.13514948 -0.079565 -0.024170754 300753643919659
0.14000514 0.033285923 -0.013474152 300753664061261
-0.0031507723 0.16735265 -0.01121139 300753684202914
-0.0024278536 0.18410295 -0.04317818 300753704344620
0.11531419 0.04509155 -0.0071153156 300753724486482
0.07885033 -0.25086543 0.001220502 300753744627562
0.09541549 -0.3193052 -0.022868283 300753764769164
0.051745236 0.043114915 -9.4685564E-4 300753784911026
-0.04929597 0.19918069 -0.0011222921 300753805052628
-0.12433075 0.12193935 -0.0022687726 300753825194176
-0.020926729 -0.087620094 0.075126976 300753845335831
0.09725272 -0.17904577 0.043523647 300753865477172
0.106068686 -0.17918085 0.034173705 300753885618929
-0.049940947 0.08377326 -0.09718526 300753905759750
0.045993358 0.35556442 -0.19245285 300753925901403
0.12796262 0.28082228 0.20007576 300753946043005
-0.07786526 -0.36660498 0.054789744 300753966185231
-0.01104635 -0.49756536 0.012214258 300753986326781
0.014793359 0.17625335 -0.024475826 300754006468695
-0.2173835 0.5385257 -0.10293823 300754026610193
-0.13492988 0.1908938 -0.08469937 300754046751638
0.25112078 -0.3501423 0.23256864 300754066893239
0.051966727 -0.58831525 0.051104225 300754087034737
