-0.19807619 0.45680556 -0.12949911 300647678976239
-0.28590035 0.33261743 -0.02761858 300647699118205
-0.04444682 -0.16106741 4.13917E-5 300647719259286
0.10539286 -0.10025303 -0.057229314 300647739401096
-0.016385663 0.12719762 -0.108992234 300647759542541
-0.1016164 0.121303394 -0.09241279 300647779684143
0.06400232 -0.060549416 -0.01384384 300647799825953
0.07481166 -0.17415698 0.0065617748 300647819967398
-0.020287156 -0.07275285 0.0058422387 300647840109209
-0.09409801 0.14284939 0.021709036 300647860250758
0.088206664 0.10373198 -0.019454643 300647880392359
0.15449736 0.02292078 0.0013929997 300647900534273
0.15143505 -0.08526845 -0.020530459 300647920675458
0.030148938 -0.0043259915 0.022319928 300647940817319
-0.3210335 -0.0066477433 0.047961332 300647960958818
-0.13160737 0.08294687 0.040157273 300647981100264
0.2217104 -0.0025273338 0.0061802715 300648001241916
0.1608479 -0.03065563 -0.02111479 300648021383674
7.813277E-4 -0.012573443 -1.8484471E-4 300648041525328
-0.11675642 -0.0023021363 0.010415895 300648061666825
-0.13052557 -0.02261993 -0.0033927867 300648081808479
-0.034409605 -0.074684136 -0.0017504096 300648101949924
0.07257644 -0.14041463 -0.003787838 300648122091629
0.045860007 -0.07812917 -0.054955386 300648142233388
-0.054446165 0.16265313 -0.077684514 300648162374782
0.02566204 0.10660629 -0.004842786 300648182516330
-0.020576116 -0.007842845 -0.029624548 300648202657932
0.027301498 0.015201843 0.012799043 300648222799689
-0.113687366 -4.3688342E-5 0.040117763 300648242941292
-0.12961322 0.034261256 0.102031164 300648263082840
-0.02461581 -0.076782316 0.05050293 300648283224338
0.046968423 -0.30579633 0.07473402 300648303365993
0.045583054 -0.20053093 -0.008935645 300648323507698
-0.05759067 0.17684174 0.004885912 300648343649248
-0.029058486 0.17489904 -0.026657242 300648363790848
0.08405138 0.0025956207 0.03677897 300648383932659
-0.028088132 -0.057694584 0.05990698 300648404074052
-0.041876584 -0.108985566 0.042298384 300648424215653
0.04039035 -0.105530106 -0.033824086 300648444357255
-0.0829607 0.040459365 0.01812649 300648464498805
-0.15343378 0.02922931 0.036443844 300648484640458
0.013603387 -0.018827684 -0.004729488 300648504782059
0.06989043 0.08105689 -0.108394995 300648524923557
0.28037268 0.097008675 -0.16160932 300648545065210
0.20469534 0.16408412 -0.098698914 300648565206760
-0.0934451 0.09949416 -0.024688164 300648585348309
-0.11488825 -0.25684014 0.011130378 300648605490015
0.010655727 -0.19136956 -0.0038596839 300648625631774
0.007838868 0.13105139 0.031677842 300648645772541
0.022328483 0.050226822 0.05844134 300648665914039
0.012597928 -0.03790276 0.025293482 300648686055744
0.073453754 0.15511467 -0.0454036 300648706197398
0.099621736 0.3941204 -0.094715275 300648726338895
-0.09778042 0.30533963 -0.10691013 300648746480445
-0.13159707 0.0040900744 -0.09549667 300648766622046
0.16515356 -0.4138812 0.22160731 300648786763700
-0.08279863 0.06808622 0.017993761 300648806905667
-0.15272264 -0.12506472 0.08655055 300648827046799
-0.107610576 -0.29643437 0.13589928 300648847189182
0.036207512 -0.39103135 0.009419918 300648867429117
0.3474849 -0.5050211 -0.110752635 300648887471604
0.2175025 -0.19414681 -0.14407472 300648907613361
