-0.26861206 0.45759326 -0.057017412 300648947897086
-0.19747855 -0.13448411 0.051094607 300648968038791
-0.14058614 -0.6081456 0.13757528 300648988180237
-0.25598222 -0.29347372 0.09215658 300649008321890
-0.12375479 0.26669678 8.488372E-4 300649028463492
0.17995316 0.5842673 -0.088945806 300649048605146
0.23177046 0.4825394 -0.07751241 300649068746695
0.057523936 0.19788721 -0.03588783 300649088888348
-0.046401545 0.099487156 -0.018746382 300649109029273
-0.09176717 0.056679744 -0.011053994 300649129170927
0.07751192 -0.02457042 -0.01597953 300649149312580
0.09245904 -0.24008334 0.037104893 300649169454287
-0.1374942 -0.26034054 0.07277927 300649189596148
-0.1189021 -0.12356839 0.065998 300649209737542
0.046787936 0.15771368 -0.009907499 300649229879090
0.14562145 0.24280117 -0.050110295 300649250021005
0.057268083 0.12657775 -0.0025893413 300649270162399
-0.109169595 -0.09751944 0.041515306 300649290304521
-0.11476177 -0.22791344 0.03781393 300649310445914
-0.039106667 -0.06502382 -0.024419127 300649330587776
0.09981306 0.32556227 -0.07026525 300649350729169
0.10466725 0.32733268 -0.03928573 300649370870875
0.01736806 0.050914884 -0.009137649 300649391012372
0.0218812 -0.44525144 0.121008426 300649411153505
-0.22370401 -0.35638165 0.016595736 300649431295002
-0.07008749 -0.12979902 -0.011799075 300649451436552
0.13255054 0.25361353 -0.05639848 300649471578153
0.05356714 0.4266633 -0.08387108 300649491719807
0.10848319 0.09362218 -0.07539192 300649511861305
0.095843725 -0.2912871 0.032375973 300649532003062
0.005372178 -0.15257834 0.0016334131 300649552144507
-0.013632033 0.17137976 0.044722226 300649572286890
-0.0661031 0.15669453 0.014985185 300649592428336
-0.12361213 -0.08867364 0.036397457 300649612570041
0.033939894 -0.21834496 0.012790866 300649632711591
0.18428329 -0.15655065 -0.013960153 300649652853244
-0.006211199 0.15683994 -0.028167328 300649672994742
-0.13401489 0.1689497 0.015493125 300649693136551
-0.10392628 0.09876314 0.019103833 300649713277424
0.0017318209 0.10114403 -1.5279837E-4 300649733418869
0.030594066 0.0032254227 0.01486178 300649753560523
-0.0024957089 -0.034155373 0.01845947 300649773702906
-0.09639947 0.034846894 -0.010011127 300649793844404
-0.058084436 6.339364E-4 -0.005672401 300649813986370
0.029516859 -0.13579366 0.019617137 300649834127554
-0.022266883 -0.18045469 0.05253045 300649854269104
-0.048298627 -0.117747486 0.035054773 300649874410913
-0.016365036 0.054786485 -0.008633962 300649894552411
0.0546897 0.27345583 -0.0395583 300649914694429
0.08753347 0.17712717 0.015286606 300649934835562
0.037323292 -0.20628613 0.11633218 300649954977216
-0.015911553 -0.5608931 0.15957059 300649975119129
-0.09582225 -0.300552 0.06087845 300649995260367
-0.10189508 0.2470894 -0.06417377 300650015401448
-0.006607726 0.3988699 -0.2040297 300650035543049
0.22081463 0.053791393 -0.17073335 300650055685223
0.22854526 -0.012053113 -0.10986322 300650075826773
0.0032039303 0.19911619 -0.12836322 300650095968584
-0.06742437 0.1671024 0.019564487 300650116110028
0.009044272 -0.17587619 0.14973716 300650136250953
0.24489333 -0.25376242 0.10864311 300650156392554
0.102009185 0.05722569 -0.14807974 300650176534260
0.13890888 0.23832062 -0.043324664 300650196675705
