-0.018849462 0.2223306 0.07050836 300645000142502
0.022086933 -0.07589226 0.043719977 300645020284260
-0.15906039 0.04304803 0.034887556 300645040425705
-0.26955 0.12831245 0.022739403 300645060567307
-0.06775823 0.11312349 -0.029714143 300645080708909
0.06468202 -0.16278218 0.051505607 300645100850562
0.040132932 -0.19394937 0.046315156 300645120992164
0.003560707 -0.18838367 0.030382684 300645141133765
-0.20079246 0.064755976 -0.08073823 300645161275315
0.025976397 0.03276343 -0.0371651 300645181417750
0.16964528 0.0047015175 -0.012780763 300645201559507
0.046490867 0.035978995 -0.073069446 300645221700171
-0.01270818 0.073344 -0.1278684 300645241841825
0.0556711 0.11165524 -0.102577806 300645261983479
0.01603548 0.05004248 -0.035033084 300645282125028
-0.006855 -0.08343137 0.045483835 300645302267412
-0.0593537 -0.104018986 0.062402863 300645322408804
-0.24877827 0.03203667 0.03241184 300645342550562
-0.15085566 0.15531227 0.034720685 300645362692111
-0.011047792 0.04174095 0.044034228 300645382833609
-2.1874905E-5 -0.17891558 0.059964973 300645402975263
0.07185437 -0.15499403 0.043758105 300645423116916
0.0051429905 0.107013986 -0.022153676 300645443258466
-0.124713495 0.29986635 -0.063163 300645463399390
-0.04360775 0.124929346 0.03152186 300645483541721
0.18473285 -0.17590697 0.056290656 300645503683322
0.21936482 -0.26110864 0.080408946 300645523824872
0.060678158 -0.020312639 -0.017238712 300645543965900
0.013785578 0.13967928 -0.090831056 300645564107398
-0.023907747 0.10213219 -0.10242136 300645584249833
-0.10980973 0.0048479624 -0.022231132 300645604391487
-0.15162387 0.10113625 -0.031016868 300645624532932
0.016810935 0.096027 -0.0666867 300645644674013
0.1259492 -0.16379775 -0.0030647218 300645664816083
0.018136337 -0.33704644 0.040483598 300645684957840
-0.07118702 -0.20867796 0.032587953 300645705099182
0.026209444 0.11723705 -0.021241631 300645725241044
0.1248321 0.2645809 -0.055565342 300645745382593
0.036745377 0.14018849 0.014475305 300645765524091
-0.051095933 0.009924889 0.10677434 300645785665744
-0.08422488 -0.10979312 0.14376852 300645805807242
-0.10301423 -0.15572524 0.12631649 300645825948219
0.038870145 -0.2314356 0.10667158 300645846089820
0.07659247 -0.2173055 0.05549955 300645866232150
-0.11298807 0.08482136 -0.0045914613 300645886373700
-0.24751425 0.30739975 -0.0658832 300645906515355
-0.14104252 0.24209051 -0.12533537 300645926656851
-0.08297535 0.04831292 -0.083966166 300645946797829
-0.044956185 -0.08255927 -0.030904481 300645966939533
0.020210363 -0.057694137 -0.03784906 300645987081135
0.09703007 0.042752653 -0.10666964 300646007223309
0.24716793 -0.02699842 -0.12678489 300646027364754
0.21466441 -0.17218103 -0.060670123 300646047506201
-0.012116656 -0.029873975 -0.052745156 300646067648114
-0.034086607 0.05964527 -0.03594336 300646087789456
0.04342155 0.1363037 0.030335933 300646107930796
0.009019752 0.02118591 0.09163798 300646128072190
-0.022252828 -0.20596124 0.10706339 300646148213791
0.0047272816 -0.2454754 0.14291775 300646168355497
-0.1643152 0.078523114 0.009896748 300646188497098
-0.075344235 0.23795232 -0.011042438 300646208639534
0.14141399 0.118680954 -0.007255284 300646228780927
0.18824589 -0.233237 0.031442415 300646248922476
-0.06388779 0.31564072 -0.117553666 300646269063869
0.06363961 0.41545972 0.009095572 300646289205159
-0.27561677 -0.017043047 -0.041374587 300646309346604
-0.02395384 -0.64990085 0.05049444 300646329488413
0.6092795 -0.80609035 0.1837404 300646349629859
0.114305705 -0.76255345 0.2147199 300646369771617
-0.24191459 -0.099498734 0.02085223 300646389913791
-0.23758188 0.6233288 -0.30871683 300646410055341
0.22290033 0.5905442 0.09026267 300646430196265
-0.13525227 0.40798965 -0.20335786 300646450338700
-0.06988783 -0.11241996 -0.017056018 300646470480093
