-0.0470166 0.24049732 -0.21091208 300738175209685
-0.21480812 0.07220198 -0.07700383 300738195351287
-0.29922855 0.16317041 -0.079832345 300738215492941
-0.32989705 0.25909275 -0.038349897 300738235634438
-0.04542552 0.061087463 -0.027361484 300738255775988
7.075183E-4 -0.1327181 0.029710405 300738275917537
-0.01219333 -0.24313375 0.0750933 300738296059191
-0.017916895 -0.045231767 0.03197317 300738316201001
0.08489106 0.094801016 -0.043426648 300738336342551
-0.072821006 0.16004634 -0.09936161 300738356484203
-0.009347118 0.23251677 -0.01580339 300738376625649
0.121954285 0.18248376 -0.005033629 300738396767824
0.08603975 -0.098146915 0.03572179 300738416909113
0.033618167 -0.30755746 0.18698815 300738437050662
0.11717857 -0.40796813 0.18613034 300738457192368
0.011278711 -0.22330704 0.11850305 300738477333813
-0.07479288 0.03680571 -0.0029718373 300738497475362
0.06306863 0.090006 -0.07189025 300738517616287
-0.12736954 0.23501343 -0.07258479 300738537757785
-0.17752764 0.20713788 -0.09836035 300738557900167
-0.14961463 0.2165253 -0.08845121 300738578041874
-0.0071207862 0.05886202 -0.049139813 300738598183423
0.16085404 -0.16763982 -0.019982826 300738618324920
0.19508646 -0.16304217 -0.0106402 300738638465896
0.10341847 -0.16420572 0.008256234 300738658607602
0.086629555 -0.080539845 -0.032104407 300738678749151
0.18054707 0.0566378 -0.036819085 300738698891118
0.1581341 0.20877115 -0.06439733 300738719032668
0.035702273 0.011967541 0.008294877 300738739173800
-0.18950239 -0.21406218 0.12496334 300738759315454
-0.04748574 -0.2814461 0.08655356 300738779457055
0.122828946 -0.11556236 0.07923479 300738799598657
-0.029503353 -0.02927731 0.056583546 300738819740519
-0.21555191 0.024882093 3.1886995E-4 300738839882225
-0.1741657 0.071963035 -0.026762908 300738860023670
-0.12678044 0.11939024 -0.01860224 300738880165324
-0.123360604 0.015513673 -0.015521317 300738900307133
-0.02651936 -0.09422554 0.009099432 300738920448475
0.07898216 -0.016276628 2.4518743E-4 300738940590285
0.05577435 0.036270503 -0.021903714 300738960731834
0.15253136 0.030452285 -0.037711006 300738980873332
0.1509179 0.037522558 -0.056613103 300739001014985
-0.110983446 0.035894044 -0.036179833 300739021156691
-0.2516909 0.043385223 0.02739958 300739041298085
-0.008078961 -0.0035058707 0.0708203 300739061439789
0.20632365 -0.13874525 0.08741309 300739081581235
0.15954483 -0.16973275 0.04221032 300739101722628
-0.06156289 -0.007886648 -0.051653087 300739121864282
-0.23694879 0.110461496 -0.05509546 300739142005779
-0.06681035 0.0076675657 0.030645177 300739162147433
0.10726649 -0.04422474 0.041093387 300739182289192
0.061579727 0.021970509 0.0077817584 300739202430688
-0.070564464 0.12185188 -0.033059414 300739222572603
-0.13088848 0.08422472 -0.04790569 300739242713995
-0.040578388 0.014409751 0.013413836 300739262855754
-0.0019923523 -0.010724637 0.05398516 300739282997354
0.06943168 0.0462864 -8.568438E-4 300739303138800
0.2776127 -0.038840503 -0.04428208 300739323280505
0.16876668 -0.024304237 0.027011584 300739343422629
-0.05077942 -0.10233919 0.03605202 300739363564699
-0.1501887 0.0074516796 -0.021397892 300739383706247
0.038506642 0.07251153 -0.03182261 300739403847954
0.2860015 -0.079882786 -0.011320569 300739423989451
0.21618459 0.008003026 -0.057051558 300739444130949
-0.0017400458 0.08090742 -0.026205972 300739464272706
-0.35573888 -0.02839239 -0.02985271 300739484414308
-0.2442795 0.3570736 -0.048103563 300739504554764
-0.6972908 0.29197788 -0.47612804 300739524696417
0.61235636 0.56678784 0.18323871 300739544838019
0.56134903 0.14562075 0.17177197 300739564979984
-0.28176555 -1.1184119 0.20207992 300739585122056
0.17483246 -1.0259366 0.34659928 300739605263552
-0.20100552 0.060475577 -0.017729681 300739625404321
-0.42651528 0.5825684 -0.45141995 300739645545870
0.29242676 0.633693 0.39887995 300739665688358
