-0.035703614 -0.53906524 0.04904195 300658817287215
-0.024966314 -0.3551255 0.09443463 300658837429130
-0.014423564 -0.20470329 0.13237378 300658857570262
0.10682977 0.24836831 0.12300879 300658877711969
0.027190626 0.40134627 0.21060619 300658897853569
-0.037816532 0.3847765 0.4590563 300658917995223
0.03607759 0.45123795 0.7269882 300658938136825
-0.044815466 0.32704934 1.0264114 300658958278427
-0.10526723 -0.68047607 1.4425613 300658978420341
0.03651911 -1.0998693 1.3661022 300658998561577
0.32662374 -1.9316452 1.2896761 300659018703283
0.38274056 -1.9826003 0.7708111 300659038844884
0.3226943 -1.5008997 0.04471904 300659058986330
0.042672746 -0.5589384 -0.7103696 300659079128139
-0.06932157 0.95285285 -1.3550804 300659099269533
-0.38047558 1.3789501 -1.3330472 300659119411344
-1.4470918 0.81130314 -1.374342 300659139552996
-1.0247629 0.4804883 -1.5849196 300659159693765
-0.098338336 0.63079077 -1.6443425 300659179835262
0.46977276 0.80191123 -1.5324289 300659199976812
0.5010042 1.1743765 -1.1079471 300659220118517
0.51166606 1.2876128 -0.69882023 300659240260119
0.6643002 0.5508324 -0.18610406 300659260401617
1.1685026 -0.4190445 0.3042215 300659280543218
0.9578089 -0.8239242 0.2998818 300659300685028
0.7133078 -0.8554108 0.3995746 300659320826526
0.30461878 -1.0948333 0.61286724 300659340968075
0.05837542 -1.3500051 0.4297818 300659361109885
0.75999594 -1.4576352 0.346697 300659381251903
0.71807814 -0.813217 0.2793238 300659401392879
0.22079878 -0.4989696 0.20773599 300659421535211
-0.11060794 -0.732662 0.02978973 300659441676291
0.033495694 -0.95492053 0.015832216 300659461818986
0.4288693 -0.3103682 0.32796174 300659481960015
0.13921246 0.33766067 -0.13130264 300659502101824
0.43908256 0.391076 -0.22709745 300659522243218
0.9342352 0.13401783 0.048421174 300659542384871
1.0342122 -0.11331099 0.0030500889 300659562526318
0.80769527 -0.1244417 -0.21587104 300659582667867
0.34036618 0.12076051 -0.38864326 300659602809000
0.28945822 0.21556616 -0.37809834 300659622950497
0.65711915 0.14542796 -0.082924366 300659643092202
0.7201364 -0.11810918 -0.053521454 300659663233856
-0.02695509 -0.12606704 -0.2449098 300659683375249
-0.41908586 -0.14616644 -0.18224943 300659703517789
0.10075539 -0.50987124 0.0089953765 300659723659181
0.73234224 -0.68798745 0.129827 300659743800315
0.75141126 -0.15696429 0.098858744 300659763941656
0.3267055 0.3240308 -0.035420798 300659784083465
0.13873565 -0.0016694237 0.08904053 300659804225120
0.033172965 -0.6381651 0.29233453 300659824367345
-0.22003423 -0.4881808 0.18719897 300659844508791
-0.36461627 -0.10544428 -0.033314615 300659864649871
0.102363184 -0.10624203 -0.060483262 300659884791526
0.62584174 0.061982155 0.3102734 300659904933960
0.730993 0.22462544 0.4421997 300659925075301
0.24954624 0.13843007 0.1298705 300659945217112
-0.45301867 -0.08075612 -0.22473374 300659965358974
-0.4477983 -0.15477234 -0.2660285 300659985500002
0.11759634 -0.08707517 -0.08641851 300660005641864
0.21581778 0.23569927 0.12251805 300660025783205
-0.4829114 0.4342347 0.052928448 300660045924963
-1.1560996 0.18061724 -0.49133644 300660066066720
-0.5870276 0.043088928 -0.45882055 300660086208583
0.55340976 -0.026621997 0.21367386 300660106349715
0.9575323 -0.14276093 0.53795254 300660126491474
0.22787942 -0.115384415 0.14008397 300660146632814
-0.3681534 -0.03534078 -0.20509961 300660166774520
-0.21338846 0.026000783 -0.25097945 300660186916069
-0.12086732 0.32333493 -0.13598832 300660207057880
-0.071005605 0.015706085 -0.124049634 300660227199794
0.63787293 -0.06464891 0.074234664 300660247340874
0.87718475 0.5618927 0.6722884 300660267482789
-0.13485484 0.08669249 -0.08646707 300660287624077
-0.25331268 -0.18223536 -0.21532045 300660307765627
-0.0018431842 0.113773555 -0.21135858 300660327907489
0.17076641 0.11467382 0.2895761 300660348048153
-0.022986516 -0.23388547 0.20383644 300660368190640
0.23484401 -0.04184565 0.038218327 300660388332138
0.19377884 0.3430381 -0.17885569 300660408473896
-0.49429816 0.19850326 -0.254001 300660428615288
-0.6434802 -0.01511097 -0.12953028 300660448757099
-0.21618533 -0.19178256 -0.05616308 300660468898335
0.26013967 -0.012626398 0.04281471 300660489039416
0.4831078 -0.18726093 0.15813515 300660509181069
0.46826836 -0.5554005 0.35654902 300660529322724
-0.09617512 -0.07090735 -0.055216976 300660549464117
-0.8632696 0.5921331 -0.54355854 300660569606030
-0.70385313 0.49712294 -0.48948383 300660589747476
0.19849104 -0.081399634 0.21951862 300660609889182
1.2184898 -0.5790777 0.92312914 300660630030835
0.48682013 -0.034689732 -0.78829646 300660650172228
-1.1763445 2.2880208 0.20971799 300660670313830
-1.5132947 -1.383595 -0.4682667 300660690455379
-0.67635995 -0.13414803 0.06119509 300660710597293
0.4944091 0.15033366 0.3695415 300660730738688
0.16455191 -0.55726725 -0.63259995 300660750880236
0.112599984 0.06129086 0.54738444 300660771021838
-0.32714546 -0.40420797 0.040303107 300660791163491
