-0.0118843615 -0.34324983 -0.0036062822 300652533101800
0.19857451 -0.42715168 0.07207109 300652553243192
0.07049952 -0.18816838 0.03215635 300652573384742
-0.14261912 0.084760144 -0.053432323 300652593526291
-0.0835568 0.1096544 0.0017302558 300652613667893
0.042176075 -0.009670876 0.104561254 300652633810328
0.020500705 -0.19920488 0.07210557 300652653952086
0.008151621 -0.13893253 0.015784945 300652674093479
-0.10342991 0.032356188 -0.033651087 300652694234351
-0.069519155 0.11995817 -0.020688366 300652714375954
-0.068449825 0.16260871 -0.0067857727 300652734518388
-0.13499479 -0.034136288 0.014692162 300652754659885
-0.059300296 -0.10507177 0.013179114 300652774801434
0.021355227 -0.10115098 0.016520428 300652794942984
0.16158591 -0.11732327 0.018462975 300652815084430
0.1128245 -0.09843446 -3.138855E-4 300652835226083
-0.0027953852 -0.037624598 -0.050816145 300652855367737
-0.014919043 0.142688 -0.08168991 300652875509286
-0.07765058 0.14023131 -0.01839262 300652895650940
-0.067725986 0.06588412 0.055189535 300652915792541
0.20206603 -0.21735446 0.13920367 300652935934143
0.15242529 -0.25906336 0.06102302 300652956075275
-0.0966057 -0.03680095 0.029223459 300652976216773
-0.13399331 0.13740565 -0.06004485 300652996358427
0.045078658 0.2545267 -0.08061193 300653016500705
0.058063805 0.15742895 -0.06205891 300653036642411
0.032593608 0.12308669 -0.013075804 300653056783960
-0.16574708 0.15688321 -1.6610697E-4 300653076925562
-0.11006367 -0.08409068 0.020935418 300653097066486
0.2144587 -0.32078856 0.09002337 300653117207984
0.19775909 -0.19416259 0.06794157 300653137349690
-0.13719374 0.24736583 -0.12091148 300653157491135
-0.18412095 0.48822 -0.11790126 300653177633049
-0.24076821 0.18833217 0.0070805997 300653197774390
0.07516369 -0.28009713 0.08431961 300653217916096
0.28886542 -0.44433308 0.13391373 300653238057749
0.040896647 -0.18147835 0.021294374 300653258199404
-0.13678955 0.19419084 -0.0326939 300653278340952
-0.11710546 0.24373935 0.010971166 300653298482815
-0.05808757 0.20479438 -0.06015831 300653318624261
0.036500182 -0.02460589 0.01177963 300653338766330
-0.037111115 0.0048977863 -0.04987334 300653358907776
0.12615873 0.047782376 -0.11480696 300653379049377
0.034645427 0.044032402 -0.09838981 300653399191031
0.042785324 -0.082264826 0.004464561 300653419332737
-0.16889304 -0.07087017 0.003427278 300653439474078
-0.0981784 -0.052626908 -0.06277275 300653459615732
0.0797444 -0.00474949 3.3532735E-4 300653479757437
-0.050767224 0.14736274 -0.03600896 300653499898466
0.111760564 0.14592694 0.012136994 300653520040120
0.05343761 0.15181607 -0.07324637 300653540181982
-0.025532253 0.3155716 -0.07610788 300653560323218
-0.043554105 0.06279057 0.13314997 300653580464977
-0.12559856 -0.43170044 0.2191301 300653600606421
0.030430585 -0.7107567 0.20752169 300653620748335
0.25412607 -0.53897053 0.10673126 300653640889781
0.1854276 0.48212898 -0.09117167 300653661178727
-0.09770125 0.91501117 -0.285573 300653681173557
-0.046810657 0.32394207 -0.021303289 300653701315054
