-0.015595 -0.053768516 0.050263837 300643731226188
-0.17640945 -0.05854852 -0.013768275 300643751367946
-0.30507174 -0.06237807 -0.064991646 300643771509131
0.11204471 -0.041674726 0.008108169 300643791650681
0.17387661 -0.107678056 -0.018702954 300643811792334
0.021780469 -0.05299153 -0.083877884 300643831933988
-0.045795977 0.10500385 -0.11177687 300643852075589
-0.08344133 0.21370375 -0.082211465 300643872217347
-0.09736249 0.22711392 -0.042350918 300643892358115
-0.07688688 0.123924926 0.001979392 300643912499821
-0.13850103 -0.110303506 0.105935335 300643932641630
-0.095151536 -0.2347593 0.13791439 300643952782920
0.08733478 -0.16746657 0.12393612 300643972925356
0.20360808 -0.03340307 0.030208152 300643993066696
0.090415746 0.008607335 0.03268914 300644013207777
0.015521049 -0.022800874 0.013848039 300644033349378
-0.15130293 0.09835081 -0.035345715 300644053490928
-0.09560492 0.06928748 -0.010458654 300644073632946
-0.015347935 0.041519485 -0.03625533 300644093774131
0.009155214 0.07393498 -0.06597458 300644113915837
0.010350056 0.14804456 -0.06732798 300644134057334
0.006414853 0.084845155 -0.03438195 300644154198988
-0.15712938 -0.04750476 0.013677137 300644174340433
-0.061024163 -0.1043931 0.050530557 300644194482140
0.10787587 -0.08182312 0.040387508 300644214623792
0.17023042 -0.03178589 0.030519286 300644234765238
0.15740094 -0.12398484 0.042220652 300644254906995
0.1235663 -0.17022352 0.018344626 300644275048545
0.0117504 0.012564358 2.0949787E-4 300644295190199
-0.16928993 -0.015358891 0.016857553 300644315331696
-0.08934602 -0.09362448 0.06323706 300644335473298
0.046977393 -0.10861362 0.02510735 300644355614951
0.07059781 -0.07663341 0.04523156 300644375757334
-0.14241827 0.1664012 -0.023981726 300644395898831
-0.30518445 0.18905777 -0.10754324 300644416040381
-0.17302476 0.090530045 -0.018037751 300644436181931
0.2138801 -0.100228146 0.03566343 300644456323584
0.27897024 -0.231746 0.09426121 300644476465186
0.017632788 -0.09521551 -0.06269543 300644496606735
-0.073395476 0.21435143 -0.110414825 300644516748441
-0.013180129 0.17047796 -0.11884271 300644536890042
-0.02929046 0.14181127 -0.035830438 300644557031436
-0.0019522328 0.010474329 -0.015624422 300644577172568
-0.09231341 -0.041044526 -0.027793217 300644597314118
0.013521073 -0.09683195 -0.019873051 300644617455928
0.11330095 0.05925191 0.032310072 300644637597373
-0.039492626 0.07745239 0.010852214 300644657738923
-0.09446961 -0.14120002 0.010323625 300644677880524
0.16600472 -0.056315556 0.087325856 300644698022126
-0.013374143 0.041176397 0.060075447 300644718163831
-0.024074934 -0.14943998 0.08788708 300644738305329
-0.037808143 -0.13517518 0.023998957 300644758446983
0.04058788 0.008075161 0.03036966 300644778588636
-0.031252608 0.15269494 -0.05330413 300644798730863
-0.20753667 0.18717338 -0.3022148 300644818872100
0.10703823 0.3548186 0.03816215 300644839013389
-0.2605796 0.03747648 0.02304709 300644859154938
-0.004728228 -0.4875819 0.12046242 300644879296644
0.5507497 -0.61567724 0.17557642 300644899438089
0.37634784 -0.11260453 0.111332946 300644919580524
-0.052873828 0.15017898 0.03907647 300644939717750
-0.5002228 0.34811813 -0.14135055 300644959859404
-0.27893177 0.38270524 -0.1506684 300644980000953
