-0.08848815 -0.22636423 0.16736063 300656319728570
0.0016002017 0.05557035 0.056685437 300656339870223
0.073669866 0.28110635 -0.031851027 300656360011721
0.0909571 0.0353733 -0.013312281 300656380153218
0.07922469 -0.17035082 0.007903691 300656400294925
7.1681105E-5 0.14393625 -0.056677002 300656420436474
-0.1172926 0.25523618 -0.06887956 300656440578127
-0.07902634 -0.08479168 -0.003243817 300656460719676
-0.020047741 -0.18698588 -0.0096942745 300656480860705
0.1214599 -0.11594495 -0.08634363 300656501002359
0.14339313 0.114144355 -0.058645047 300656521144481
-0.08277852 0.15495656 9.527765E-4 300656541286135
-0.18227999 -0.1602698 0.06819382 300656561427059
-0.101549126 -0.2948668 0.10810679 300656581568661
0.038547542 -0.06788288 0.022473965 300656601710314
0.14259091 0.25435185 -0.05588345 300656621851916
0.053454198 0.31885785 -0.057007365 300656641993621
-0.023679078 0.11748455 0.05748678 300656662135067
-0.055694498 -0.14398806 0.13827896 300656682276773
-0.080195636 -0.36618298 0.1830532 300656702418270
-0.13396688 -0.2115198 0.08844994 300656722559924
-0.045679692 -0.046646647 0.0011359267 300656742701525
0.097221 0.064157315 -0.14925067 300656762843076
0.23836665 0.26098603 -0.24238016 300656782984937
0.16015726 0.39370048 -0.19620085 300656803126330
-0.016200868 0.23154709 -0.07791598 300656823267931
-0.07637249 -0.14318268 0.092212066 300656843409533
-0.049042292 -0.28283927 0.17499095 300656863551864
0.10801172 -0.074277006 0.2538319 300656883692788
0.09422058 -0.0065205395 0.39265218 300656903834442
0.17919047 0.121437624 0.6206747 300656923975887
0.20339403 0.3886618 0.8680487 300656944117541
0.10255928 0.3576638 1.2093885 300656964259090
-0.072666764 -0.30687818 1.5463086 300656984400744
0.12301296 -1.0741965 1.7586539 300657004542607
0.28643644 -1.3480952 1.694764 300657024684051
0.04088509 -1.4221011 1.1771495 300657044826331
-0.046482086 -1.1288905 0.4267642 300657064967984
0.04066027 -0.2602055 -0.3267323 300657085109482
-0.18404767 0.5843314 -0.95300645 300657105250978
-0.9336697 0.9717895 -1.3600188 300657125392528
-1.0488191 0.96278465 -1.516192 300657145534234
-0.12957078 0.76141405 -1.3780701 300657165675888
0.1505351 0.5197948 -1.163008 300657185817594
-0.057562053 0.6113676 -0.7722398 300657205959038
0.1534482 0.62405276 -0.34475005 300657226100900
0.7087965 0.09242821 0.17536628 300657246242293
0.6748287 -0.49880105 0.59168994 300657266383687
0.3320172 -0.9705772 0.90210307 300657286524715
0.42548436 -1.6227545 1.1620057 300657306666369
-0.694066 -0.26208162 0.093393475 300657326807971
0.7921315 -0.4625154 0.93627113 300657346949520
0.114083245 -0.51263493 0.093561724 300657367091643
-0.014326453 -0.2928189 0.019738674 300657387232879
-0.029510349 0.29535672 -0.16796309 300657407374377
-0.63927716 0.54441345 -0.32715857 300657427515978
-0.7509602 0.8758798 -0.59736496 300657447657529
-0.45299882 0.90200186 -0.89117414 300657467799181
0.25504592 0.93193364 -0.67297316 300657487940784
0.19669046 0.46508056 -0.6386852 300657508082437
