-0.041851558 -0.111634955 -0.018685674 300653721456969
-0.11591951 -0.41676342 0.05787819 300653741598413
-0.17155406 -0.20200232 0.04936015 300653761740068
-0.06861265 -0.17419092 0.053785086 300653781881617
0.075320326 -0.18421555 0.027392639 300653802023166
0.04459545 0.07440318 -0.07893045 300653822164717
-6.759167E-5 0.24153261 -0.08171179 300653842306422
-0.19107275 0.34253407 -0.037407413 300653862448075
-0.12423642 0.13538997 0.009273592 300653882589573
-0.05999934 -0.05439725 0.029622436 300653902731122
-0.024258032 -0.18633895 0.073921956 300653922872723
0.05931438 -0.1262324 0.059615783 300653943013701
0.09996738 -0.022982504 0.021194914 300653963155250
0.04024253 -0.07580781 0.042687237 300653983297007
0.031787284 -0.15851542 0.04017493 300654003438505
0.06580411 -0.06430069 0.01380448 300654023580263
0.018941794 0.14227201 -0.04473008 300654043721969
-0.032020703 0.2486414 -0.073284864 300654063863413
-0.017947286 0.13876212 -0.06224625 300654084005536
0.008201655 -0.045284353 -0.050286412 300654104146878
-0.12226692 0.052837566 0.031411897 300654124288427
-0.018973067 -0.09830582 0.04698244 300654144430081
-0.0033066608 -0.21173377 0.051469877 300654164571630
-0.018883735 -0.21196756 0.0220245 300654184712919
0.057044 0.023198472 -0.07452599 300654204854468
0.08048459 0.30665797 -0.110194966 300654224996070
-0.027912175 0.22678988 -0.035572566 300654245137775
0.047127 -0.13584608 0.06410593 300654265279273
0.12367675 -0.17217965 0.048462167 300654285421031
-0.019091915 0.0042306697 -0.007518176 300654305562528
-0.12664509 0.13908985 -0.022494664 300654325704130
-0.101310074 0.09445682 -0.024732126 300654345845732
0.13295946 -0.018618267 0.014352396 300654365987281
0.20403911 -0.13543567 0.040692046 300654386128934
-0.01828298 -0.039076723 -0.0077205817 300654406271266
-0.12589577 0.04607654 0.0010797866 300654426412711
-0.09910951 0.019406978 0.028489951 300654446554417
0.106829 -0.07778547 0.04890596 300654466695966
0.26605538 -0.1485188 0.07720939 300654486836942
-0.045740113 -0.0063187294 0.00951474 300654506979378
-0.34301174 0.14941868 -0.03604523 300654527120770
-0.23080547 0.07530085 -0.015285429 300654547262373
0.18151666 -0.09802024 0.044322 300654567404130
0.26184112 -0.12460503 0.039665878 300654587545575
-0.15296024 0.02878774 -0.06795019 300654607687073
-0.3648948 0.19600525 -0.08079259 300654627828517
-0.041076794 0.025935983 -0.02762894 300654647969755
0.26278237 -0.20749128 0.042991783 300654668111304
0.30131808 -0.26255202 0.02164521 300654688252906
0.05851691 0.1524036 -0.04324732 300654708394664
-0.2154713 0.2843836 -0.059622988 300654728536214
-0.13904676 -0.06391703 0.061435115 300654748677711
0.1407148 -0.24262217 0.10051362 300654768819312
0.17392913 -0.08270086 -0.09601975 300654788960862
0.23745446 0.22399956 0.1300793 300654809102775
-0.31214726 0.014347792 -0.04708877 300654829244221
0.17086062 -0.08246741 0.067205325 300654849385927
0.2729042 0.0071415603 0.08543894 300654869527268
-0.32386646 0.12605247 -0.15083043 300654889668921
-0.6798219 0.30389947 -0.2749927 300654909810471
0.096067406 0.030438926 0.1468889 300654929952802
