0.007123828 0.3192383 7.277057 300635936426279
-0.13740432 0.24526525 5.903595 300635956567881
-0.24526715 0.051112533 4.7688923 300635976709534
-0.04256797 -0.37801105 3.8516371 300635996851189
-0.011930943 -0.5093001 3.1058993 300636016992685
0.1175493 -0.70594394 2.5116992 300636037134287
0.00377661 -0.27629095 1.9586781 300636057276202
-0.12479329 -0.038059592 1.6641262 300636077417439
-0.05379626 -0.16395864 1.2659653 300636097559145
0.16565922 -0.2642226 0.90143955 300636117700589
0.16434915 0.2806368 0.56520355 300636137842451
0.409525 0.3617934 0.45474124 300636157983948
0.44451052 -0.06667304 0.60344094 300636178125602
0.19413969 -0.52876145 0.5634012 300636198267308
0.15411547 -0.3750018 0.47766417 300636218408598
0.09974008 -0.025277026 0.29749355 300636238550564
-0.13068989 0.11960126 0.21968578 300636258692269
-0.09747281 -0.06092117 0.23627329 300636278833402
0.29694805 -0.28451693 0.2327565 300636298975107
0.43665746 -0.11427064 0.11843747 300636319116554
0.17613342 0.25825173 -0.078534186 300636339258466
-0.070803724 0.31219488 -0.035685945 300636359399965
-0.15194741 0.18570346 -0.023264851 300636379541463
0.14766951 -0.07857054 0.101793654 300636399683115
0.017711386 -0.100924686 0.0448192 300636419824822
-0.17464453 -0.03063137 -0.06726078 300636439966423
-0.36703184 -0.13860025 -0.22189161 300636460107920
-0.16314077 -0.38446096 -0.3355966 300636480249573
-0.04809734 -0.13538945 -0.4994717 300636500390967
-0.022489786 0.17354126 -0.5643513 300636520532672
0.06397165 0.24541578 -0.4923327 300636540674327
-0.2386069 0.4071408 -0.49470097 300636560816189
-0.43835598 0.24519272 -0.32380936 300636580957478
-0.3281576 -0.11793834 -0.1944812 300636601099184
0.011588164 -0.14766191 -0.1516852 300636621240889
0.26422042 -0.079368696 -0.0533527 300636641382595
0.3027435 -0.17400554 -0.056576736 300636661523935
0.19730605 -0.29715288 -0.09312645 300636681665485
0.04194837 -0.11872084 -0.111212365 300636701807087
0.0052412227 0.17135087 -0.08910617 300636721948636
0.07889866 0.2710647 -0.017666306 300636742090290
0.24845332 0.11919551 0.108042955 300636762231735
0.28125376 -0.18042703 0.22465558 300636782373545
0.21375477 -0.30375123 0.35529134 300636802514938
0.06728711 -0.13984883 0.2665794 300636822656801
0.008282565 0.15563755 0.08089496 300636842798297
0.1602836 0.20884961 0.025835468 300636862940055
0.2692295 0.024340264 0.0046678632 300636883082074
0.026407242 -0.041806545 -0.05815988 300636903223206
-0.1281406 0.020633593 -0.047977954 300636923364704
-0.098088995 0.15515336 -0.11469776 300636943506253
-0.14806387 0.23098391 -0.17962766 300636963647803
-0.14009465 0.07683462 -0.08507277 300636983789769
-0.19594535 0.021637507 -0.11505164 300637003931162
-0.10138972 0.14048938 -0.18801463 300637024072712
-0.087658525 0.42976186 -0.2881413 300637044214313
-0.29868728 0.478158 -0.25925374 300637064356124
-0.3962353 0.433855 -0.1547833 300637084497621
-0.057916775 0.42807633 -0.017688349 300637104639639
0.22216475 0.053299196 0.122692496 300637124780719
0.4814745 -0.31845352 0.16743803 300637144922634
0.45673817 -0.38707995 0.20153703 300637165064131
0.28241092 -0.2434221 0.07800824 300637185205628
0.39466053 -0.14356315 0.059698015 300637205346450
0.14940403 -0.041566566 0.08838944 300637225487998
-0.30088314 -0.06410774 0.12072486 300637245629652
-0.59919024 0.06926972 0.0126028955 300637265771201
-0.17265758 0.20005515 -0.017520756 300637285912751
-0.04070927 -0.04466255 -0.018002424 300637306055082
-0.26015145 -0.12916997 -0.13187 300637326196527
-0.37575123 0.3327743 -0.16454723 300637346337817
-0.14142385 0.33959568 -0.10763745 300637366479939
0.022687938 -0.02041568 -0.029230505 300637386620811
-0.31835875 -0.13881716 0.034647435 300637406762464
-0.42137748 0.44387382 -0.20061606 300637426903962
-0.1744116 0.8431967 -0.32739383 300637447045667
-0.27763653 0.65430784 -0.047029942 300637467187269
-0.22502819 -0.23453148 0.24821107 300637487328974
0.301938 -0.95554984 0.3723535 300637507470472
0.436967 -1.0458822 0.42304367 300637527612074
0.12997982 -0.6790626 0.24628282 300637547753571
0.2943153 -0.047573283 0.17127512 300637567895277
0.2944888 0.60719 0.11851704 300637588037607
-0.24413633 1.0469809 -0.040494025 300637608179001
-0.19969481 0.77831286 0.21341284 300637628321175
-0.21790972 0.03465987 0.38278702 300637648462621
-0.006096199 -0.0700521 0.24976681 300637668603910
0.17831822 -0.37405354 0.48825455 300637688745667
0.2610209 -0.44310462 0.59915835 300637708887739
0.2901256 -0.092894465 0.6125325 300637729028923
-0.20608696 0.037554096 0.39946708 300637749170368
-0.4091423 -0.19483517 0.27308014 300637769312126
-0.07392741 -0.21655813 0.1933647 300637789453727
0.18022949 -0.030283563 0.029950922 300637809595328
0.10632906 -0.11585193 0.089813195 300637829736826
-0.49338588 0.10671505 -0.2751052 300637849878480
-0.40581775 1.1009235 -0.551703 300637870019404
0.6841726 1.3716345 0.10831261 300637890161163
-0.22544198 -0.046817675 -0.3586853 300637910303024
-0.19207829 -1.4671671 0.4886387 300637930443949
0.37316787 -1.6139983 0.60892063 300637950585655
0.3393838 -0.8046774 0.23278226 300637970727152
0.322059 0.45745027 -0.05497291 300637990868858
0.07465899 1.2924085 -0.1667892 300638011010772
-0.517616 1.0013621 -0.33716407 300638031152373
