0.12598853 -0.50167596 0.028897665 300739685829907
0.40714473 -0.72729325 0.09231429 300739705971873
-0.068292096 -0.002997592 -0.0899665 300739726113110
-0.44863033 0.5764153 -0.23578307 300739746254608
-0.2746496 0.29821014 -0.16111684 300739766396366
0.03319459 0.058552004 -0.06497113 300739786537914
0.099496104 0.031807914 -0.012993392 300739806679465
0.15254636 0.010418661 0.028575622 300739826821067
0.02340452 -0.025435546 0.060094584 300739846962667
-0.018383957 -0.13024071 0.057341795 300739867104477
-0.01133544 -0.21653908 0.04871161 300739887246026
0.11721237 -0.036180876 0.045488417 300739907386847
0.07788274 0.17203824 -0.07469714 300739927528344
-0.1937548 0.18350725 -0.022301402 300739947669894
-0.2551904 0.17895764 -0.029049486 300739967811964
-0.21760705 -0.008295335 0.031919193 300739987953253
-0.09356521 -0.11826004 0.07008106 300740008094647
0.09902145 -0.12068653 0.10145672 300740028236405
0.23269886 -0.005890511 0.023524702 300740048378110
0.1225592 -0.012630925 -0.047549322 300740068519607
7.684231E-4 0.051650576 -0.07639045 300740088661157
-0.06499606 -0.0023798272 -0.07829791 300740108802914
-0.01615709 -0.06341231 -0.08947342 300740128944412
0.04922756 0.029157493 -0.09735581 300740149086066
-0.10421936 0.13789836 -0.028754704 300740169227616
-0.32026953 0.06075205 -0.008047633 300740189369321
-0.02735511 -0.06846967 0.069688424 300740209511131
0.28871226 -0.225519 0.17044277 300740229652524
0.028433863 -0.12778834 0.09311493 300740249793917
-0.035622276 -0.010652276 0.052164625 300740269935675
-0.048044335 0.09277373 0.04302884 300740290077120
0.058583334 0.020319086 0.020163856 300740310219503
0.10420246 -0.04457117 0.015356651 300740330361053
-0.026852408 0.06440141 -0.010256965 300740350502758
-0.22726467 0.21661645 -0.048231885 300740370644360
-0.06375836 0.12682888 0.020914659 300740390785336
0.13235718 -0.1471251 0.010253906 300740410926938
0.024259746 -0.28974944 0.01802124 300740431068487
-0.058958426 -0.09352039 -0.01997212 300740451210037
0.043348633 0.031372964 -0.06292625 300740471351691
0.035667345 0.05837552 -0.07350741 300740491493292
-0.046986483 0.18610495 -0.045796 300740511634738
-0.028027117 0.13579243 -0.06303677 300740531776599
0.09475276 -0.023428874 -0.020791782 300740551918046
0.17463773 -0.110532805 0.013765402 300740572059594
-0.0086306445 -0.02171414 -0.0017934642 300740592201248
-0.1700312 0.12980333 -0.0014942102 300740612342797
-0.10436544 0.08269986 0.05111976 300740632484555
0.013959732 -0.075606436 0.082541525 300740652626053
0.060760193 -0.21242471 0.070740275 300740672767654
0.04969012 -0.2094599 0.05345451 300740692909412
-0.050234586 -0.04030531 0.045183778 300740713050805
-0.16465235 0.1350545 -5.915575E-4 300740733192459
-0.0894897 0.25583208 -0.07289761 300740753334112
0.042244017 0.1858192 -0.079775035 300740773475610
0.019713165 -0.0014381991 -0.04735574 300740793617316
-0.0048365556 -0.16401994 -0.03447647 300740813760584
0.0030905604 -0.09987791 -0.05786425 300740833900363
0.014828043 0.04753197 -0.048247233 300740854043162
0.0074252393 0.07900814 -0.020553926 300740874184191
0.09959692 -0.14953956 -0.019536197 300740894325271
0.10666474 -0.17170538 -0.010696333 300740914466769
-0.053369693 0.15074709 0.013881128 300740934609308
-0.15156996 0.15993878 0.09169379 300740954750701
-0.11385605 -0.18371825 0.13824382 300740974892251
0.060490757 -0.28572246 0.056246422 300740995033800
0.09173687 0.019532505 4.7792087E-4 300741015174882
0.022939589 0.12727074 -0.057822112 300741035317159
0.038608413 0.2907454 -0.069335625 300741055458865
-0.0044592023 0.16526787 -0.027278181 300741075600414
-0.14977631 -0.29511786 0.079742596 300741095742016
-0.07290058 -0.43662426 0.12583429 300741115884035
0.13236623 -0.17899407 0.05001307 300741136025323
0.06324542 0.22398716 -0.032160845 300741156167238
-0.10263618 0.16378982 -0.019357055 300741176308370
0.10072533 0.43725455 -0.31031412 300741196449347
0.33391866 0.37992138 0.21404271 300741216590845
-0.3812912 -0.033447213 0.005987931 300741236733227
-0.14437899 -0.53573066 0.15849158 300741256874672
-0.058946855 -0.40138778 0.22413838 300741277015701
-0.069130845 0.24171326 -0.18092978 300741297157304
0.54910797 0.031796828 -0.06608766 300741317299582
