-0.07977158 -0.29538006 -0.044717215 300747903563369
0.13380162 -0.101867504 0.015433397 300747923704763
-0.045512207 0.05604349 -0.14979275 300747943846365
0.033191096 0.101337925 -0.14423764 300747963988019
0.17278208 0.059858322 -0.06866946 300747984129515
0.09366383 -0.08318443 -0.037544638 300748004271117
0.1338602 -0.16947848 0.022345252 300748024412875
0.13509035 -0.20525372 0.05340453 300748044587915
0.020486467 -0.08973345 0.01859227 300748064696651
-0.028049752 0.029143449 0.026763909 300748084837575
-0.075642616 0.19343479 0.006363932 300748104979125
-0.09430763 0.31115794 -0.021530673 300748125120726
-0.11644824 0.16465023 0.028133288 300748145262328
-0.15809846 -0.04750956 0.07105449 300748165403981
-0.106689245 -0.10006042 0.051959027 300748185545531
0.044557948 -0.12130859 0.035833426 300748205687082
0.06556313 -0.15464881 -0.0058536753 300748225828474
0.038411282 -0.14163533 -0.0058520734 300748245970076
0.06563517 -0.006315845 -0.038288064 300748266111885
0.09979345 0.16102311 -0.10178515 300748286253278
0.008233868 0.29995826 -0.11655755 300748306394723
0.024673365 0.15869972 -0.105869435 300748326536221
-0.037757434 -0.025267754 -0.032887045 300748346677823
-0.1329502 -0.09458561 0.0302282 300748366819424
-0.17654687 -0.1377931 0.08471133 300748386961079
-0.07479587 -0.12414017 0.056088664 300748407102627
0.09212378 -0.06172192 -0.008436067 300748427244281
0.08785154 0.09509998 -0.005794904 300748447385830
0.055655643 0.16008434 0.024050899 300748467527432
0.0071417075 0.07981276 -0.010227827 300748487669033
-0.008654929 -0.149973 0.044679523 300748507810687
-0.060448162 -0.14340392 0.042954195 300748527952238
-0.0104796495 0.07267501 -0.031118004 300748548094515
0.10132873 0.13997196 -0.019003937 300748568235909
0.081368856 0.081192255 0.004550319 300748588377510
-0.06597251 0.032882627 0.0022119065 300748608519112
-0.14961725 0.015225416 0.0488649 300748628660244
-0.05355744 -0.028223207 -0.0154911 300748648801898
-7.1615353E-4 -0.15561211 0.010786008 300748668943447
0.005844891 -0.12336652 -0.008190623 300748689085101
0.0836084 0.018694434 -0.043594982 300748709226756
0.10407674 -0.036251195 -0.073227234 300748729368253
0.14439817 -0.0020068586 -0.075476125 300748749509855
0.051680777 0.07929767 -0.02424335 300748769651507
-0.08451013 0.20901692 0.058074087 300748789792953
-0.08161703 0.04541806 0.11016323 300748809934815
-0.08561564 -0.13298798 0.11984299 300748830076625
-0.14418826 -0.29705733 0.10246061 300748850218018
-0.022467595 -4.2678323E-4 0.044469103 300748870359672
0.08584723 0.15881404 0.010306291 300748890501169
0.041191094 0.03833754 -0.07256637 300748910642979
0.07820179 -0.11774041 -0.088389516 300748930784477
0.11801799 0.038933683 -0.049430206 300748950926025
-0.010355521 0.14353436 -0.07564345 300748971067575
-0.025706513 0.10789867 -0.009067733 300748991209333
-0.018141136 -0.061893307 0.039032497 300749011350883
-0.10813351 -0.23521194 0.06735037 300749031492433
-0.15200225 -0.07818814 0.034987263 300749051634033
0.013623944 -0.105629094 0.015286264 300749071775688
0.07655912 -0.064302824 -0.06563923 300749091917393
0.09951103 0.18309999 -0.03890083 300749112058786
0.034799643 0.085585244 -0.0068228776 300749132200804
-0.09386593 0.07494418 0.0056894263 300749152342354
-0.12149752 0.08682345 -0.019910244 300749172484008
0.00391493 0.0073397635 -0.059540555 300749192625713
0.12857874 -0.09923859 0.012215372 300749212767419
-0.027132688 -0.10429655 0.054275326 300749232908916
-0.21251468 -0.083118156 -0.0063688345 300749253050466
-0.03896141 -0.05174075 -0.06288693 300749273191598
0.36641347 0.12471163 -0.018305719 300749293333045
0.19980183 0.11381825 0.04283743 300749313474854
-0.29091194 -0.1334597 0.06969451 300749333616664
-0.2230486 -0.35164973 0.12960625 300749353758162
0.1354608 -0.042587183 -0.012692552 300749373899606
0.24072129 0.3439329 0.0068674088 300749394041104
0.030483397 0.40423334 0.0811107 300749414182965
-0.21949951 0.017130788 0.016646286 300749434324359
