0.01101898 -0.16061279 0.043667756 300754107175921
0.0037450716 0.20278755 0.04460664 300754127317419
0.05475376 0.13131744 0.059714936 300754147459073
-0.07461918 0.115075395 -0.059075683 300754167600726
-0.02680626 0.084037796 -0.10043674 300754187742276
0.030731656 0.16925234 -0.1557532 300754207883825
6.8765134E-4 0.11258202 -0.09935273 300754228025375
-0.043231014 0.029684408 -0.02814433 300754248167028
-0.030057393 -0.09754772 0.035371035 300754268308578
0.048085313 -0.1415571 0.040261295 300754288450283
0.098201886 -0.15527727 0.03248015 300754308592459
0.04097274 -0.09933011 0.0057565346 300754328733956
0.081366636 -0.036843076 0.006349651 300754348875713
0.025229683 0.035808254 -0.017671406 300754369017211
-0.025470924 0.20613736 -0.04169354 300754389159021
-0.12089402 0.3037374 -0.028075483 300754409300362
-0.16882694 0.2268382 0.028651997 300754429441964
-0.12729788 -0.14769997 0.06517129 300754449583982
-0.004600987 -0.3616184 0.06263007 300754469725270
0.060779396 -0.23404066 0.059859782 300754489866456
0.12724979 -0.01433859 0.049558483 300754510007797
0.08461502 0.08786844 0.015899181 300754530149606
-0.038296327 0.04742261 -0.022947084 300754550291156
-0.02751588 0.011912337 -0.040302355 300754570432809
0.07370597 0.058242805 -0.076955065 300754590574255
0.04434052 0.04088872 -0.072704494 300754610715909
-0.124652006 0.14819172 0.023218177 300754630857511
-0.17321011 0.17401764 0.049788635 300754650999060
-0.0011916719 -0.109553725 0.0520937 300754671140818
0.13313799 -0.08702324 0.035439853 300754691282263
0.081684984 -0.028892417 -0.06328751 300754711423969
0.018775027 -0.027495693 0.0061267037 300754731565571
-0.036801398 0.13262954 -0.025536291 300754751707119
0.006961085 0.11180428 -0.010787683 300754771848722
0.069929324 -0.05958219 0.030075893 300754791990426
0.06395626 -0.3106616 0.030988991 300754812131977
0.06346795 -0.1986021 0.003703244 300754832273578
-0.069547124 0.2034774 0.0075614937 300754852415127
-0.22853589 0.23528938 -0.05764229 300754872557303
-0.117666386 0.051419064 -0.01595164 300754892699060
0.14723499 -0.06902653 0.00213876 300754912840557
0.12533703 -0.0691168 -0.018775724 300754932981950
0.06540103 -0.07567772 0.06513964 300754953141777
0.07463345 -0.15365447 0.094704196 300754973283796
0.06456305 -0.1768003 0.040576182 300754993425136
0.037906695 -0.013897337 -0.016955923 300755013566374
-0.099598795 0.16158666 -0.06080863 300755033707871
-0.24078488 0.20068115 -0.072115324 300755053849317
-0.19559707 0.07307226 -0.040719323 300755073991073
0.0056126863 -0.098557055 0.019775173 300755094132571
0.18912978 -0.15570569 0.048432615 300755114274328
0.20213547 -0.08824933 0.009311825 300755134415775
0.10723935 0.0780998 -0.049419567 300755154557325
-0.016033575 0.15513688 -0.059824333 300755174699759
-0.05038267 0.16401914 0.0046450775 300755194841204
0.011052566 0.053896174 0.06670666 300755214982806
0.081607506 -0.13040166 0.10541513 300755235124407
0.16893074 -0.18074048 0.07069492 300755255265904
0.154069 -0.0232375 -0.014417417 300755275407558
-0.1556595 0.17461687 -0.037695624 300755295549160
-0.37652758 0.2111834 -0.03804513 300755315690866
-0.13269047 0.029303353 -0.024190154 300755335832311
0.17188253 -0.22325405 -0.0011532977 300755355973912
0.17899166 -0.2057189 0.016041968 300755376115619
-0.09584208 0.04886678 -0.0422172 300755396257219
-0.18761727 0.2109515 -0.059712004 300755416398769
-0.013251141 0.15530565 -0.051688924 300755436540475
0.20299625 -0.057250015 -0.016551122 300755456682025
0.119083524 -0.11769318 -0.026911154 300755476823782
-0.086317316 0.11255015 -0.02131283 300755496965227
-0.11243547 0.3033226 -0.046923406 300755517106829
0.0018322989 0.19212231 0.028019937 300755537248483
-0.03943688 -0.11583424 0.08924337 300755557389980
0.0026727617 -0.24011418 0.06308875 300755577531113
0.0081268735 -0.13012752 -0.0046762563 300755597672558
0.009451458 -0.013190664 -0.00919421 300755617814317
-0.17363036 0.033972554 0.03758861 300755637956334
-0.21807352 0.14126147 -0.008767646 300755658098040
0.106882885 0.038516134 -0.02771814 300755678239694
0.33414727 -0.08128351 -0.11819785 300755698380670
0.25986516 -0.027140133 0.017023304 300755718522636
0.09899355 -0.06862363 -0.12232082 300755738664082
