-0.007914305 -0.43284118 6.812878 300737450112186
0.5387278 -0.42817092 5.39207 300737470253892
0.2513078 -0.13320917 4.2615767 300737490395389
-0.34994695 0.17854822 3.4065526 300737510537094
-0.30307102 0.3095125 2.6593513 300737530678539
0.1592477 0.21037629 2.1102967 300737550819516
0.28159064 -0.040465623 1.7106932 300737570960962
-0.056250364 -0.21906182 1.4313093 300737591102564
-0.1740881 -0.117396876 1.1000335 300737611244165
0.117391154 0.10413782 0.9108935 300737631385766
0.20078279 0.005524054 0.732176 300737651527421
0.071379036 -0.27609247 0.6802823 300737671669021
-0.16510995 -0.1769224 0.61460155 300737691810623
-0.24713051 0.18051383 0.52956474 300737711952276
-0.1482859 0.22752836 0.48842967 300737732093722
0.050116204 -0.06784631 0.4995808 300737752235480
0.068233065 -0.21843556 0.47952378 300737772377134
0.033414483 -0.12497246 0.48965874 300737792518839
-0.03926021 0.08628344 0.4456874 300737812660336
-0.0761291 0.0747969 0.44349432 300737832801834
0.0784404 -0.2255287 0.55610734 300737852943487
0.4404533 -0.46194047 0.575773 300737873085714
0.60229695 -0.35196465 0.49216062 300737893227369
0.16369112 -0.09963497 0.3827128 300737913368917
-0.23428142 0.10124528 0.28171933 300737933510520
-0.09941918 0.090320334 0.16828981 300737953652172
0.07577445 -0.23585987 0.20257746 300737973793671
0.09601608 -0.5486304 0.20327786 300737993935480
0.014689088 0.53828394 -0.28431064 300738014077081
0.35640416 1.1474051 0.10355018 300738034217797
-0.383996 0.34783453 -0.064779 300738054359763
-0.22684719 -0.50031734 -0.088262044 300738074501105
0.45794475 -0.52856064 -0.022530824 300738094642707
0.1834026 -0.005312875 -0.08427255 300738114784152
0.08957258 0.097285226 -0.0561446 300738134925753
