-0.06957117 0.0038182698 -0.06488348 300744902503982
-0.011604562 -0.34722093 0.010873921 300744922645740
-0.006651204 -0.17338221 -0.023524025 300744942787289
-0.07489773 0.043571312 -0.02083342 300744962888813
-0.16551413 0.21163769 -0.0056130625 300744983030258
-0.12651901 -0.010258682 -0.022320282 300745003171912
0.13258684 -0.14182034 0.025492234 300745023313461
0.15406272 -0.06557242 -0.012608636 300745043455062
0.06192679 0.018072233 -0.066599354 300745063596924
-0.058233254 0.111370094 -0.07492937 300745083738317
-0.04185989 0.14099093 -0.027548175 300745103879919
0.00914601 0.047366813 0.008740035 300745124022197
0.10361627 -0.029347118 0.015927931 300745144163747
0.1792554 -0.01636884 0.005646292 300745164305402
-0.017846558 -0.013619032 -0.040049046 300745184446950
-0.19114421 0.05624681 -0.009396374 300745204588031
-0.23282962 0.119165935 0.004549548 300745224729789
-0.16130902 0.0011858195 0.019875012 300745244871131
0.033012874 -0.15301028 0.05000469 300745265012836
0.23467335 -0.26223046 0.068226874 300745285154385
0.08100393 -0.14527912 0.042970534 300745305295935
-0.0054386593 0.04915312 0.05531221 300745325437589
-0.062796876 0.07157254 0.033898212 300745345579399
-0.061002776 0.029431168 0.023328703 300745365720843
0.07361398 -0.02957398 0.019102335 300745385862393
0.20988014 0.007079892 -0.009832371 300745406004567
0.111897185 0.05527609 -0.063929446 300745426146169
-0.1786927 0.09440822 -0.051420063 300745446287718
-0.16336071 0.17337722 -0.002567459 300745466429372
-0.049866207 0.0057790354 -0.0070998087 300745486571131
0.069264024 -0.06919514 0.0125243105 300745506712471
0.07434329 -0.009774849 0.0045991438 300745526854125
-0.13578719 0.02148921 -0.010377856 300745546995726
-0.15236375 0.056383036 -0.013469864 300745567137485
0.046264205 0.12128204 -0.055598192 300745587279033
0.112594925 0.03434965 -0.03347536 300745607420115
-0.018070092 -0.060000215 0.011494119 300745627561612
0.032527585 -0.040803157 0.022803709 300745647703265
0.105954155 -0.05037791 0.059943035 300745667844764
0.0824963 -0.09446343 0.04257017 300745687986521
-0.040197738 -0.10502881 -3.4416746E-4 300745708127914
-0.0823707 -0.00859338 -0.02877951 300745728269672
-0.02364789 0.17412919 -0.064280584 300745748411169
-0.031812795 0.18694244 -0.020707157 300745768553239
-0.16542858 0.051223777 -0.012977209 300745788694425
-0.117177844 -0.15763867 -0.030383658 300745808836287
0.19939102 -0.2754288 0.016087517 300745828977836
0.08222519 -0.08239153 0.0115160085 300745849119177
-0.1383206 0.13668568 -0.07833891 300745869260882
-0.009146206 0.16722782 -0.047964714 300745889402328
0.16419151 0.10806185 -0.0060372353 300745909544034
0.06556984 0.06241887 0.098413706 300745929685635
-0.211133 0.13778198 0.13472837 300745949827237
-0.0874797 -0.107442215 0.1827059 300745969968891
0.112399854 -0.43208706 0.16895549 300745990110440
0.24490058 -0.4824687 0.101295754 300746010252093
0.0031765653 -0.041980937 -0.035859384 300746030393695
-0.2583562 0.39071175 -0.07896981 300746050535140
-0.28489503 0.37650788 -0.0896057 300746070676898
-0.05338278 0.192377 -0.10641424 300746090818343
0.02370806 -0.08938675 -0.08363824 300746110960309
-0.012757033 -0.14273527 -0.08684309 300746131102224
-0.00678052 0.09695362 -0.09252688 300746151243721
0.11000182 0.1069482 -0.06203652 300746171385480
0.23325565 -0.038469277 -0.04392291 300746191526872
0.17765856 -0.2123056 -0.013170242 300746211668682
-0.039020523 -0.023188792 -0.047902167 300746231810440
-0.10546422 0.31535134 -0.03528366 300746251951729
-0.029427461 0.23062548 0.07374939 300746272093748
-0.09417936 0.0024158042 0.008922429 300746292235193
0.08562757 0.16197965 -0.051616017 300746312376899
0.4716614 -0.28528315 0.32676163 300746332518499
-0.32238114 -0.6321993 0.014780894 300746352659945
0.024883747 -0.9700918 0.2946658 300746372800817
0.17288001 -0.32087612 0.15825441 300746392942575
-0.09626131 0.46614766 -0.14999194 300746413084645
-0.018681288 0.5525535 -0.21457173 300746433225831
