-0.89610636 0.925772 -1.0742061 300757289567298
-1.5469567 0.5202789 -1.2564634 300757309708743
-0.5813821 0.5477722 -1.1844101 300757329850293
0.0060082674 0.75406593 -1.0513889 300757349991894
0.21997619 1.1738919 -0.8407352 300757370133496
0.28300804 1.2298557 -0.50189483 300757390275045
0.28983533 0.5673799 0.13853168 300757410416803
0.29389018 0.011308819 0.6644628 300757430558300
-0.015119463 -0.8206232 1.0204699 300757450700684
0.10203642 -1.4339359 1.0645894 300757470842180
0.22329408 -1.8019228 1.011459 300757490983939
0.3265575 -1.4898194 0.6526935 300757511125435
0.20682776 -0.36913517 0.13357818 300757531266829
-0.16164507 0.7636265 -0.2605062 300757551408067
-0.59578043 1.2146851 -0.49645132 300757571549667
-0.6818404 1.0125121 -0.6074201 300757591691217
-0.5434102 0.5403006 -0.7308747 300757611832818
-0.25981182 0.1673527 -0.79023486 300757631974576
0.12248632 0.1682132 -0.72361994 300757652116438
0.3711477 0.52492136 -0.6719555 300757672258145
0.26174977 0.44369525 -0.5637768 300757692399641
0.0899051 -0.14223552 -0.37133488 300757712540774
0.2394135 -0.84530115 -0.23577605 300757732685241
0.37903363 -1.137477 -0.15723664 300757752824081
0.22599806 -0.40794343 -0.21719019 300757772965631
-0.13404085 0.5249398 -0.39844847 300757793107128
-0.36412168 0.79211545 -0.393695 300757813248730
-0.4115969 0.48318616 -0.35139215 300757833390644
-0.34348464 0.031629607 -0.30097607 300757853531933
-0.03356765 -0.16635878 -0.3171017 300757873810618
0.10804527 -0.15406138 -0.36324403 300757893815449
0.10928091 0.17967561 -0.3854 300757913956686
-0.042068243 0.6513545 -0.37556076 300757934098496
-0.19238761 1.013699 -0.3606332 300757954239994
-0.1091322 1.0493144 -0.22967714 300757974381751
0.0014781952 0.6113769 7.544607E-4 300757994523145
0.1357074 -0.10490464 0.20040455 300758014664693
0.54368085 -0.7980655 0.47020054 300758034806295
0.69625247 -1.0181248 0.6525786 300758054947897
0.32174003 -0.86046386 0.6653044 300758075090852
-0.026158571 -0.66508204 0.61251944 300758095232299
-0.18936688 -0.5155914 0.46562684 300758115373794
-0.08419649 -0.24997406 0.29724255 300758135514824
-0.0534588 0.06512313 0.093893565 300758155656425
-0.30632174 0.3394297 -0.088955514 300758175797610
-0.32884434 0.41877583 -0.22283491 300758195939212
0.09649233 0.23416758 -0.2548219 300758216080761
0.34224486 0.14799863 -0.27995297 300758236222676
0.46067613 0.08281419 -0.2659186 300758256364381
0.13228038 0.17577255 -0.22217181 300758276505722
-0.12233217 0.16406554 -0.15863071 300758296647219
0.024422092 0.04777244 -0.1011194 300758316788769
0.14821424 -0.066068366 -0.0099635795 300758336930474
0.13403384 -0.20375511 0.059289806 300758357071972
-0.017811045 -0.21977869 0.11974603 300758377213626
-0.07718673 -0.014497585 0.10606934 300758397355228
-0.06564477 0.026257401 0.113099195 300758417497246
0.11450688 -0.023758989 0.111363836 300758437638482
0.12561083 -0.12571804 0.085035264 300758457780032
0.08054568 -0.11024359 0.052097656 300758477922206
-0.25570562 0.06705402 0.02076304 300758498063913
-0.2785909 0.17407663 -0.036487807 300758518205462
-0.047095962 0.24829957 -0.09023318 300758538347064
0.1622716 0.16667002 -0.02145084 300758558488718
0.044279512 -0.1391215 -0.031374916 300758578630162
-0.17432427 -0.22310105 -0.019425906 300758598771243
-0.13289954 0.014030274 -3.7342682E-4 300758618913834
0.033507705 0.22290921 -0.007414585 300758639055124
0.10557924 0.057009015 0.07320583 300758659196724
0.08056861 -0.28964275 0.07230062 300758679338275
0.19476488 -0.27102682 0.06380928 300758699479876
0.13291813 0.06977649 -0.052691143 300758719621529
0.0074206144 0.39635786 -0.115684465 300758739763079
-0.14656956 0.4342207 -0.06418272 300758759904785
-0.024563523 -0.040619705 -3.734813E-4 300758780046283
0.040519297 -0.36181608 0.004636705 300758800187415
-0.0908701 0.07555279 -0.10628552 300758820328809
0.16331834 0.37274247 -0.10550973 300758840470619
0.24192187 0.11962677 0.17793146 300758860612116
-0.3069608 -0.4207688 0.10370064 300758880753614
-0.04005009 -0.4898069 0.22282329 300758900895266
-0.07319521 -0.07630053 0.10708475 300758921036816
-0.14109084 0.30996373 -0.18151987 300758941178574
0.27479422 0.47511074 -0.07345435 300758961320020
0.28356233 0.2948972 0.25465357 300758981462402
