0.025197145 -0.06852836 0.023372073 300642462305289
0.27501607 0.13845284 -0.052963126 300642482446736
0.14435926 0.17331815 -0.10724639 300642502588285
-0.22355537 0.0718238 -0.13053298 300642522729990
0.041486338 -0.22474593 0.09486273 300642542871488
0.022125125 -0.11520159 0.034309946 300642563013245
-0.030723643 0.019555511 -0.0068000024 300642583154796
-0.13421142 0.16926536 -0.02214351 300642603296344
-0.20018843 0.20561276 -0.027983822 300642623437843
-0.22297473 0.0035091415 0.012272418 300642643580433
-0.19229487 -0.11680642 0.01406574 300642663721097
-0.015288208 -0.099673636 0.043923475 300642683862699
0.06492143 -0.010423798 -0.011277111 300642704004561
-0.17967187 0.08497521 -0.01407744 300642724145850
-0.26324773 0.121655785 -0.0076204166 300642744287451
-0.048509024 0.047104064 0.05607926 300642764429157
0.2007131 -0.20801935 0.08045741 300642784570863
0.1986278 -0.21978204 0.051129147 300642804712360
0.13220377 -0.15231602 0.015278004 300642824854223
0.017273339 -0.034325913 -0.06499538 300642844995511
0.027957551 0.17501137 -0.04175824 300642865137165
0.03491027 0.1673167 -0.0626801 300642885278662
0.08040471 0.02262251 0.010659253 300642905420525
0.07298328 -0.106176 0.06447982 300642925561917
0.021074817 -0.123001784 0.07554916 300642945702947
-0.07202642 -0.072689824 0.055765413 300642965844391
-0.04588622 0.020753758 -0.0031315256 300642985985993
0.01062949 0.08950218 -0.033575512 300643006127595
0.024549995 0.00463624 0.007853702 300643026269248
0.033863574 -0.062199473 -0.0117983855 300643046410850
-0.16809559 0.15618742 -0.081170924 300643066552347
-0.15125741 0.17936534 -0.10200239 300643086694521
0.10016656 0.0030903593 -0.0013401238 300643106836123
0.08927976 -0.035046637 -0.026881808 300643126977673
0.071504064 -0.07515756 -0.00926297 300643147119222
0.013910249 -0.18165147 0.011244722 300643167260876
-0.0030277893 -0.27112532 0.026945136 300643187402477
0.014826858 -0.16767316 0.036663417 300643207543766
0.010866033 0.104721755 0.007210953 300643227685316
0.02811125 0.3749262 -0.08558138 300643247826865
-0.14700007 0.28698185 -0.0043110624 300643267968467
-0.19099337 -0.045341335 0.11053274 300643288110016
-0.05870471 -0.35910702 0.13828862 300643308251670
0.042824626 -0.23212895 0.070812255 300643328393272
-0.007030067 0.046375107 -0.029355967 300643348534926
0.06292434 0.091553256 -0.064991996 300643368676475
0.010984255 0.11989889 -0.054397844 300643388818232
-0.030350294 0.054816004 -0.04762347 300643408959626
0.016481247 -0.047994558 -0.023334205 300643429101331
0.10700202 -0.122698195 0.033818074 300643449242881
-0.06676605 -0.179313 0.016358204 300643469385212
0.1356525 -0.04560271 -0.055370815 300643489526657
0.13777718 0.3456238 -0.19256994 300643509668520
0.16950326 0.6918011 -0.24006641 300643529809912
0.09366299 0.6660452 -0.08250861 300643549951514
-0.28805783 0.19469038 -0.02502288 300643570093167
0.13442115 -0.7592977 0.111085206 300643590234926
0.37143493 -1.2688041 0.38239053 300643610375641
-0.019554257 -0.6816136 0.29709518 300643630517608
-0.2311357 0.27780995 -0.07447524 300643650659001
-0.13260914 0.6177225 -0.24827221 300643670800499
0.12682863 0.26998943 0.092845425 300643690942413
