0.27633786 0.1546284 -0.04420168 300746453368005
0.07244833 0.1294226 -0.0685519 300746473509555
-0.051369786 0.13826025 -0.045012757 300746493651208
-0.1102895 0.18399931 -0.079388276 300746513793122
-0.047462903 0.31279683 -0.23019628 300746533934308
0.08660527 0.23398304 -0.062103897 300746554075856
-0.04758022 -0.08154073 0.030178381 300746574217406
-0.13196215 -0.3136129 0.10088773 300746594359164
-0.020892888 -0.2974897 0.12256281 300746614500765
-0.038742084 -0.07172167 0.07873628 300746634642368
-0.042083517 0.03605649 0.054782476 300746654783969
-0.044461742 0.051117346 0.04034873 300746674925518
-0.07936488 0.13272423 0.018470053 300746695066963
-0.09109667 0.1227926 0.014173165 300746715208721
-0.019729618 -0.11315682 0.02087389 300746735350271
0.09258079 -0.1970142 0.033149816 300746755491351
0.051190987 -0.02125337 -0.017737271 300746775632850
-0.015210306 0.06366642 -0.049202643 300746795774607
-0.031054819 -0.007517482 -0.03415883 300746815916886
-0.0821701 -0.12619406 -0.039608262 300746836058174
0.055874698 -0.086828545 -0.03580892 300746856199984
0.093476586 0.1128953 -0.003903265 300746876341533
-0.016516503 0.16514745 -0.043211587 300746896482979
-0.042789005 0.14595382 -0.045823745 300746916624112
0.0069274455 0.09128466 -0.01439141 300746936765818
-0.019831726 -0.006755438 7.8817806E-4 300746956907264
0.003590189 -0.20108931 0.050265893 300746977048916
0.061754074 -0.24789315 0.06260098 300746997190518
0.0014560791 -0.011827853 0.027031716 300747017332120
-0.0941085 0.13507348 0.022150882 300747037473721
-0.04741867 0.100613505 0.062322192 300747057615375
-0.008918632 -0.08193987 0.08547296 300747077757445
0.05718296 -0.19012865 0.050866164 300747097900453
0.061716527 -0.050994307 0.01237504 300747118040127
-0.0054459535 0.09907911 -0.019551344 300747138181677
-0.058568217 0.1944901 -0.07968876 300747158324007
0.023863979 0.18465605 -0.0970799 300747178465401
0.05955768 -0.0025449768 -0.06888103 300747198606585
0.02769515 -0.026505962 -0.0500366 300747218748188
-0.10828744 0.0046638697 -0.036271714 300747238889686
-0.026345752 0.049633935 -0.06939173 300747259031286
0.060652077 -0.11785677 2.4642795E-6 300747279172941
0.115932 -0.11929585 0.033113316 300747299314646
-0.07337866 0.0019604713 -0.016752508 300747319456248
-0.10005228 0.060291104 0.05361605 300747339597692
0.04075689 0.0658013 0.05916506 300747359739399
-0.018540245 0.005118121 0.06710509 300747379881104
-0.09842604 0.09881117 0.05125576 300747400022550
-0.05094937 0.04413784 0.007722941 300747420164151
0.018129263 -0.10132514 0.037031524 300747440305909
-0.011410616 -0.0657849 0.029715726 300747460447510
0.09509319 -0.049119677 -0.031969294 300747480588903
0.013004126 -0.04338489 -0.062111087 300747500730714
-0.06945396 0.12812805 -0.10340575 300747520872315
-0.052673265 0.31008086 -0.090777665 300747541013760
-0.15761395 0.2841707 -0.02109095 300747561155936
-0.16465928 -0.08793978 0.08976655 300747581297380
-0.10114589 -0.5463042 0.135328 300747601439243
0.1922778 -0.4309334 0.017259456 300747621580739
0.3046333 -0.017782032 -0.08845969 300747641722498
0.16302599 0.37747467 -0.10587419 300747661864047
-0.091524966 0.45861837 -0.065861486 300747682005700
-0.3021256 0.42979765 -0.26254785 300747702147041
0.4361156 0.0480237 0.08321354 300747722288123
0.2929957 -0.18300906 0.25769943 300747742429985
-0.052280337 -0.8841441 0.2007479 300747762571534
-0.09837341 -0.52778596 0.26403347 300747782713032
-0.18815379 0.19018236 0.065867975 300747802854633
-0.21825951 0.5487946 -0.14231089 300747822996755
-0.17131886 0.5246586 -0.12633239 300747843138409
0.039956443 0.10217969 0.153611 300747863279958
-0.16292492 -0.090167806 0.018854592 300747883421560
