0.19379096 -0.591593 -0.35033557 300657528224871
0.52233624 -0.50273603 -0.33360654 300657548366266
0.36044133 -0.09043915 -0.4535576 300657568507971
0.15850918 0.1277895 -0.48227504 300657588649469
-0.2927584 -0.14411461 -0.23621017 300657608791122
-0.09152451 -0.427706 -0.13505884 300657628932672
-0.18532819 0.14893857 -0.28561795 300657649074221
-0.3969262 0.4623684 -0.37262547 300657669215926
-0.6254222 0.55351603 -0.5274643 300657689357476
-0.10815945 0.27525112 -0.5024082 300657709499025
0.2652728 0.08291773 -0.488937 300657729640731
0.27968302 0.10194846 -0.452926 300657749782228
-0.060232326 0.31295386 -0.37624058 300657769923883
-0.12446295 0.5144717 -0.33262783 300657790065431
0.17319378 0.795823 -0.23791398 300657810206929
0.21423948 0.77789056 -0.07658649 300657830348063
-0.11480208 0.1723937 0.18148191 300657850489664
0.025192231 -0.5692036 0.4732122 300657870631213
0.20129052 -0.87872076 0.65419817 300657890772762
0.035886824 -0.7774716 0.72303057 300657910914364
-0.120372236 -0.7187972 0.64519227 300657931056746
-0.05101949 -0.6798047 0.5253907 300657951198244
0.12869419 -0.39699927 0.32222018 300657971339846
0.14594774 0.024511158 0.083942175 300657991481552
-0.10136734 0.49085718 -0.13120396 300658011623310
-0.081712484 0.48665112 -0.13816957 300658031764702
-0.07548004 0.29102516 -0.1628246 300658051906513
0.06463458 0.02870072 -0.10929327 300658072047853
0.31583926 -0.026115507 -0.15135354 300658092188934
0.36486036 -0.044125363 -0.15350884 300658112330379
0.18869373 -0.10517398 -0.12492223 300658132472033
0.069092914 -0.036761604 -0.14612114 300658152613583
0.049828183 0.10229109 -0.12375087 300658172755236
0.019371532 0.12917435 -0.03178404 300658192896786
0.061267503 -0.06546727 0.08963243 300658213038491
0.13477919 -0.27319333 0.16359146 300658233180198
0.030521452 -0.115369186 0.13335685 300658253322111
-0.16540103 0.19288537 0.07668432 300658273463661
-0.19317071 0.17599632 0.06975985 300658293604794
-0.026076004 -0.06479459 0.098881036 300658313746395
0.04429681 -0.12986393 0.065936446 300658333887998
-0.05459358 0.006463051 0.0054199444 300658354029703
-0.18117927 0.13632472 -0.0046232305 300658374171252
-0.14507392 0.15068597 -0.050375015 300658394312749
0.078456074 0.05097548 -0.0840157 300658414454455
0.2046399 0.0105271265 -0.0932888 300658434596733
0.12875313 -0.11230638 -0.07316831 300658454737763
0.008297514 -0.10926524 -0.068001166 300658474879260
-0.05908896 0.09760707 -0.043184407 300658495020861
-0.11170329 0.15942006 -0.06682749 300658515162515
0.025272407 0.07237652 -0.028088894 300658535304116
0.086858 -0.046385624 0.018693395 300658555445614
-0.067071326 -0.06919283 0.024228297 300658575587267
-0.119686276 0.038243815 -0.015821451 300658595728921
0.04032813 -0.060552888 0.043111537 300658615870367
-0.5414438 0.86956227 -0.60568124 300658636012229
0.57983977 0.5892905 0.23144431 300658656153622
-0.25311682 -0.14214422 -0.15488453 300658676296161
0.05139464 -0.69877005 0.20467377 300658696437450
0.042381376 -0.6376979 0.29012525 300658716579312
0.0023203567 -0.09739513 0.15282807 300658736720392
-0.027764454 0.43713516 -0.034413263 300658756861629
-0.34302017 0.5896875 -0.39153862 300658777003283
0.45571715 0.11655186 0.4136995 300658797144885
