0.029394962 0.1781802 -0.39894485 300743150185375
-0.094701335 -0.30306137 -0.07347034 300743170326977
-0.07915108 0.0027937815 -0.11130214 300743190468578
-0.013161108 0.39734235 -0.074725434 300743210610128
-0.21717376 0.41857663 -0.056286618 300743230751730
-0.085730374 -0.24632967 0.012727063 300743250893331
0.28878367 -0.7806452 0.11661963 300743271035141
0.30658782 -0.43306193 0.062767096 300743291176742
0.026120583 0.0908239 -0.0098688565 300743311318605
-0.20838839 0.45158356 -0.053913385 300743331459738
-0.20570178 0.2930093 -0.008087598 300743351601235
0.05103233 0.037283227 0.026738813 300743371742837
0.22850193 -0.17618988 0.064396545 300743391884125
-0.03619696 -0.10035475 0.037834845 300743412026197
-0.21949074 0.087297544 0.041396216 300743432167641
-0.16842924 0.060982503 0.056228064 300743452308826
-0.041072085 -0.20040588 0.07364794 300743472450428
0.08542112 -0.27719173 0.011322591 300743492592082
0.009965759 0.10651255 -0.07353194 300743512733578
-0.062364995 0.337846 -0.10871708 300743532875232
-0.052143656 0.37682685 -0.07275608 300743553016887
0.021161005 -0.0030182963 0.009468949 300743573158487
0.057133906 -0.492028 0.08626938 300743593300559
-0.083517715 -0.56141424 0.09806759 300743613442055
-0.027138043 -0.07939051 0.018649116 300743633583813
0.039342023 0.26132235 -0.050924093 300743653725362
0.024526253 0.31269637 -0.035308957 300743673867120
0.006634511 0.26898503 -0.043971334 300743694008462
-0.018897725 0.024155222 -0.03462833 300743714149647
-0.12923911 -0.16141777 0.016180566 300743734291249
-0.044501305 -0.17541485 0.05884476 300743754432901
0.040441133 0.027442466 -0.018859101 300743774574399
0.07845158 0.08443284 -0.03285668 300743794716000
0.030353671 0.0378574 -0.024705544 300743814857603
-0.1356572 0.1082817 -0.063472815 300743834999777
-0.15485612 0.10378257 -0.016552228 300743855141326
0.020477116 0.013391468 0.042518735 300743875282460
0.12173484 -0.23257415 0.043509584 300743895423956
0.08250477 -0.22349378 -0.0038745217 300743915565663
0.07833268 0.06493614 -0.030928213 300743935707263
0.0099331215 0.17364678 -0.061964698 300743955848865
0.05871652 -0.03708076 -0.034584668 300743975990466
0.057425812 -0.16192386 0.027537106 300743996132485
-0.08429765 -0.013263296 0.0018384885 300744016273775
-0.18065438 0.14678456 0.0016923957 300744036415324
-0.16102028 0.2120265 0.018606715 300744056557394
-0.06282091 0.049679242 0.09867671 300744076698943
-0.007398188 -0.19790828 0.10859822 300744096840858
0.15210906 -0.25202966 0.09156215 300744116981782
0.20943083 -0.10929548 0.023342106 300744137123384
-0.018316671 0.18085693 -0.058980495 300744157265036
-0.11531659 0.30197483 -0.0744502 300744177406586
-0.018015712 0.087948024 -0.03673824 300744197548137
0.07494274 -0.19495833 -0.008025181 300744217690206
0.13520515 -0.24157229 -0.028068647 300744237831757
0.08715922 -0.05707917 -0.052192528 300744257973618
-0.13198796 0.16283217 -0.06026034 300744278115011
-0.24704826 0.25144073 -0.042743053 300744298256560
0.016735949 -0.034387015 -0.0020640073 300744318398267
0.21817571 -0.21283162 0.028094672 300744338540024
0.07328476 -0.07107134 -0.024248479 300744358681521
-0.10371852 0.12330663 0.0055192932 300744378823019
-0.14861193 0.19319662 0.025851421 300744398964725
0.14306949 -0.018362127 0.15735197 300744419106327
0.24619065 -0.19915928 0.11809289 300744439247928
0.0291166 -0.26339117 0.029684333 300744459389633
-0.026966982 -0.01297935 0.054912332 300744479530974
-0.020731192 0.1731983 0.010893535 300744499672732
-0.020227075 0.14505285 -0.068544395 300744519814230
-0.07026709 -0.092329524 -0.047872953 300744539955935
-0.14066401 -0.015100572 -0.058489665 300744560097433
-0.1841253 0.072039485 -0.0027453676 300744580239138
-0.068386406 0.08237729 0.0014813226 300744600380792
0.27765316 -0.08048602 0.07391389 300744620522289
0.29283655 -0.32125762 -0.03690558 300744640663892
0.19231182 -0.07396637 -0.0874716 300744660805546
-0.038139448 0.26731786 -0.2069581 300744680947094
-0.28243414 0.40936595 -0.17549738 300744701088176
-0.5370629 0.24344443 -0.023431323 300744721229620
-0.77315426 0.20842022 -0.11920541 300744741371378
0.5215859 0.062111154 0.42610282 300744761513552
0.8174157 -1.0853629 0.12649342 300744781654946
1.132827 -0.887313 0.35577917 300744801796495
0.16176264 0.014822759 0.12933993 300744821937941
-0.73142743 0.371671 -0.23296233 300744842079855
-0.77624404 0.3977426 -0.4271886 300744862221404
0.044368476 0.46052206 0.23433115 300744882362954
