0.18711035 -0.60525787 0.11476979 300654970241265
0.018755 -0.08986615 -0.024359826 300654990383023
-0.11593595 0.32242468 -0.13564526 300655010524416
-0.17677867 0.28347775 -0.087858245 300655030666017
-0.11934782 0.028883196 0.038007565 300655050807620
0.30315736 -0.19305538 0.1538794 300655070949221
0.28733397 -0.33725643 0.130638 300655091090875
0.216694 -0.2524951 0.079232916 300655111232425
0.037179008 0.10110237 -0.01676437 300655131373609
-0.16746025 0.27146235 -0.055197258 300655151514950
-0.25759795 0.08879757 -0.03091177 300655171656604
-0.13585103 -0.11563366 0.015540033 300655191798205
0.05612055 -0.07140946 0.015525448 300655211940431
0.0193954 0.09800362 -0.048783753 300655232082137
-0.09551272 0.091545746 -0.032399368 300655252223688
-0.03197967 -0.035347156 -0.0040473687 300655272365236
0.11348182 -0.088938184 -0.042320278 300655292506214
0.15549164 -0.04263558 -0.042028915 300655312647710
0.1124598 0.0852382 -0.059948653 300655332789468
0.06483471 0.2188702 -0.10602668 300655352931121
-0.0032889694 0.22321945 -0.058277123 300655373072723
-0.18422979 -0.025406688 0.052503303 300655393214222
-0.18925431 -0.22734562 0.112026826 300655413355770
-0.009932697 -0.2788034 0.12622921 300655433497372
0.21181987 -0.1466344 0.07492215 300655453639025
0.042837195 0.053399876 0.0063726003 300655473780679
-0.23892815 0.21584594 -0.09339728 300655493922384
-0.2947535 0.20933464 -0.10204575 300655514063831
-0.03545719 0.041537065 -0.0053114314 300655534205432
0.27799886 -0.32419255 0.05486133 300655554347033
0.39814323 -0.44905415 0.044478796 300655574488792
0.19801354 -0.18357418 0.004747167 300655594630913
-0.06568602 0.29167986 -0.053154852 300655614772568
-0.16511708 0.4015458 -0.049250826 300655634914585
-0.15863734 0.13301769 0.021933936 300655655055770
-0.15904443 -0.22616789 0.089583874 300655675197216
-0.10657254 -0.19453686 0.048097696 300655695338244
0.03986578 0.18413423 -0.014264297 300655715480003
0.093964115 0.22143829 -0.03521596 300655735621447
-0.05827774 0.08313682 0.016240122 300655755762997
-0.09935418 -0.23624186 0.051534347 300655775904598
-0.08691444 -0.29950598 0.05799284 300655796046304
0.059254102 -0.25299448 0.0010866597 300655816187905
0.15787949 -0.21931638 -0.05756496 300655836329767
0.200804 0.079981506 -0.0714932 300655856471837
-0.007971843 0.31543887 -0.083159 300655876613022
-0.0934936 0.38407776 -0.06589132 300655896754520
-0.10438359 0.15160787 0.039947588 300655916896226
-0.028439514 -0.27865237 0.16968149 300655937037828
-0.008020069 -0.314126 0.06260094 300655957179689
-0.21140222 -0.010639707 0.04130901 300655977321239
-0.08445048 0.13562554 -0.00742805 300655997462944
0.10543057 0.11128083 -0.05950813 300656017604442
0.12141723 0.09707753 -0.062241975 300656037745835
-0.017711388 0.016403183 0.0074597653 300656057887228
0.06609286 -0.26425046 0.04802737 300656078029560
-0.035547208 -0.3218203 -0.002634786 300656098170223
-0.007864382 0.33613023 -0.10061674 300656118311825
0.36119846 0.33441424 0.073708475 300656138454103
-0.020486243 0.39161116 -0.17232168 300656158595653
-0.12050848 -0.4248178 0.11084435 300656178737306
0.08324632 -0.54028887 0.06752815 300656198878908
0.07801737 -0.04548993 -0.04647629 300656219020510
0.0535812 0.29220733 -0.1539745 300656239161434
0.047988407 0.13490546 -0.11298627 300656259302984
0.030894594 -0.10261009 0.15667103 300656279444637
-0.20623234 -0.04768472 -0.035875253 300656299586239
