-0.1595764 -0.15088546 0.025651623 300751065794554
0.037123453 -0.29367092 0.010242671 300751085936573
0.1620251 -0.162015 -0.084852956 300751106077811
0.12706828 0.122795284 -0.108636126 300751126219463
0.031424195 0.2839185 -0.066331916 300751146360961
0.011643305 0.1773901 -0.064278215 300751166502563
0.03618687 -0.06308263 -0.008375512 300751186644425
0.042550478 -0.22767031 0.031166855 300751206785765
-0.06162627 -0.0799903 0.013866955 300751226927419
-0.014511544 0.16229238 0.0023508929 300751247068812
-0.00114692 0.2708839 -0.02210519 300751267210518
-0.013585935 0.06425496 -0.0067713186 300751287352589
0.0031062216 -0.1874025 0.0016443804 300751307493773
0.052016914 -0.12096278 -0.04920078 300751327634854
0.070304014 0.009064049 -0.01488329 300751347776507
-0.004555177 0.07797152 -0.014604797 300751367918162
-0.03306856 -0.0535421 0.0034996583 300751388059606
-0.052068193 -0.20705105 0.04953909 300751408201885
-0.035672963 -0.09796435 0.047120765 300751428343175
0.049031623 0.09533797 0.026451286 300751448484619
-0.047405526 0.22050716 -0.009497255 300751468626014
-0.106186956 0.20491502 -0.016390078 300751488767771
-0.054297127 -0.08009924 0.03250286 300751508909268
-0.0037268847 -0.30699283 0.065266445 300751529050869
0.0044603795 -0.17742743 0.001993429 300751549192784
0.044435963 0.10407002 -0.030212203 300751569334125
0.07500528 0.2476138 -0.05942787 300751589475831
-6.2232465E-4 0.07346829 0.008308589 300751609617381
-0.08328275 -0.12820962 0.00813945 300751629758878
-0.042462073 -0.17607076 -0.013892051 300751649900480
0.11993537 0.054652423 -0.024489835 300751670042080
0.16756044 0.118987426 -0.0029021017 300751690183682
0.051759966 -0.12751873 -0.027670437 300751710325335
0.02505181 -0.17286581 -0.022886507 300751730466885
0.016730735 -0.003075742 -0.022959417 300751750609164
-0.05954512 0.15113275 0.0057048947 300751770750505
-0.051301144 0.08222145 0.057355344 300751790891950
0.0043333936 -0.13829918 0.105912805 300751811033396
-0.037496738 -0.1346038 0.06261615 300751831175206
-0.057116747 -0.01280492 0.014826688 300751851316702
-0.05707808 0.13567865 0.036078878 300751871458201
-0.08587492 0.10106043 0.021224268 300751891599750
-0.03381858 -0.0551866 -5.469937E-4 300751911741404
0.018872544 -0.14897232 -0.016307205 300751931882953
-0.05813408 0.007973347 -0.048637126 300751952024607
-0.108325236 0.17068072 -0.08571763 300751972166156
0.0683313 0.13945602 -0.04762448 300751992307966
0.0719505 -0.0078373365 0.017575584 300752012449307
0.0121058 -0.20797461 0.047903087 300752032591013
0.07124445 -0.12790503 0.03448179 300752052732511
0.07654074 0.061910205 -0.020069385 300752072874164
0.02407774 0.059018165 -0.03502612 300752093015713
0.008484773 -0.056422897 -0.05148358 300752113157419
0.026562156 -0.0870665 -0.057510428 300752133299021
-0.041018903 0.18202129 -0.020484822 300752153440518
-0.16973957 0.34878615 0.052738793 300752173582224
-0.23767191 0.12539127 0.039274894 300752193723722
0.08573789 -0.31934527 0.031180162 300752213865375
0.26575398 -0.41238332 0.07123898 300752234006977
0.06355536 -0.13276455 8.475594E-4 300752254148787
-0.06649787 0.039160594 -0.082850754 300752274290700
-0.086186096 0.15687516 -0.1954075 300752294432146
0.1487636 0.284361 -0.025362708 300752314573330
0.2576637 0.27160645 -0.0016814396 300752334715037
0.17388548 -0.19016427 -0.005485542 300752354856533
0.0015399605 -0.30367446 0.13673604 300752374998239
-0.15933754 -0.08267621 0.082524136 300752395139842
-0.098634645 0.107451946 0.14388438 300752415281390
-0.0400062 0.012757792 0.07947854 300752435422993
-0.07835744 -0.13954017 -0.028158013 300752455564542
0.020734023 -0.06924565 0.15417804 300752475706091
