-0.2625992 -0.21280655 0.083424464 300646490622007
-0.0337412 -0.07117868 0.05946002 300646510763557
0.08786879 0.0014297403 0.021253709 300646530905055
-0.017206592 -0.07239976 -0.06350363 300646551046552
0.265382 -0.300774 -0.03764952 300646571188154
0.14881171 -0.13070609 -0.041161984 300646591329755
-0.04548616 0.10276033 -0.056877494 300646611471408
-0.098393194 0.26923972 -0.06827212 300646631613011
-0.07687786 0.220738 -0.033942755 300646651754559
-0.053525504 -0.13853407 0.036879297 300646671896369
0.13105132 -0.1691267 0.112303734 300646692037815
0.09714003 -0.13673258 0.072881676 300646712178791
-0.018087633 0.19313523 -0.013540715 300646732320393
-0.08931765 0.35457182 -0.058696434 300646752461890
-0.069581546 0.121511094 0.006594386 300646772603596
-0.07111893 -0.22234789 0.10159625 300646792745145
0.062130943 -0.39047354 0.117862314 300646812886851
0.14069039 -0.2390039 0.12081897 300646833028400
0.033913225 0.0631842 0.013803074 300646853169899
-0.08684241 0.28592595 -0.07172293 300646873311760
-0.071337305 0.36003155 -0.13339807 300646893453257
0.009597063 0.15708002 -0.10820336 300646913594860
0.03414362 -0.14166524 -0.0323773 300646933736565
0.017476484 -0.19801599 0.0403291 300646953877958
-0.06716099 0.042133234 -0.053492904 300646974019767
-0.05418814 0.16656438 -0.07635682 300646994161161
0.0054536136 0.023378458 -0.006220652 300647014302868
0.07261619 -0.12956962 0.010129552 300647034444364
0.092154935 -0.06770563 0.03882641 300647054586070
-0.008223743 0.004717683 -0.006886528 300647074727567
-0.1377102 -0.07895488 -0.009097336 300647094869117
-0.0116619095 -0.1311561 0.052716665 300647115010875
-0.010744957 -0.038590174 0.036831718 300647135152268
-0.07805393 0.1657133 -0.033682257 300647155294025
-0.092277884 0.28226647 -0.08001441 300647175435523
-0.103596546 0.19379465 -0.06543686 300647195578010
0.07002234 -0.09408164 0.051171593 300647215719404
0.23255183 -0.27016634 0.057438213 300647235861005
0.098422766 -0.027588746 -0.0322427 300647256002659
-0.15758494 0.30265784 -0.051881727 300647276143531
-0.19344655 0.18925016 -0.03263661 300647296285341
0.030869909 -0.22159743 0.054990374 300647316426682
0.085645705 -0.31406024 0.061218914 300647336568388
-0.003967519 0.010621151 0.010411952 300647356709990
0.07844388 0.1637719 0.016354004 300647376851487
0.05118047 -0.010788277 0.043696195 300647396994026
-0.012346271 -0.1044843 0.04215187 300647417135419
0.014128927 -0.083677486 -0.006311858 300647437277072
-0.02400778 0.0020480007 -0.05035221 300647457418675
-0.08315289 -2.8483197E-4 -0.10966884 300647477560379
0.24630377 0.35083398 -0.1201437 300647497701200
0.27651528 0.68237495 -0.13269532 300647517842854
-0.09101204 -0.03964033 -0.040478446 300647537984560
-0.11655064 -0.6140746 0.20277074 300647558126005
-0.13068514 -0.56818825 0.29580727 300647578268023
-0.088362515 -0.30001056 0.24069718 300647598409260
0.07295202 -0.034526214 0.07089394 300647618550810
0.0789557 0.0874973 -0.03327541 300647638692411
0.16927767 0.047964092 -0.02824201 300647658834065
