0.022062205 -0.30005643 -0.11916404 300639481348310
-0.10300919 0.036204167 -0.07023892 300639501489600
-0.20307581 0.30520678 -0.03108602 300639521631253
0.019050673 0.1733445 0.052880824 300639541772855
0.25560495 -0.18598747 0.12336654 300639561914508
0.27097073 -0.5245389 0.14832197 300639582056058
0.02423735 -0.45044363 0.13576882 300639602197660
-0.15488301 -0.16404821 0.08691136 300639622339313
-0.20936939 0.14575927 0.05258497 300639642480186
-0.17944564 0.1936699 0.07951567 300639662621683
-0.14889699 -0.12276529 0.12685402 300639682764223
-0.09706063 -0.2832382 0.056162167 300639702905667
-0.031930845 0.052783437 0.023917116 300639723047218
0.08196628 0.02419951 -0.035807993 300639743188193
0.050568137 0.048577067 -0.057237923 300639763329952
0.10915132 0.022252422 -0.013039438 300639783471553
-0.046473898 0.08873746 -0.11596923 300639803612894
-0.1458024 0.14243235 -0.059105236 300639823754965
-0.104622975 0.12496205 -2.547577E-4 300639843896722
-0.026998587 0.06445573 0.04718774 300639864038220
0.21838465 -0.18976896 0.095582366 300639884179508
0.3978981 -0.34642684 0.118375905 300639904321007
-0.046327673 -0.2274273 0.063096784 300639924462608
-0.13275686 0.0040659904 0.009364137 300639944604157
-0.007182816 0.06851404 0.007709723 300639964745760
-0.12216651 0.15803534 -0.13568372 300639984887516
-0.02614434 0.12449396 -0.16557743 300640005029691
-0.040731527 0.12858877 -0.17683788 300640025171344
-0.32024986 0.22162107 -0.060605645 300640045312217
-0.37049925 0.24985448 -0.05104897 300640065453871
0.16789368 -0.040055677 0.08907618 300640085596098
0.46240243 -0.48181206 0.18346643 300640105737751
0.3503226 -0.6368938 0.14392933 300640125879405
0.05973596 -0.22567603 0.061246492 300640146020902
-0.11340342 0.25246263 -0.022756588 300640166162712
-0.12010573 0.33267385 -0.07597694 300640186303949
-0.119502634 0.04404497 0.03511726 300640206444977
0.02473937 -0.18122262 0.036477737 300640226586631
0.064315826 -0.019849444 -0.009622335 300640246728389
-0.12180002 0.20074281 -0.11394781 300640266869730
-0.20740984 0.23714282 -0.10355159 300640287011488
0.2694979 0.11434274 -0.035613794 300640307153037
0.07554581 -0.08133012 -0.0016214848 300640327294639
-0.2803992 -0.022031918 0.031919215 300640347436396
-0.19080427 -0.10537568 0.033895433 300640367577790
0.09915446 0.019901408 -0.007476571 300640387719547
0.30974138 -0.14569119 0.043373995 300640407860993
0.09735701 -0.304854 0.106390305 300640428002543
-0.12839401 -0.12069755 0.010172549 300640448144873
-5.583167E-4 0.14994675 -0.04572537 300640468286528
0.00794927 0.35626656 -0.09101655 300640488428180
0.116751604 0.30404735 -0.029328153 300640508569731
-0.0026911348 -0.10478482 0.034495473 300640528711280
-0.27157176 -0.25185984 0.056207333 300640548852360
-0.14753643 -0.17917532 0.05675113 300640568993754
0.20688534 -0.010512333 0.03674227 300640589136136
0.16836013 -0.03956775 -0.007648196 300640609277895
-0.1574047 -0.018239327 -0.042510796 300640629419235
-0.19699147 0.13555458 -0.056978226 300640649560317
0.036032237 0.38723397 -0.14875466 300640669701761
0.17015663 0.29654074 -0.098188505 300640689844144
0.01162742 -0.09843597 -9.97521E-5 300640709985069
-0.049499087 -0.237399 0.007732857 300640730127243
0.0665068 -0.10889336 0.03649425 300640750268949
-0.086056545 0.21111873 -0.06154497 300640770410498
0.03777185 0.30428904 -0.047807325 300640790551579
0.2721462 0.22881809 0.107625596 300640810693701
-0.0040759724 -0.070176035 0.10082136 300640830834782
-0.21059805 -0.6635988 0.11040054 300640850978518
-0.1040007 -0.8746722 0.14971736 300640871117986
0.08372544 -0.31342635 0.09424672 300640891259431
-0.0836485 0.59750414 -0.17829871 300640911401032
-0.082103476 0.74112 -0.14789324 300640931542634
0.18638296 0.31126124 -2.1091104E-4 300640951685016
