-0.058154568 -0.510113 0.007081412 300741357582837
0.038980093 -0.086933866 -0.026648404 300741377724490
0.11669393 0.25164253 -0.053617045 300741397865987
0.0056343153 0.32168663 -0.0516936 300741418007589
-0.08497767 0.23501803 -0.0361669 300741438149191
-0.025763988 0.10771215 -0.036548723 300741458290844
0.067904904 0.008233964 -0.055848524 300741478432446
0.1223988 0.03438969 -0.043264266 300741498573943
0.05219993 0.08607133 -0.023664245 300741518715806
-0.08801225 0.06506391 -0.023273954 300741538857198
-0.10223316 -0.0804745 0.04120211 300741558998852
-0.116585165 -0.076031566 0.055062383 300741579140453
-0.012357203 -0.076163046 0.06560618 300741599282107
0.081813075 0.12822756 0.012170862 300741619423761
0.013491687 -0.033258718 0.06344899 300741639565310
-0.20529988 -0.13024133 0.011392072 300741659706912
-0.025644995 -0.05971341 -5.485406E-4 300741679848410
0.07075393 0.00797506 -0.06622155 300741699990220
-0.053094994 0.12476886 -0.033769168 300741720131716
-0.14456984 0.1488881 -0.007970519 300741740273370
-0.1469651 -0.019623477 -0.008862649 300741760414764
-0.06259112 -0.023943042 -0.014378564 300741780556417
0.14651188 -0.10795158 0.013186295 300741800697863
0.3190436 -0.25643763 -0.05689577 300741820838943
0.093731835 -0.033639595 -0.06647375 300741840980493
-0.043488227 0.19927563 -0.028615683 300741861122354
-0.14950375 0.1600342 0.018648814 300741881263748
-0.022786831 0.06926759 0.031785335 300741901405402
0.15598959 0.0390383 0.030663695 300741921547003
0.09204018 0.023775391 -0.009199722 300741941689283
0.0709962 0.017661817 0.07866839 300741961830779
0.0066629983 -0.08487891 0.0469827 300741981972538
-0.118187614 -0.13640137 0.081919745 300742002113982
-0.097468525 -0.12936155 0.036876664 300742022254959
-0.084860414 0.10638843 0.048306096 300742042396508
0.004674671 0.05176716 -0.005063357 300742062538162
-0.05456949 -0.02398282 -0.037757948 300742082679660
-0.02858911 0.033908173 -0.04128228 300742102821261
0.028336462 0.124335855 -0.05958747 300742122963020
0.10540971 0.031417128 -0.0181778 300742143105193
0.04208017 -0.002137729 -0.025921546 300742163246743
0.20333418 -0.05746735 -0.040549647 300742183388396
0.2114242 0.02913519 -0.01018605 300742203529998
0.1179664 0.12433097 0.0062716655 300742223671755
-0.16928858 0.1462607 -0.05457906 300742243813410
-0.29265055 -0.026271656 -0.0011592321 300742263954855
0.03353466 -0.12921396 0.02549521 300742284096352
0.2691226 -0.09642892 0.030992586 300742304237954
0.05203529 0.024044128 -0.017735515 300742324379763
-0.19708048 0.16396192 -0.046158202 300742344521209
-0.10989651 0.14029647 -0.0050722584 300742364662081
-0.02306475 -0.035805024 0.034410924 300742384804516
0.059675872 -0.13453746 0.061597392 300742404945962
0.041607324 -0.1193881 0.044906475 300742425086990
-0.003963068 -0.031278826 6.450985E-4 300742445228696
-0.0019657337 -0.0074520074 0.0180342 300742465370193
-0.007530734 -0.047235217 0.03810138 300742485512004
0.0066633113 -0.05082098 0.035024837 300742505653500
0.0114414245 0.09417152 -0.013628595 300742525794999
-0.012733921 0.19504148 -0.07652959 300742545936703
-0.021650445 0.11504526 -0.045971498 300742566078254
-0.062639706 -0.048946913 0.008009811 300742586220064
0.003234446 -0.17238921 0.0053633545 300742606361716
0.14218128 -0.15469337 0.007343862 300742626503684
0.124802284 -0.045023154 0.014178445 300742646645233
-0.009724983 0.042430878 0.0048827473 300742666786886
-0.07692002 0.047586758 -0.0014328808 300742686928435
-0.021445323 -0.02212738 -0.0072371894 300742707070297
0.009125775 -0.009896344 -0.03724412 300742727211848
-0.073341146 0.10528096 -0.02891699 300742747353449
-0.065089114 0.122033164 -0.01826285 300742767494946
0.014466019 0.006891429 0.020832833 300742787636599
0.0036137104 -0.07125574 -8.675577E-4 300742807778306
7.739067E-4 -0.09973201 -0.014748722 300742827919646
0.044155985 -0.027471818 0.019077811 300742848061300
0.09591115 0.043432165 0.0020094994 300742868203214
0.12532476 -0.0034706928 -0.04182771 300742888344659
0.0071857423 0.16677412 -0.033443272 300742908486314
-0.12456274 0.12586106 0.027728979 300742928627863
-0.10905556 -0.18970336 0.12298764 300742948769256
0.03243193 -0.4992877 0.18866658 300742968911066
-0.21322647 0.48651874 -0.3689239 300742989052720
0.31575534 0.17344937 0.39896905 300743009193643
-0.24734981 -0.39616558 0.12833716 300743029335090
0.09825215 -1.0820442 0.2426933 300743049477628
0.3210461 -0.34858602 0.27012223 300743069618865
-0.12590772 0.4718881 -0.17787923 300743089759947
-0.17902064 0.9518187 -0.32759362 300743109901652
0.37420526 0.67398477 0.04601551 300743130043150
