0.078107804 -0.08561616 -0.025724718 300755758806100
0.06545053 -0.09837039 0.059621528 300755778947754
0.025721889 -0.016906926 0.083649814 300755799089199
-0.040087022 0.13999917 0.056550305 300755819230749
-0.25567266 0.123124264 0.001023192 300755839372350
-0.06883695 -0.0397625 0.004068373 300755859514003
-0.014559616 0.015341302 -0.02534676 300755879655709
-0.1762948 0.13717566 -0.01998827 300755899797519
-0.20516661 0.1599768 0.004047908 300755919938912
-0.14577739 0.075480066 0.009208109 300755940080566
0.046198215 -0.18113965 0.01273128 300755960222063
0.103682846 -0.34319106 0.036488693 300755980363822
0.040728077 -0.20180587 0.026051711 300756000505319
0.026326533 0.10905443 -0.016120717 300756020646816
0.023973048 0.2612952 -0.02938918 300756040788001
0.005431976 0.13512304 0.016401416 300756060929550
-0.024181705 -0.13412607 0.068793744 300756081071099
-0.00553599 -0.20880662 0.0900909 300756101212701
0.013204534 -0.12445426 0.09194861 300756121354199
-0.018420454 0.04715156 0.012925029 300756141496008
0.054760143 0.10833129 -0.060432587 300756161637559
0.062854744 -0.0079758335 -0.07740565 300756181779264
0.04328227 -0.08841817 -0.08027454 300756201920657
-0.049824752 0.06491192 -0.046868525 300756222062310
-0.066268556 0.1188623 0.020914007 300756242203912
-0.028340545 0.052046094 0.0043806154 300756262345671
0.09779139 -0.15931025 0.040868856 300756282487168
-0.048208196 -0.28468657 0.004670441 300756302628717
-0.013084418 -0.050598856 -0.031570498 300756322770370
0.05732253 0.20484298 -0.03098321 300756342911973
0.01783233 0.25136283 -0.0018004961 300756363053574
-0.08130923 0.20820858 0.036403835 300756383195019
-0.09631625 -0.10775426 0.052864794 300756403337245
-0.09679347 -0.26660585 0.030800272 300756423478795
-0.1114043 -0.09756352 0.024879452 300756443620084
-0.061706286 0.072492406 0.017922018 300756463761425
0.05557274 0.0698745 -0.021723934 300756483903184
0.081669904 0.08316439 -0.051625 300756504044680
0.08567687 0.025517613 -0.06346982 300756524186335
0.06547561 -0.0372596 -0.03424728 300756544327883
0.008453926 -0.067460544 0.007824885 300756564469433
0.009047204 0.054792345 -0.0013012504 300756584611088
0.004718254 -0.008873811 -0.002794818 300756604752584
-0.051465515 -0.21339388 0.018979667 300756624894864
-0.06694665 -0.09884079 0.045114215 300756645036308
0.045251187 0.10649299 0.03649521 300756665177806
0.15445109 0.20236748 -0.019805009 300756685319667
0.13215223 0.1040027 -0.014913568 300756705461165
0.044679772 -0.07857695 -0.0057098046 300756725603027
-0.02336609 -0.037199683 0.011571772 300756745744472
-0.061977267 0.0672159 -0.008287579 300756765886179
-0.0761629 0.03339314 0.033644192 300756786027831
-0.047996044 -0.08609823 0.03949453 300756806169173
0.06783242 -0.117355645 0.026822336 300756826310722
0.08771884 -0.0025359504 0.054573603 300756846452219
-0.14751546 0.12537067 0.038195603 300756866596008
-0.06696247 0.083029956 -0.033873763 300756886735735
0.1536428 -0.06323934 -0.09496322 300756906877233
0.16694525 -0.037994497 -0.1197128 300756927018886
0.07454117 0.0036284167 -0.05848284 300756947160593
0.014622763 0.16634065 -0.04857145 300756967302141
-0.0043898635 0.23675834 -0.018262524 300756987443900
-0.116263434 0.059970647 0.06702635 300757007585292
0.08697835 -0.17662787 0.13783537 300757027727050
0.25166342 -0.03542065 0.21717863 300757047868652
0.18100385 0.21128622 0.3693127 300757068010046
0.23154573 0.27024505 0.73280376 300757088151908
-0.21202952 0.70965683 0.58965683 300757108293508
0.9153936 1.2240244 1.2069153 300757128434434
0.11890191 -0.14403033 1.7662724 300757148576191
-0.29031885 -1.9084756 1.4716203 300757168717584
0.28766 -2.9182851 1.7307878 300757188859706
0.4477312 -2.583323 1.4319367 300757209001100
0.30935165 -1.1621003 0.2812398 300757229142442
0.09428084 0.14534226 -0.9475149 300757249283990
0.27385393 0.970441 -0.92117345 300757269425488
