-0.16838434 -0.28798363 0.11584638 300651546164052
0.13895053 -0.17804267 0.06868242 300651566305394
0.11867653 0.051643822 -0.02387971 300651586447098
0.025145981 0.18604043 -0.07228662 300651606588752
-0.19045876 0.20371954 -0.064315364 300651626730406
-0.10001569 0.0081797745 0.01061669 300651646871799
-0.08239856 -0.020314753 0.008343439 300651667013504
-0.0683167 -0.043112673 0.0065260455 300651687155054
0.042377885 -0.06812775 0.051857643 300651707296708
-0.075224884 0.10343893 5.444996E-4 300651727438309
-0.13454054 0.23527026 -0.037750788 300651747579286
-0.022657357 0.2128763 -0.03967057 300651767720731
0.068095595 -0.027322559 -0.02573121 300651787862438
0.16829374 -0.13978007 -0.012560543 300651808004038
0.113090254 0.022147998 -0.07847218 300651828145536
-0.019217659 0.17671522 -0.039409295 300651848287972
-0.069500685 0.15182878 0.014227651 300651868429417
-0.018302288 -0.16159257 0.08985105 300651888571278
0.01626036 -0.3353813 0.10382087 300651908712828
-0.08920989 -0.21883301 0.06380386 300651928854065
-0.11174193 -0.043763883 0.009424348 300651948995822
0.055165924 0.117162794 -0.058668137 300651969137320
0.066539094 0.2199449 -0.026984498 300651989278973
-0.048629314 0.26470327 0.021237575 300652009419898
-0.17868331 0.13973984 -0.023958009 300652029561604
-0.048252717 -0.046068817 0.010562136 300652049703153
0.042950086 -0.10726412 -0.02063657 300652069844703
0.15033789 -0.04682553 -0.05347254 300652089986304
0.13214633 0.008546501 -0.08978634 300652110127959
-0.0035436447 -0.025947412 -0.07523765 300652130269455
-0.11398184 0.038945038 -0.052541047 300652150411265
0.074853845 0.14120391 -0.006489454 300652170552711
0.15899618 0.041171126 0.029288646 300652190694625
0.15387535 -0.11861115 0.030164491 300652210836122
0.10443523 -0.17067447 0.077636644 300652230977879
-0.012406114 0.0018217918 0.0871984 300652251119430
-0.111670054 0.009620901 0.13190328 300652271260978
-0.18234819 -0.0543174 0.1022455 300652291402372
-0.004165504 -0.10968344 0.09204325 300652311543921
0.12806873 -0.25305605 0.073969685 300652331685575
0.034549177 0.05421511 -0.011779841 300652351827177
-0.2415005 0.5102726 -0.099413544 300652371968778
-0.36014253 0.22515975 -0.021294974 300652392110797
0.12116006 -0.53280324 0.21900663 300652412251981
0.33923808 -0.76683605 0.21819276 300652432393532
0.09943718 -0.16207668 -0.022670884 300652452535132
-0.113286525 0.6830705 -0.38922456 300652472676735
0.063715994 0.7766855 -0.2976971 300652492818389
-0.01930824 0.08916201 -0.08276039 300652512959937
