-0.053152103 0.07283451 0.0024095867 300650216818661
-0.08947335 -0.0916416 0.016796324 300650236959690
-0.010624781 0.17484707 0.0025646463 300650257101292
-0.05299581 0.28673092 -6.187409E-4 300650277242998
-0.17843793 0.11771064 0.027359296 300650297384442
-0.06522404 -0.44793832 0.08506264 300650317526149
0.06298627 -0.5777643 0.13581058 300650337667749
-0.049290583 -0.029541418 -0.018097762 300650357809351
-0.18770091 0.37626243 -0.004271023 300650377951057
0.0048600137 0.26117188 -0.06815216 300650398092555
0.16289303 0.12717597 -0.08486027 300650418234104
0.1994878 0.01928192 -0.05169455 300650438375758
0.0063493736 0.01417541 -0.0026707724 300650458517255
-0.16195694 -0.016713688 0.0472424 300650478658960
-0.11793436 -0.011771542 0.056117624 300650498800354
-0.0596485 0.036402643 0.050217956 300650518942267
0.01526827 -0.018368004 0.016471418 300650539083713
0.071636006 -0.09359216 0.004717456 300650559225263
0.011172878 -0.053080335 0.0052767834 300650579366865
-0.045459136 -0.020741638 0.030906135 300650599508467
0.02863874 -0.18238865 -1.8128753E-4 300650619649442
0.048110656 -0.04602935 0.035885584 300650639791044
-0.034505084 0.069215976 0.017123654 300650659932645
-0.025903078 0.056164514 -0.0053558564 300650680074195
0.08798963 -0.1113238 -0.024281867 300650700215901
0.02646041 -0.098281644 -0.038842883 300650720357503
-0.026603892 0.104642175 -0.036335118 300650740499000
-0.020200295 0.24659242 -0.064656444 300650760640653
-0.00997816 0.20264085 -0.05511515 300650780782412
0.060224436 -0.057922408 0.01666427 300650800923857
-0.06153606 -0.2070264 0.0788779 300650821065563
-0.17975312 -0.0534218 0.062290892 300650841207632
-0.09807116 0.22160746 9.548068E-4 300650861349025
0.03657438 0.2538839 -0.07168172 300650881490940
0.11695571 -0.027420806 -0.048633635 300650901632489
0.08160647 -0.20919997 0.01964897 300650921774091
-0.03612283 -0.099411234 0.014908888 300650941915692
-0.02227724 0.028569408 -0.009089554 300650962056773
0.07268517 0.020590616 0.014918167 300650982199207
0.07047854 -0.04222121 0.048013084 300651002339924
0.10980708 -0.07495353 0.06022894 300651022481473
-0.07684981 -0.016291343 0.054957684 300651042623075
-0.25223458 0.10104502 0.086649604 300651062764781
-0.10713224 0.043301202 0.08176291 300651082906226
0.19703722 -0.1365639 0.044374563 300651103047880
0.18124929 -0.074371204 -0.036181316 300651123189325
-0.0348455 0.19261621 -0.08808462 300651143330979
-0.13577093 0.30059683 -0.10166425 300651163472736
0.01296717 -0.067524664 -0.00850549 300651183614182
0.04455934 -0.18216807 0.045841627 300651203755888
0.06591679 -0.07072684 -0.040566027 300651223897594
0.039581142 0.011252289 -5.901404E-4 300651244039091
-0.08477313 0.052556857 -0.0027146284 300651264181473
0.018943908 0.046752904 0.00706367 300651284322867
0.15307622 -0.03033087 0.008089551 300651304464624
-0.61980134 1.0548002 -0.7925974 300651324757320
0.846937 0.21936224 0.32351255 300651344747098
0.12693697 0.6018275 -0.17691407 300651364888649
-0.6925767 -0.6702453 0.11000313 300651385030407
-0.34103858 -1.09216 0.3150304 300651405172007
0.23967358 -0.43145198 0.15797311 300651425314235
0.09263616 -0.023520198 0.15642017 300651445455679
0.12730248 0.04031504 -0.14190346 300651465596604
0.39584097 0.1388362 -0.4042546 300651485738257
0.5650011 0.13730463 0.4682063 300651505880640
-0.35746786 0.17746687 -0.19792241 300651526022138
