-0.0028258078 -0.14909928 -0.01179795 300640991967802
0.0744296 -0.2049644 -0.010234952 300641012109821
0.0978414 -0.11240861 -0.042614784 300641032251370
0.043320846 0.22348467 -0.13265643 300641052392972
-0.0032203905 0.15523057 -0.0470544 300641072534574
0.01165694 -0.01420683 0.012052115 300641092676175
0.023546286 -0.14976327 0.059328318 300641112817777
0.05082061 -0.05102996 0.077125765 300641132959326
-0.0570845 0.099722974 0.019646712 300641153100356
-0.13884515 0.18451227 -0.011710923 300641173241904
-0.11312841 0.12278341 0.027619373 300641193383454
0.008065233 0.13139866 0.03156172 300641213525109
-0.008563489 0.11683159 0.037463404 300641233666605
-0.042754278 0.04795476 0.061199702 300641253808311
-0.04377054 -0.15796474 0.14592236 300641273952569
-0.068948455 -0.26933575 0.10912253 300641294091775
0.021584429 -0.1063354 0.06599349 300641314233115
0.06498837 0.11609445 -0.018054059 300641334374926
0.006328188 0.3813029 -0.14869437 300641354516214
-0.051665876 0.39690933 -0.123601764 300641374753024
-0.044253014 0.113972135 -0.029357161 300641394799470
0.0071304124 -0.105935894 0.02280388 300641414941176
0.009067215 -0.20963381 0.060386978 300641435082673
-0.15501748 -0.20431587 0.10530466 300641455224274
-0.041014217 -0.11293554 0.07179893 300641475365824
0.13597308 -0.05826493 0.03824189 300641495507581
0.14870058 -0.08020802 -0.009173479 300641515649131
-0.015786838 -0.11049192 -0.017347163 300641535790889
-0.22058582 -0.012987532 -0.040837623 300641555932386
-0.13298109 0.18182668 -0.022883724 300641576073936
0.1699046 0.11017752 -0.015949028 300641596215537
0.07479739 -0.03209745 -0.094127 300641616357139
0.0023550019 0.05726669 -0.077808045 300641636498688
0.02804426 0.025634926 -0.035178 300641656640290
-0.001813374 -0.015411241 -0.05354875 300641676781995
0.06966155 0.12448461 -0.053216107 300641696923545
0.014852051 0.10800922 -0.031906135 300641717065148
0.03483896 -0.15271354 0.025261566 300641737206800
0.13817404 -0.21859187 0.11148609 300641757348350
0.034713794 -0.015238941 0.06930344 300641777489952
-0.15057656 0.13304095 0.045037825 300641797631605
-0.020622464 0.090932615 0.00945466 300641817773675
0.087586164 0.07955803 -0.0017351368 300641837914860
-0.068170995 -0.059550256 0.068293035 300641858056463
-0.1110892 -0.016784288 0.026060237 300641878197959
-0.0053432956 0.14979015 -0.04756911 300641898339457
0.06123527 0.012513714 -0.037943814 300641918481891
0.04743038 -0.13122949 0.03074672 300641938623493
0.0033975244 -0.116205886 0.027944675 300641958764522
-0.047617987 0.09150211 -0.03559065 300641978906645
-0.039950177 0.2558587 -0.093406305 300641999048298
-0.15295836 0.18154915 -0.07332608 300642019189952
-0.14406687 -0.022202011 0.022827145 300642039331449
-0.17073499 0.11393431 0.0015061535 300642059472946
-0.21361795 0.2351982 -0.062041447 300642079614809
-0.006981519 0.029599892 0.010782456 300642099756201
0.46442908 -0.14941813 0.049824312 300642119897959
0.35431305 -0.08265701 -0.004152678 300642140039612
-0.29238048 0.08766991 -0.010363132 300642160181058
-0.40648857 0.057993382 0.05701036 300642180322816
-0.12504193 -0.08693752 0.05875813 300642200464365
0.2651651 0.10806129 0.043098837 300642220605967
0.13897622 0.39495337 -0.21907222 300642240747412
0.23134533 0.43375325 -0.10573745 300642260888441
-0.21574959 0.1840469 -0.018657226 300642281030824
-0.34563047 -0.51958054 0.101566926 300642301172529
0.47567058 -0.52759874 0.1351673 300642321314339
-0.04728532 -0.3406292 0.13893577 300642341455629
-0.35605118 -0.22482568 0.027347818 300642361597126
0.1208575 0.29062322 -0.22674012 300642381737946
0.90449995 -0.097890794 0.22013453 300642401879601
-0.07551597 -0.37803122 -0.068865895 300642422021670
