-0.17383038 -0.5052685 0.18679175 300759021744824
-0.14474913 -0.048067283 0.13138025 300759041886842
-0.12148111 0.31770676 0.08703466 300759062028028
0.036889948 0.37133136 0.41482753 300759082169577
0.10582154 0.47029668 0.69686055 300759102311230
-0.0168043 0.2042231 1.1532862 300759122452831
-0.013462186 -0.362739 1.4259813 300759142594433
0.18622103 -0.7543659 1.3429139 300759162736035
0.25941187 -1.0989006 1.2680961 300759182877741
0.40927756 -1.7456057 0.88446546 300759203019290
0.4338048 -2.0535512 0.31457368 300759223162037
0.08087015 -1.5261602 -0.45634368 300759243303118
-0.08474895 0.108127326 -1.2571658 300759263444823
-0.22305793 1.3165733 -1.4818032 300759283586633
-0.99133855 0.829069 -1.5212762 300759303727818
-1.2065977 0.24320376 -1.5040228 300759323869577
-0.8290205 0.037774026 -1.5622545 300759344011335
-0.2533773 0.37988606 -1.5770062 300759364152780
0.25302798 0.98266023 -1.1805749 300759384293756
0.59848285 1.4134927 -0.81758434 300759404435409
0.5246801 1.6505721 -0.376026 300759424576803
0.13980216 1.6375191 0.048422784 300759444718560
0.1608955 0.6708896 0.23619005 300759464860111
0.42878923 -0.35513377 0.47373086 300759485001712
0.69539285 -1.6764857 0.57734394 300759505143261
1.1219028 -1.9044663 0.8725276 300759525285072
0.7460161 -1.3915246 0.8985108 300759545426516
-0.30746722 -0.60144573 0.4399787 300759565568066
-1.0728294 -0.15144831 -0.010813087 300759585710188
-1.3054492 0.26882738 0.08676025 300759605851373
-1.0613759 0.35006228 0.12990531 300759625993547
-0.5557909 0.47027293 0.13942361 300759646134993
-0.11370781 0.20115742 0.119852394 300759666276751
0.3626809 -0.04140432 -0.001601927 300759686418508
0.6229454 -0.28058463 -0.03349352 300759706559955
0.621539 -0.48288232 -0.17160323 300759726701451
0.6050348 -0.31770644 -0.13587973 300759746842636
0.44029224 -0.10581639 -0.11425423 300759766984081
0.26226914 0.133152 -0.18510363 300759787126152
0.3347812 0.16072477 -0.24869753 300759807267806
0.3754667 0.040062726 -0.1369715 300759827409199
0.22328189 0.07824719 -0.13059673 300759847550801
-0.22513641 0.05348751 -0.063046664 300759867692454
-0.2866702 -0.082042485 0.08400029 300759887833847
0.22665584 -0.32160005 0.18099739 300759907975292
0.4995596 -0.2584012 0.13344747 300759928116998
0.281925 -0.1787326 0.096404925 300759948259172
0.15939885 -0.18439335 0.11559948 300759968400618
0.16897501 0.014890816 -0.09872466 300759988542272
0.34497342 0.3196868 -0.11370221 300760008683873
0.4309116 0.24248652 0.062178455 300760028825058
0.08391252 -0.49692804 0.22073328 300760048966503
-0.027574345 -0.5125882 0.056444675 300760069108314
-0.059374243 -0.35995144 3.5440922E-4 300760089249707
-0.07387106 -0.3563582 0.012629166 300760109391412
0.067248985 -0.2905814 -0.0049431548 300760129533067
0.26370627 0.055301603 -0.21876785 300760149674512
0.33059973 0.26531366 -0.360857 300760169818300
0.2544092 -0.049736157 -0.24378908 300760189957714
0.2998769 -0.3553571 -0.12291308 300760210100358
0.57635987 -0.36255753 -0.09697178 300760230241542
0.69041824 -0.12701955 -0.061711177 300760250382519
0.48187098 -0.01862739 0.0020313263 300760270524120
0.122370824 -0.1402657 0.07079354 300760290665879
-0.48968878 -0.15993865 0.041695476 300760310807324
-1.0025299 0.13660407 -0.13011059 300760330949081
-0.41303784 0.19885823 -0.14910111 300760351090580
0.70262605 -0.12549824 0.044356704 300760371232285
1.115816 -0.25204617 0.22767985 300760391374512
0.6754315 -0.26840082 0.28385478 300760411516112
0.23070322 -0.431359 0.14587577 300760431657818
0.08096962 -0.16279098 0.019963149 300760451799265
0.052568853 0.12024967 -0.056169383 300760471940918
0.2451696 -0.024043117 -0.013436303 300760492082415
0.5792509 -0.23258601 0.37187707 300760512223965
0.11981732 -0.5840137 0.25661528 300760532365618
-0.588836 -0.4275838 0.042993605 300760552507272
-0.71428883 -0.06510183 0.009683102 300760572648926
0.025289984 0.16000834 0.06867544 300760592790631
0.49668735 0.19076073 0.039064437 300760612931868
0.18861964 -0.15111712 0.024273627 300760633073731
-0.2917287 -0.14076638 -0.087159514 300760653215123
-0.49726263 0.16654766 -0.06753643 300760673356881
-0.17388766 0.3792871 -0.08899188 300760693498587
0.4599443 -4.208535E-4 0.07077631 300760713640501
0.73361444 -0.17904866 0.2213833 300760733781790
0.49861717 -0.48176277 0.27365187 300760753923183
-0.1276372 -0.08213178 -0.080177054 300760774064629
-0.44052586 0.20500162 -0.3334548 300760794205814
0.020056732 0.0828273 -0.108246505 300760814347520
0.47367722 -0.17084639 0.022356838 300760834489068
0.43322808 -0.29207653 0.014110804 300760854630670
-0.089728884 -0.108662456 -0.049826432 300760874772375
-0.42314738 -0.05416079 -0.13430043 300760894914603
-0.043058965 0.10271588 -0.08411167 300760915056100
0.30950466 0.10466123 -0.023739077 300760935197649
0.015777335 -0.023772689 -0.057744235 300760955339095
-0.21528888 -0.028099924 -0.06313303 300760975480905
-0.29640427 -0.13392858 -0.043005265 300760995622298
-0.111423805 -0.04983119 0.035514623 300761015764107
-0.24052542 -0.084261656 0.035371475 300761035905970
-0.10821346 -0.0023865048 0.07033775 300761056047154
0.07038613 -0.08728258 0.019451298 300761076189121
0.008329933 0.032559708 -0.013626091 300761096330618
-0.35530743 0.15906051 -0.043045774 300761116472012
-0.055724144 0.08702451 0.09002233 300761136613822
0.3076877 -0.06584669 0.11523666 300761156755162
0.18654664 0.08706427 -0.19774134 300761176896296
0.25890845 0.36215964 0.011409858 300761197037897
0.37119165 -0.14877608 0.380372 300761217180019
-0.097118616 -0.62409365 -0.063529104 300761237321568
0.3483956 -0.14307207 -0.14510927 300761257463327
0.6794742 0.4980319 -0.11093116 300761277605032
