-0.112498835 -0.33291844 1.4735758E-4 300749454466117
0.07657374 -0.1896963 -0.050888427 300749474607719
0.15214844 0.1487665 -0.12356788 300749494749321
0.1412955 0.24740566 -0.113421775 300749514890921
0.06259577 0.05781459 -0.033963375 300749535032419
-0.023679871 -0.11869734 -0.018885083 300749555173968
-0.092024505 -0.20361799 -0.024497408 300749575315675
-0.09051797 -0.22148241 -0.020907853 300749595457171
0.006881548 -0.06216287 -0.016128333 300749615599346
0.0909712 0.20423402 -0.029618692 300749635740999
0.056825116 0.30381322 -0.011927649 300749655882497
0.02761374 0.10316408 0.026331116 300749676024100
-0.09163274 -0.13140403 0.022350531 300749696165284
-0.15799583 -0.15293595 0.07742493 300749716307250
-0.05427827 -0.08194411 0.12959914 300749736448852
-0.03797762 -0.034333397 0.08430488 300749756720193
-0.06176063 -0.032506146 0.007750892 300749776731533
0.027791772 0.025160424 -0.03940043 300749796873395
0.08383767 0.12944865 -0.035422362 300749817014893
0.10894796 0.19328997 -0.029757526 300749837156391
0.019593548 -0.012853931 -0.056138743 300749857298096
-0.1416313 -0.22251666 0.014385071 300749877440010
-0.013537553 -0.0062810816 -0.01556508 300749897581664
0.110629834 -0.0012713522 -0.009440668 300749917723525
0.059935875 0.011799371 -0.015355624 300749937864815
-0.026068157 0.056831207 -0.028551681 300749958006520
0.11860408 -0.11635969 -0.041500635 300749978148070
0.051740926 -0.16561514 0.004953973 300749998289620
-0.1253009 -0.002860289 0.050453674 300750018431221
-0.021519482 0.029330704 0.03189004 300750038572979
0.06540547 -0.010254613 0.05668595 300750058714580
0.020276146 -0.027337354 0.07678393 300750078856182
-0.12696272 -0.0028180354 0.032163166 300750098997158
-0.066048004 0.08624146 -0.014063643 300750119138708
0.078958176 0.14161025 -0.022830721 300750139280310
0.121427186 0.03393052 -0.040793568 300750159422015
-0.018828027 -0.027106062 -0.013076017 300750179563566
-0.12714137 0.018550107 -0.03249696 300750199705166
3.5690982E-4 0.15520962 -0.07124757 300750219847133
0.123920746 -4.1209068E-4 0.021809872 300750239988733
0.025059152 -0.10356939 0.057651944 300750260130180
-0.029524142 -0.11377081 0.024160087 300750280272198
-0.13837294 -0.045396503 0.07591361 300750300413800
-0.12666804 0.06653456 0.037566647 300750320555245
-0.03831009 0.09053016 0.014041018 300750340696951
0.06283197 0.033641227 -0.009580948 300750360838656
0.11973566 -0.10513429 -0.03119855 300750380980257
0.020496827 -8.6329225E-4 -0.04606604 300750401121755
-0.108554974 0.13576904 -0.05790654 300750421263617
-0.074793845 0.16115955 -0.05667341 300750441404906
0.14269634 0.054578103 -0.07532245 300750461546612
0.18086234 -0.04567525 -0.049929313 300750481688317
-0.021182353 -0.024143951 -0.009618992 300750501829763
-0.11255178 -0.07328466 0.015535765 300750521971781
-0.05613669 -0.09893345 0.07053108 300750542112966
0.017164353 -0.048076876 0.049797907 300750562457640
0.108899616 0.016837621 0.050980035 300750582396429
0.101905085 0.10224058 0.038158093 300750602537875
-0.05702113 0.047722176 0.050288897 300750622679476
-0.066774264 -0.008511489 0.068188615 300750642821130
0.06505252 -0.19787563 0.06919623 300750662962628
0.041327808 -0.16067578 0.018446192 300750683104178
-0.17524205 0.05155205 -0.015948545 300750703245986
-0.20682512 0.11479366 -0.020190766 300750723387588
-0.009185836 0.20339476 -0.07233526 300750743528982
0.09881389 0.22362198 -0.114187986 300750763670740
-0.013584223 0.1097116 -0.114589304 300750783812342
-0.066126585 -0.030342545 -0.07510065 300750803953786
0.073221534 -0.07400766 -0.05964844 300750824096013
0.17777118 -0.07288152 -0.09077691 300750844237042
0.21518916 0.29688486 -0.10805136 300750864378591
0.26023376 0.40011913 0.04773748 300750884519620
-0.038931914 -0.25724527 0.11592515 300750904661795
-0.09341529 -0.78947586 0.20675197 300750924803396
0.050568014 -0.60198826 0.25445694 300750944945050
-0.12051492 0.035531923 0.076364905 300750965086651
-0.21918973 0.36708784 -0.03585664 300750985228252
-0.22081314 0.40924412 -0.14183193 300751005369177
0.023901768 0.33374813 0.06441798 300751025511455
-0.16004753 0.18412548 0.007761646 300751045652901
