0.25545108 1.2469732 -1.1188042 242567128554564
0.020758778 0.8550324 -0.711784 242567148695851
-0.16700529 0.54146785 -0.3861605 242567168837402
-0.31719425 0.29062903 -0.12567097 242567188979003
-0.43736768 0.0899452 0.08272995 242567209120657
-0.11594623 0.15201277 0.037576195 242567229262362
-0.09288421 0.009581831 0.035535906 242567249404068
-0.15199696 -0.09572389 0.03940719 242567269546035
-0.20098025 -0.13704963 0.03274842 242567289687115
-0.1444203 0.28986597 -0.19237152 242567309828768
0.0074521303 0.8906818 -0.42756173 242567329970318
0.013914153 1.1856222 -0.44406384 242567350112388
0.030038945 0.70378464 -0.13861956 242567370253783
0.14784826 -0.06397697 0.14562486 242567390395851
0.04795539 -0.33373818 0.24832502 242567410537037
-0.07741149 -0.105140485 0.045989476 242567430678482
0.3226117 0.22696562 -0.11746079 242567450819876
0.34729928 0.124139145 -0.0539702 242567470961789
0.17323561 -0.09175885 0.064278685 242567491103547
-0.07645178 -0.15500511 0.12240291 242567511244628
-0.20497654 -0.06994142 0.114233345 242567531386282
-0.12045807 0.2285907 0.009527668 242567551527936
0.035179477 0.2602942 -0.018634655 242567571669849
0.15705906 0.03342501 0.030044477 242567591815358
0.22827372 -0.022985369 0.021388339 242567611952844
0.0714288 0.21164407 -0.043539107 242567632094394
0.032249115 0.37609887 0.018360928 242567652235942
0.15248543 0.21793723 0.09107374 242567672377597
0.009931503 -0.37830257 0.263187 242567692519668
-0.06490745 -0.9108815 0.39660046 242567712661060
-0.037595537 -0.62415564 0.28308213 242567732802766
-0.15164761 -0.17101856 0.20778003 242567752944211
-0.073450714 -0.21266596 0.29429358 242567773085709
-0.09808414 1.0943869 -0.53640866 242567793227102
2.4510448 1.7585588 0.9961996 242567813369329
0.01212695 0.6842497 1.1396335 242567833510410
-1.5728761 -0.9923162 1.3090075 242567853652583
-0.5496381 -2.2169917 0.95609844 242567873793926
-0.068340644 -3.469651 0.68932486 242567893935318
0.7958839 -2.4343271 -0.38116068 242567914076712
0.37876186 0.02280742 -1.253143 242567934218416
0.6480322 0.48157606 -1.6258187 242567954359914
