-0.21807307 -1.459295 0.2481935 242582899432072
0.16332841 -0.9990543 0.37924463 242582919573726
0.20587537 -0.28582013 0.36636892 242582939715379
0.11843636 0.28767145 0.2821427 242582959856981
0.011266217 0.44995308 0.15512536 242582979998687
-0.08601542 0.48871785 0.056197815 242583000140081
-0.2704988 -0.068366826 -0.00295005 242583020281682
-0.478193 -0.05616924 -0.039247707 242583040423283
-0.16644883 0.40487337 -0.031781998 242583060564834
0.05128351 0.6971526 -0.030321106 242583080706486
0.08945061 0.5979911 -0.028674446 242583100848245
0.095020026 0.4432162 0.04073657 242583120989793
0.08859037 0.3568245 0.10124009 242583141131396
0.10674404 0.34979752 0.12986921 242583161272737
0.1004044 0.3448081 0.082683854 242583181414182
0.022312805 0.3398581 0.05143018 242583201556253
-0.011578053 0.2645727 0.041025713 242583221697801
-0.122612074 0.17504816 0.033979803 242583241839039
-0.10602854 0.07875998 0.0518011 242583261980640
0.1645657 0.049922705 0.0138754025 242583282122398
0.06460667 0.079229355 -0.029508982 242583302264000
-0.23430902 0.105280355 -0.05212544 242583322405914
-0.34461075 -0.0240359 -0.025513608 242583342547099
0.06533553 0.023905642 0.05286306 242583362689065
0.22229151 0.04434073 0.104921445 242583382830979
0.13161711 0.014561139 0.11935913 242583402972320
-0.013407648 -0.23413938 0.18183304 242583423113817
0.15560813 -0.4116202 0.2260207 242583443255053
0.3129088 -0.18497026 0.2209972 242583463396656
0.110988006 0.2518809 0.2864603 242583483538518
-0.009224579 0.71297956 0.44584635 242583503679911
0.031322926 1.0918322 0.58411366 242583523821826
0.26913854 0.84934735 0.70965415 242583543963686
0.45463306 -0.13377383 0.7004783 242583564104924
0.86296415 -1.5255668 0.53463084 242583584246577
0.9823353 -2.5593839 0.3235197 242583604387919
0.83026576 -2.3943353 -0.10843313 242583624529573
0.8878858 -1.1982847 -0.4733246 242583644670966
0.5919493 -0.13778266 -0.88038576 242583664813192
0.13240492 0.34981138 -0.9337878 242583684954637
-0.3064335 0.5006116 -1.514812 242583705096083
-1.101805 3.1218204 -1.0493997 242583725237684
-1.5478623 0.3118255 -0.8164483 242583745379182
0.93944746 -2.1280704 0.09559333 242583765520783
2.5897593 -1.2972534 0.63233125 242583785662333
1.3488442 -0.3149281 0.36067316 242583805804091
-0.12483621 0.346148 -0.20243365 242583825945536
-1.2167156 1.3941123 -0.35467547 242583846087086
-1.2602165 0.14860892 -0.5070499 242583866228895
0.72173774 -1.2454388 0.1345168 242583886370236
