0.12017519 0.797472 0.057430357 242572466079342
0.23438682 0.3260904 -0.013941437 242572486220683
0.32576755 -0.05101789 -0.07104169 242572506362285
0.4082843 -0.080502644 -0.15578023 242572526503835
0.47778094 -0.004335314 -0.23790449 242572546645540
0.60591877 0.11265962 -0.29980078 242572566787089
0.8322389 0.30969018 -0.30242425 242572586928586
0.7029955 0.14824189 -0.1846499 242572607070605
0.47435123 -0.3445641 -0.031129342 242572627211998
0.2851375 -0.5708956 0.054657772 242572647353548
0.15904328 -0.328878 0.03754369 242572667495150
0.13323703 -0.0024814997 0.00929465 242572687636334
0.3742789 0.10516636 -0.01277262 242572707777884
0.4973932 -0.08762203 0.065175034 242572727919745
0.12825663 -0.2468373 0.17762095 242572748061138
-0.08652608 -0.0469777 0.18816823 242572768203208
-0.090394996 0.40430257 0.061905175 242572788344654
0.15471786 0.6020745 -0.03198441 242572808486464
0.38767928 0.30069867 -0.06375284 242572828627701
0.2952403 -0.18714912 0.0328749 242572848769146
-0.013012908 -0.31210932 0.20410134 242572868910904
-0.31846347 -0.3435196 0.3642565 242572889052350
-0.81862295 -0.8076483 0.60982454 242572909194315
-0.7685562 -0.9662478 0.7106317 242572929336178
0.33671987 -0.21274753 0.82014936 242572949477362
1.2421187 0.7602185 0.782552 242572969619016
1.337619 1.8588331 0.49109808 242572989760619
-0.052242003 1.2198033 0.29780948 242573009902011
-0.96428454 -1.0874467 0.29599503 242573030043977
-1.1631957 -2.5963984 -0.042668164 242573050185474
-0.7333737 -2.612996 -0.48051703 242573070327129
-0.6966768 -1.6242856 -0.84214914 242573090468625
0.16259609 -0.4709459 -0.924435 242573110610227
0.63924396 0.14162022 -0.88701546 242573130751568
0.58340216 0.34816965 -0.87649465 242573150893170
1.0482126 0.2963996 -0.6622777 242573171035241
0.4379726 0.07143399 -0.39679602 242573191176789
-0.45215347 -0.19971448 -0.0800561 242573211318495
-0.6998414 -0.35895202 0.09137895 242573231459784
-0.61386424 -0.21181464 0.028449573 242573251601490
-0.089866005 0.047539618 0.015684474 242573271742987
-0.16845644 0.67381924 -0.15823251 242573291884381
-0.8347238 0.03884495 -0.042029582 242573312026087
-0.7660062 -1.109403 0.22419915 242573332167583
