-0.42242056 -0.25582868 -0.09889391 242591862440631
-0.3338213 -0.26484248 0.089358896 242591882582128
-0.26294735 -0.27203813 0.2399467 242591902723731
-0.20625132 -0.2778014 0.36043286 242591922865331
-0.11889085 -0.12400975 0.2518792 242591943026412
-0.048938364 -7.535815E-4 0.16472512 242591963148534
-0.12185791 0.03257418 0.08283142 242591983290189
0.06188702 0.11227921 -0.0032347105 242592003431790
0.48097664 0.09936121 -0.06296567 242592023573391
0.85527265 0.01027599 -0.10106312 242592043714993
0.8334912 -0.14483148 -0.09583406 242592063856542
0.56344205 -0.18070197 -0.030197263 242592083998405
0.09401476 -0.17205817 0.089032516 242592104139693
-0.17161739 -0.43444142 0.2503496 242592124281399
-0.32792628 -0.6933176 0.32372293 242592144422792
-0.20068645 -0.6611622 0.3759892 242592164564290
-0.2170111 -0.121198446 0.28784597 242592184705788
-0.11081493 -0.034178734 0.24872386 242592204847545
0.02489368 0.036921684 0.08494054 242592224989042
0.22134227 0.05685521 -0.028995838 242592245130539
0.24725819 0.22436133 -0.052556373 242592265272506
0.07087899 0.2714744 -0.033058546 242592285414107
-0.040009156 0.24813572 -0.015214346 242592305555449
0.17460734 0.03635344 -0.01414071 242592325697259
0.3098296 0.04063414 -0.0116177425 242592345838808
-0.086178675 -0.0506562 0.06968166 242592365980202
-0.041531563 -0.33868545 0.10321544 242592386121855
-0.024566624 0.16879137 0.027469724 242592406263561
0.8265003 0.6848372 -0.09751204 242592426405006
1.4591019 1.4350901 0.08784598 242592446546764
-0.39840508 0.21215947 0.5574288 242592466688469
-0.49146467 -2.303339 1.1338015 242592486829759
-0.27458638 -2.6509478 1.2214139 242592506971621
-1.289078 -1.4283007 0.73044515 242592527113065
-1.7519702 -1.1389525 -0.07422489 242592547254668
-0.51127934 -1.3154329 -0.42924333 242592567396372
-0.15455422 -1.0909607 -0.8225869 242592587537818
-0.26300377 -1.3782511 -0.8174368 242592607679576
-0.28006223 -0.8557614 -0.77375996 242592627821021
