-1.3230215 -0.87260664 -0.6283755 242584611468361
-1.1185541 -0.371169 -0.56301767 242584631609912
-0.95497614 0.029966498 -0.51073915 242584651751565
-0.8063165 0.31936184 -0.44348672 242584671892958
-0.5852694 0.37002197 -0.24386883 242584692034924
-0.40843317 0.41053817 -0.084171854 242584712176526
-0.2290166 0.25827694 0.108437166 242584732317866
0.3173025 0.031343974 0.30986357 242584752459468
0.40762317 -0.034955576 0.27716845 242584772601174
0.3210229 -0.0458561 0.18430664 242584792742880
-0.3119254 0.16557518 -0.117995955 242584812884221
-0.05332564 0.2682473 -0.040030725 242584833026186
0.3424119 0.33544078 0.10554789 242584853167580
0.4896857 0.48107934 0.19948164 242584873309286
0.2049338 0.45805067 0.1453866 242584893450732
-0.0038984213 0.41373685 0.06479122 242584913592334
-0.17665142 0.49188137 -0.0057902485 242584933733778
-0.21366152 0.58942455 -0.08375687 242584953875172
-0.27264225 0.50908405 -0.113076515 242584974017033
-0.1763034 0.40599424 -0.07070302 242584994158322
0.083609655 0.10795383 0.06912127 242585014300080
0.20385139 -0.042870596 0.08511562 242585034441473
0.11981452 -0.005427343 -0.018268764 242585054583231
-0.08319759 0.07267249 -0.1366426 242585074724781
-0.091145635 -0.0047448375 -0.086613595 242585094866695
0.005612529 -0.11584327 0.02176125 242585115007932
0.25682715 0.20853186 0.080125794 242585135149898
0.16592062 0.43275622 -0.043861456 242585155291603
0.19694954 -0.04257324 -0.012814917 242585175432893
0.1583833 0.039369214 0.03332302 242585195574390
0.08886765 0.38401818 0.10789421 242585215716095
-0.3409 1.0835708 -0.47974774 242585235857541
1.0440705 3.150773 -0.16329873 242585255999194
-0.5779326 -0.027093291 0.019854322 242585276141838
-0.14852762 -4.2528553 1.3155773 242585296282450
1.366375 -4.0954537 1.5520605 242585316424000
1.0309012 -0.9373236 1.0317982 242585336565705
0.28005856 2.565635 0.14149329 242585356707307
-0.78380835 5.1664124 -0.2176888 242585376848855
-2.0959384 2.3347116 -0.46711624 242585396990458
