0.34313488 -0.73672414 0.049761772 242573352309707
0.35376605 -0.06664252 0.0013220529 242573372451047
0.36227417 0.46944577 -0.03743808 242573392592701
0.3690806 0.8983164 -0.068445995 242573412734407
0.28445756 0.5832496 0.062811434 242573432875852
0.18549743 0.102841616 0.221978 242573453017453
0.0998619 0.05102025 0.2710962 242573473159159
-0.024869652 0.3337962 0.21619217 242573493300657
-0.12762716 -0.031573422 0.23834154 242573513442258
-0.06868481 -0.24159792 0.1653192 242573533584016
0.034086227 -0.33416858 0.054532506 242573553725462
0.15355505 -0.19783938 -0.06689175 242573573867272
0.19499457 0.18816389 -0.14678437 242573594008924
0.15377507 0.5020661 -0.21969965 242573614150319
0.13499203 0.50076365 -0.22376208 242573634291764
0.236848 0.45489338 -0.18393125 242573654433313
0.13969919 0.2451406 -0.017281368 242573674574863
-0.08817555 -0.21599828 0.19737636 242573694716724
-0.3063297 -0.61898357 0.3506508 242573714858534
-0.4536986 -0.55543715 0.4072305 242573734999875
-0.40548337 -0.07174018 0.43228042 242573755141269
-0.13837305 0.3456 0.6073558 242573775283234
0.171366 0.61441076 0.838097 242573795424888
0.41300723 0.8772047 0.75097823 242573815566335
0.04391908 1.1103921 0.56767917 242573835707935
-0.6347714 -0.24858001 0.4568947 242573855849589
-0.9296114 -1.3269981 0.15552995 242573875991138
0.05732148 -1.0313721 -0.5859792 242573896132792
1.064354 0.23393792 -1.2769237 242573916274289
-0.22350517 0.4090701 -1.0623639 242573936416255
-2.0534306 -0.8889315 -0.37190327 242573956557493
-1.274351 -1.2990963 -0.05468315 242573976699147
0.034798674 -0.02710551 -0.2957131 242573996840697
1.1516914 1.4907656 -0.5804461 242574016982193
1.2920874 2.8148272 -0.8076222 242574037124003
0.16828008 2.3749976 -0.6464349 242574057265813
-0.99944633 0.6076089 -0.13285577 242574077407155
