0.8470275 -0.45730993 0.4762161 242577380633505
0.24333969 0.41002226 0.32574242 242577400774950
-0.23959774 1.1038393 0.20536317 242577420916551
-0.6259692 1.6589334 0.1090579 242577441058049
-0.28958386 0.971552 -0.3661497 242577461199650
0.17106785 0.08589986 -0.8644856 242577481341356
0.59883153 -0.5844766 -1.196949 242577501482906
0.907442 -0.86023515 -1.1332505 242577521624403
0.651566 -0.6588425 -0.6829908 242577541766005
0.23055607 -0.39744222 -0.27277443 242577561907658
0.14974561 -0.07793379 0.02691672 242577582049312
0.45247772 0.33783358 0.19649778 242577602191018
0.55842423 0.61458457 0.29955292 242577622332567
0.091347605 0.57851994 0.35846034 242577642474168
-0.5634524 0.35250646 0.30071557 242577662615823
-0.8910363 0.049703747 0.14949256 242577682757321
-0.7696236 -0.17883565 -0.061575428 242577702898922
-0.09638609 -0.31367338 -0.29113287 242577723040419
0.5963103 -0.626105 -0.43541795 242577743182021
0.65626127 -0.9576774 -0.44993365 242577763323570
0.25142127 -0.79402196 -0.23326126 242577783465119
-0.22586268 -0.2478278 0.07145723 242577803606565
-0.55469096 0.19655783 0.29481733 242577823748896
-0.10761632 -0.13787651 0.06318321 242577843890185
0.16318402 -0.631359 -0.20015478 242577864031942
-0.04423769 -0.4366212 -0.06783761 242577884173231
-0.35677928 -0.09469202 0.086228 242577904314886
-0.692545 0.25577003 0.21645674 242577924456434
-0.39279398 -0.3142651 0.01871416 242577944598036
0.4103091 -0.032947063 -0.0824358 242577964739429
0.87589914 0.08701575 -0.14071552 242577984881135
0.43812883 -0.39216298 -0.11210294 242578005022737
-0.21837181 -0.28976443 -0.023189757 242578025164338
-0.38446835 0.11222872 0.09321219 242578045306044
-0.07105331 0.23421639 0.08232562 242578065447750
0.18444572 -0.018629681 -0.037080828 242578085589091
0.18540035 -0.17703085 -0.12727277 242578105730796
-0.019485146 -0.09522059 -0.08710703 242578125872190
-0.09025706 0.1514249 0.028415788 242578146013896
-0.030284882 0.32634816 0.17939799 242578166155549
0.048060372 0.59536463 0.36279964 242578186297046
0.1449667 0.55008936 0.4530034 242578206439429
0.07425305 -0.12714332 0.5314075 242578226580510
0.10799144 -0.9820584 0.59954065 242578246722736
-0.40217024 -1.3678346 0.44439942 242578266864755
0.073848456 -0.5220509 0.52084994 242578287005887
0.23902464 1.3922747 0.71282494 242578307147228
1.2293168 2.189558 0.7020229 242578327288622
0.9194946 2.5392091 0.41906247 242578347430640
0.40396008 1.8699472 -0.05757886 242578367571930
-0.070727944 0.63684344 -0.70607275 242578387713687
-0.30463308 0.0026011467 -0.999144 242578407854977
-0.68484765 -0.24279195 -0.9621904 242578427996734
-0.52918774 -0.34061038 -0.67404544 242578448137815
-0.5278933 -0.09189397 -0.40575844 242578468279573
-0.2010103 -0.09136531 -0.18324782 242578488421070
-0.043580636 0.22603576 -0.013701089 242578508563193
0.56301814 -0.049028188 0.2712503 242578528704481
-0.635442 -0.065457374 -0.33891135 242578548845927
-1.5823468 -0.61022127 -0.86516404 242578568987632
1.4919816 0.15667257 0.010159761 242578589129287
2.7897797 1.5391006 0.670691 242578609270783
1.7361181 1.857629 0.643422 242578629412385
0.33582312 -0.3243727 0.039773032 242578649553883
-0.84261215 0.37657914 -0.4895945 242578669695483
-2.0772982 1.5998329 -1.0687832 242578689837710
-2.793088 -0.25087357 -0.87395483 242578709979103
