-0.20817107 -1.851685 0.16772626 242585417132476
0.19738457 -1.433809 -0.2561102 242585437273817
0.5218494 -1.099513 -0.595201 242585457415367
0.78139526 -0.8320848 -0.86646205 242585477557020
0.5564567 -0.37900433 -0.96783525 242585497698518
-0.11495489 0.2551155 -0.91755396 242585517840275
-0.6520633 0.76239383 -0.87733376 242585537981929
0.7222885 -0.48571366 -0.38448614 242585558123427
1.3586477 -1.2618272 -0.04131812 242585578265236
0.9088924 -1.1528349 0.104667574 242585598406682
0.4978099 -1.0307806 0.21100965 242585618548283
-0.4446125 -0.51159215 0.16172907 242585638689937
-0.2907994 -0.6663752 0.20871255 242585658831486
0.06930578 -0.91463804 0.25941128 242585678973088
0.6674078 -1.074149 0.26818514 242585699114585
0.5712436 -0.49040797 0.088397175 242585719256604
-0.268532 0.5139897 -0.16545914 242585739398153
-0.8917484 1.086076 -0.20672101 242585759539598
-0.69593054 0.8743599 -0.05995895 242585779681357
-0.123140186 0.28068283 0.07659996 242585799822854
0.21518582 -0.18029134 0.15480122 242585819964612
0.23955764 -0.11214699 0.16666044 242585840106161
0.1183186 0.18891509 0.12929352 242585860247659
0.06458235 0.2588683 0.077950746 242585880389364
0.12448503 0.14982781 0.03551314 242585900530862
0.26671743 0.068288684 0.034481194 242585920672047
0.36261207 0.020491347 0.038051028 242585940813647
0.1742478 0.07241905 0.026423343 242585960955354
-0.12411458 -0.1293477 -0.012577478 242585981097371
-0.1159578 -0.14449394 -0.0050012544 242586001238713
-0.21832395 -0.0174607 0.028555043 242586021380210
0.0019010529 0.11300954 0.11222923 242586041522020
-0.11219049 0.051673777 0.026858008 242586061663726
-0.3227962 -0.09776112 -0.046229824 242586081805432
-0.22420716 -0.2816271 0.10353865 242586101946721
0.43198866 -0.29362953 0.4021015 242586122088686
0.6841529 0.14351863 0.2631244 242586142230080
-0.8328397 0.5604824 -0.40956908 242586162371838
-2.095237 0.8156171 -0.47067335 242586182513075
-0.70362926 -1.1267176 0.050258934 242586202654573
0.2926219 -0.8390948 0.8071307 242586222796122
0.19028695 0.26689237 0.8225852 242586242937724
0.7345069 -0.18547256 0.87662125 242586263079273
2.0716293 -0.55393904 1.0301791 242586283220823
2.7775602 -0.0887803 0.77828634 242586303362475
1.8623257 0.15190291 0.09946203 242586323504390
-0.15078466 0.3312694 -0.581369 242586343645783
-1.0985177 -0.56866837 -1.1198639 242586363787437
