-0.6138908 0.11659868 0.14583276 242575829726751
-0.2631668 -0.03712438 0.13375884 242575849868092
0.017433189 -0.16011404 0.12409411 242575870009641
0.24189883 -0.25851035 0.116370216 242575890151243
0.23820326 -0.20750038 0.07098821 242575910292896
0.19817387 -0.14045322 0.026764877 242575930434603
0.31911138 0.11266077 -0.04882436 242575950576203
0.51654375 0.5064592 -0.13677496 242575970717701
0.39333647 0.35621765 -0.078714624 242575990859354
0.2780006 -0.09298554 0.060300052 242576011000905
0.26284224 -0.22054884 0.038267378 242576031142557
0.33919922 -0.049056858 -0.083493896 242576051284263
0.38693202 0.057128668 -0.09931384 242576071425709
0.12789068 -0.12245752 0.089583695 242576091567414
-0.15969926 -0.18405819 0.19048163 242576111709120
-0.27635518 -0.10809222 0.1752904 242576131850774
-0.4005219 -0.03465177 0.12874633 242576151992115
-0.14833649 0.03372588 -0.0048581082 242576172133820
0.30837148 0.018683806 -0.11357719 242576192275527
0.39932424 0.22730228 -0.20558985 242576212417024
-0.10226191 0.400473 -0.038817488 242576232558730
-0.14688 0.16586028 0.027088113 242576252700227
-0.07322366 -0.046868406 0.030749261 242576272841828
0.1439422 -0.05811612 -0.099334165 242576292983431
-0.07843267 -0.029190611 -0.007835064 242576313125344
-0.10755274 -0.43410832 0.049536675 242576333266529
1.0963662 0.39762926 -0.25406247 242576353407922
0.964241 0.5810187 -0.4479259 242576373549524
-0.19213845 -0.299027 0.03908097 242576393691334
-0.7229431 -0.9645743 0.4161121 242576413832935
-0.694515 -0.9368061 0.5891458 242576433974277
0.24730791 0.19637907 0.20994633 242576454115878
2.4159064 0.16797829 0.4028482 242576474257428
1.9638667 0.8523016 0.12036383 242576494399550
-0.5125263 0.27503967 0.46072736 242576514540735
