-0.22376192 -2.9848313 -0.5180072 242563583613910
-0.57186395 -1.8720294 -0.6306271 242563603755148
-0.8503113 -0.98183644 -0.7207035 242563623896697
-1.0730989 -0.2696443 -0.79277956 242563644038351
-1.2488012 0.29658055 -0.8444985 242563664179901
-1.2486538 0.5800493 -0.5950658 242563684321710
-0.8994689 0.9998827 -0.5389171 242563704463311
-0.62012315 1.3357288 -0.49397677 242563724604757
-0.11641128 0.66807836 -0.16109571 242563744746358
0.30174088 0.14244984 0.07358039 242563764888534
0.52901316 0.023557782 0.23447582 242563785029874
0.5138106 0.21097314 0.20825858 242563805171215
0.4720837 -0.23945192 0.34789044 242563825313130
0.18738835 -0.79196936 0.3222001 242563845454418
-0.16501355 -0.6540575 0.23037004 242563865595968
-0.11983844 0.22608398 -0.08080418 242563885737725
0.42232698 0.7164602 -0.26190543 242563905879275
0.48984784 0.9141426 -0.31107947 242563926020668
0.22966452 0.638462 -0.28133902 242563946162427
0.3792295 0.290415 -0.13340375 242563966304028
0.48594886 0.0840796 -0.04587271 242563986445473
0.4674817 0.1509397 -0.049060028 242564006587283
0.27658647 0.34185836 -0.06452208 242564026728885
0.080165565 0.47492647 -0.08093803 242564046870278
0.27573878 0.31708038 -0.025092132 242564067012244
0.049176097 0.24242441 -0.036392562 242564087153638
0.028453367 -0.01665367 -0.016300753 242564107295187
-0.10780796 -0.12035516 0.12671065 242564127436840
-0.22835772 -0.25057244 0.15701275 242564147578338
-0.11001838 -0.20473003 0.059079167 242564167719783
-0.17911196 0.027946528 0.08226018 242564187861280
-0.28653562 0.3465087 0.17990398 242564208003038
-0.15045075 0.33053902 0.31616724 242564228144483
1.5258875 1.3257391 0.16470964 242564248286137
1.0688787 -0.06642239 0.11425701 242564268427739
-0.53612465 -1.3003325 0.39100266 242564288569341
-1.0411519 -1.737538 0.46951842 242564308710994
-0.52522326 -1.1017739 0.38848755 242564328852857
0.788261 0.10731614 0.13422844 242564348994509
2.1571333 1.4150405 0.5142934 242564369135903
1.0139756 1.695765 0.31566298 242564389277608
-0.20691139 0.90142643 0.46473008 242564409418897
