0.3678376 0.490395 -1.3549664 242567994643638
0.07918263 0.23342873 -0.94256604 242568014785188
-0.1517627 0.027848735 -0.612626 242568034926633
-0.3365097 -0.13659607 -0.34869474 242568055068183
-0.48431644 -0.2681712 -0.13752834 242568075210045
-0.37495 -0.04815339 -0.102910794 242568095351490
-0.49339825 0.073950864 -0.11420691 242568115493039
-0.6253356 0.15405583 -0.12503201 242568135634797
-0.5798077 0.159463 -0.094551876 242568155776451
-0.20171252 0.5458872 -0.12996185 242568175917792
0.2465907 0.47598273 -0.034414567 242568196059186
-0.035988055 0.10833584 0.23805238 242568216200682
-0.44577146 -0.095656864 0.42998952 242568236342650
-0.28113237 0.06795225 0.32587633 242568256484146
0.12538265 0.36277702 0.21646167 242568276625539
0.23734346 0.35125303 0.08114907 242568296767662
0.4811263 0.052298438 0.13802157 242568316909212
0.20077676 -0.37716448 0.15110438 242568337050918
0.18305025 -0.25095308 0.12530261 242568357192362
0.22493906 0.1717803 -0.006823104 242568377334016
0.24866527 0.3762474 -0.07702491 242568397475618
0.24146715 0.15555544 -0.051133007 242568417617220
0.2557476 -0.06206211 -0.06349669 242568437758612
0.31486934 0.047610532 -0.16894625 242568457900370
0.21437207 0.26438394 -0.20977661 242568478041972
0.13104488 0.2477819 -0.16332099 242568498183574
0.35505834 0.14039847 -0.08895241 242568518325019
0.4904856 0.06976421 -0.010598406 242568538466568
0.33364356 0.019503865 0.16846856 242568558608066
-0.18916449 -0.14975594 0.30646232 242568578749562
-0.5376386 -0.4122234 0.42282072 242568598891112
-0.36814532 -0.7564771 0.5301653 242568619032870
-0.110798344 -0.32266402 0.5635962 242568639174472
0.5428058 0.6155734 0.60774803 242568659316126
1.0445347 1.7618872 0.42589056 242568679457727
0.83439475 1.8047556 0.24545759 242568699599277
0.20614061 0.45009732 0.36545062 242568719740826
-0.40910882 -1.5407152 0.375354 242568739882323
-1.0674208 -2.4905405 0.19716722 242568760024133
-0.8582214 -2.2650137 -0.16961795 242568780165631
-0.45621654 -0.50416833 -0.7963589 242568800307076
0.3702309 1.7888716 -1.5634187 242568820448938
0.018817663 2.0886767 -1.4433949 242568840590436
-1.2446375 -0.9181038 -0.1785087 242568860732141
-0.68767244 -1.7110119 0.25223225 242568880873638
-0.4639922 -0.10782431 -0.058342695 242568901015292
-0.380806 1.2464539 -0.4367703 242568921156738
0.5414646 1.9095554 -0.648442 242568941298651
0.7017113 1.6540939 -0.3266384 242568961440149
