-0.28164494 1.8074257 -0.3853129 242590110121399
-0.1905096 0.77306354 0.034109697 242590130262844
-0.117617935 -0.054390043 0.3696252 242590150404446
-0.08069323 -0.58191967 0.5773213 242590170545995
-0.16683921 -0.27679223 0.41511667 242590190687754
-0.235762 -0.03270477 0.2853467 242590210829146
-0.17180824 -0.23170708 0.2766467 242590230970748
-0.024664767 -0.40387237 0.27288648 242590251112559
0.32363814 -0.25321323 0.11323181 242590271254003
0.45631915 0.0018250197 -0.022980563 242590291395762
0.49079725 0.21143408 -0.114644006 242590311537258
0.6826197 0.03610027 -0.12559189 242590331679121
0.6106204 -0.32488334 0.07117193 242590351820409
0.4468012 -0.29184717 0.0815268 242590371962064
0.08821297 -0.5564762 0.19409153 242590392103666
0.12634496 -0.589938 0.2822667 242590412245266
0.02428893 -0.07264821 0.110695034 242590432386920
0.0023990367 -0.058631152 0.12339312 242590452528313
0.062110245 -0.08536745 0.039230134 242590472670071
0.0027582198 0.101529345 0.031113071 242590492811256
-0.07876104 0.38026676 -0.0031358227 242590512952858
-0.1497329 0.29228762 0.048668638 242590533094980
-0.24249333 0.24915539 0.07110055 242590553236582
-0.23584786 0.14905602 0.12431739 242590573377819
-0.03663307 0.073818885 0.123402506 242590593519576
0.19601713 0.1005138 0.039215837 242590613660970
0.096331134 0.16237137 0.04849061 242590633803039
-0.09135574 0.16748804 0.06664674 242590653944485
-0.01904474 -0.18259321 0.12659173 242590674085774
-0.044053577 -0.48399633 0.2931798 242590694227376
0.32434505 -0.13515335 0.33557487 242590714368926
0.92490894 0.1568475 0.39852455 242590734510527
2.9163797 0.4661172 0.43547487 242590754652494
1.5534612 0.93481773 -0.07292035 242590774793990
-1.8721193 -0.55957085 0.24845947 242590794935436
-3.8582802 -2.2330546 0.40168503 242590815077037
-3.0618548 -3.3458543 0.3722943 242590835218691
-1.3601508 -1.9766184 0.036575437 242590855360083
0.3868888 -0.33254117 -0.8522692 242590875501842
1.8193009 0.68729174 -1.3041501 242590895643496
1.5194492 0.9856031 -1.2419573 242590915784889
0.3690275 0.59734344 -0.65273356 242590935926647
-0.42108113 -0.45264283 -0.110174954 242590956068143
