0.29538286 -2.7136607 -0.4317795 242562717524679
0.5874418 -0.7715268 -0.81627375 242562737666488
0.42446458 0.17343643 -0.9036733 242562757807934
0.29389066 -0.06436232 -0.6788602 242562777949587
0.18945006 -0.25458205 -0.4990161 242562798091137
0.10589056 -0.4067732 -0.3551358 242562818232842
0.60453695 -0.76944447 -0.09492901 242562838374340
0.17161445 -0.400527 -0.021852165 242562858515890
-0.1758008 -0.16121316 -0.054230586 242562878657439
-0.4396634 0.026717037 -0.10174782 242562898798833
-0.4513831 0.32105088 -0.08877732 242562918940746
-0.5131064 0.10676256 -0.10854132 242562939082244
-0.34386286 -0.27525872 -0.08948055 242562959223793
-0.2351379 -0.12480543 -0.26010722 242562979365499
0.047226027 0.29485217 -0.24666885 242562999507049
-0.08601703 0.6458414 -0.16392541 242563019648806
-0.24734879 0.8963636 -0.01402095 242563039790356
-0.19005178 0.6435216 0.14704463 242563059931958
0.19905576 -0.049367964 0.21197316 242563080073507
0.36570966 -0.3630235 0.27349737 242563100215160
0.28698915 -0.38523537 0.2360897 242563120356762
0.14626774 -0.3036075 0.1751211 242563140498259
0.15949936 -0.05928027 0.08912389 242563160639705
0.27895823 0.15462545 0.0042787725 242563180781307
0.3314509 0.25607598 -0.059501488 242563200922856
0.31646812 0.05950249 -0.008643179 242563221064458
-0.03795887 -0.18520415 0.021393761 242563241206007
-0.15370372 0.060733438 -0.091947004 242563261347661
0.043991804 0.47101617 -0.1418322 242563281489262
0.15530926 0.8799083 -0.16664755 242563301630812
0.13938698 0.6947219 0.01402925 242563321772726
-0.084892064 -0.368611 0.372403 242563341914223
-0.06925726 -0.14699522 0.40086508 242563362055617
0.30344275 1.1225321 0.16852748 242563382197322
-0.4073684 -0.22998598 0.16930449 242563402339132
-0.25359637 -1.526763 0.88216126 242563422480993
-0.05738595 -1.1423641 0.8789499 242563442622231
0.29769546 0.6077784 0.6424365 242563462763728
0.6587005 2.6022463 0.3729295 242563482905486
-0.24785274 2.092889 0.14445579 242563503047089
-0.4769833 -0.51571 0.3486976 242563523188533
