-0.8523952 1.214443 0.5754709 242561871578923
-0.81109285 0.98729753 0.5307981 242561891720578
-0.7780725 0.8055792 0.49508655 242561911862335
-0.75162965 0.66019595 0.46649373 242561932004093
-0.81792593 0.41517216 0.45395404 242561952145173
-0.88513464 0.19830176 0.44559997 242561972287036
-0.8666917 0.11469886 0.4335853 242561992428585
-0.45872384 0.14020818 0.4630679 242562012570082
0.3189256 -0.50851566 0.664297 242562032711476
0.6595294 -0.863714 0.67509174 242562052853181
0.374484 -0.6915431 0.42351222 242562072994887
0.019895144 -0.19260107 0.121371284 242562093135760
-0.146781 0.3425222 -0.06515885 242562113277362
0.2634378 0.4750107 -0.03748311 242562133418702
0.57745373 0.3100187 -0.008283828 242562153560356
0.46261138 0.06444545 0.05147637 242562173703312
0.29032445 0.002298139 0.04957184 242562193845069
0.18493694 -0.04137565 0.024712052 242562213984588
0.16472544 -0.037308134 0.08050597 242562234126294
0.3494043 -0.07275507 0.082435526 242562254267479
0.5614619 0.13924211 -0.039048392 242562274441111
0.375777 0.35346177 -0.035720773 242562294550733
0.10980277 0.4923606 0.014506772 242562314692491
0.04333975 0.1211727 0.08270104 242562334834249
0.18716893 -0.35638684 0.1599429 242562354975747
0.062076192 -0.10936278 0.12462526 242562375117139
-0.046625383 0.3067164 0.0031803697 242562395258793
0.072657615 0.6599399 -0.05295281 242562415400604
0.28513566 0.40385637 0.018438637 242562435542049
0.17116639 -0.07368511 0.18105993 242562455683702
-0.16812058 0.005459016 0.13110468 242562475825356
-0.32843167 0.09372456 0.11185579 242562495967165
-0.2874769 -0.029633887 -0.10074217 242562516108559
1.0288095 0.5971526 -0.10804509 242562536250213
0.660251 0.6274746 0.07144156 242562556391502
-0.97387177 -0.19636817 0.48139104 242562576533416
-1.0001346 -1.4650146 1.0927662 242562596674965
0.70781314 -0.47471002 0.7887612 242562616816359
2.6076646 2.3333983 0.65183413 242562636958324
0.87193084 2.4417298 0.14107874 242562657099561
-1.2447319 -1.5381334 0.115651205 242562677241685
-1.4559038 -4.54765 0.14760888 242562697383650
