-0.46843278 -0.33796448 -0.03911829 242581106829898
-0.30527687 -0.2031654 0.09008244 242581126971447
-0.17474598 -0.09531561 0.19344106 242581147112893
-0.082388625 -0.04175584 0.26690862 242581167254494
-0.052532174 -0.118312836 0.29206577 242581187395939
-0.028649747 -0.17955458 0.31220272 242581207537697
-0.060292125 -0.24605343 0.25448883 242581227679195
-0.034691 0.0014377083 0.049434323 242581247820744
0.07089119 0.43208385 -0.105026186 242581267962346
0.17439252 0.8083205 -0.20440528 242581288104156
0.20609576 0.8118206 -0.1532643 242581308245602
0.06771059 0.4464153 -0.09658959 242581328387619
0.23802742 0.08783581 0.015213102 242581348528908
0.64976805 -0.07023142 0.14006114 242581368670407
0.7322038 -0.0052601993 0.1828859 242581388812216
0.42838678 0.38713023 0.008135401 242581408953557
0.10282071 0.66890395 -0.13685322 242581429095315
-0.23020399 0.59646344 -0.09155558 242581449236812
-0.2088632 0.20873737 0.021454826 242581469378361
0.052936114 0.16740929 0.025244335 242581489520067
0.2503551 -0.047006235 0.17755619 242581509661251
-0.03676422 -0.52420163 0.21612741 242581529802958
-0.08556035 -0.4043542 0.24232468 242581549944664
-0.26575872 0.12900223 0.11740493 242581570086160
-0.3099098 0.29690775 0.010829851 242581590227867
-0.023894012 0.2481932 0.035347853 242581610369677
0.3750681 0.36386117 0.18335667 242581630511331
-0.008128881 1.3387549 -0.08750215 242581650652828
-0.7117632 0.6176574 -0.26914996 242581670794221
0.04722351 -1.284564 0.2554194 242581690935719
0.99406147 -1.1733794 0.38990903 242581711077216
0.9797238 -0.17823535 0.5303388 242581731219286
0.52828354 0.6797887 0.53409487 242581751360627
0.14413711 0.43177688 0.55987734 242581771502489
0.38187715 -0.65541106 0.58550316 242581791644038
1.2856483 -2.2203386 0.60127264 242581811785432
1.4591463 -2.6195436 0.30782944 242581831926981
1.2791612 -1.2943854 -0.014138639 242581852068635
0.53327155 -0.40201598 -0.44950467 242581872210185
0.3627794 -0.28622925 -0.5887954 242581892389183
0.94533885 -0.0283764 -0.7459176 242581912493335
0.2758507 0.99739885 -1.2060708 242581932635561
-1.9137572 1.9329581 -1.2768863 242581952776903
