-2.0948997 -2.1632378 -0.24304825 242587229872272
-0.9028889 -0.81290853 -0.5664014 242587250013769
0.050757587 0.26740915 -0.8251187 242587270155370
0.81364316 1.1316009 -1.0320721 242587290297129
0.8499086 1.0221324 -0.89964604 242587310438573
0.3734899 0.22944747 -0.531349 242587330580123
-0.007643841 -0.4046923 -0.23672615 242587350721673
0.26512882 -0.13018188 -0.24646759 242587370863274
0.044306524 0.3319142 -0.16975155 242587391004980
-0.1418083 0.0073332824 -0.1226415 242587411146633
-0.13792548 -0.19581988 -0.12194653 242587431288184
0.3276922 0.021607995 -0.20445718 242587451429941
0.60600543 0.37803265 -0.256303 242587471571334
0.8477324 0.557755 -0.27542156 242587491712936
0.9993355 0.5515638 -0.21534233 242587511854641
0.73392546 0.24515565 -0.11603776 242587531995930
0.5218396 -0.19761157 -0.039929934 242587552137584
0.42972064 -0.3243788 -0.017733932 242587572279081
0.41943794 -0.07126798 -0.026276018 242587592420891
0.45864874 0.0626 -0.010715231 242587612562702
0.3662193 -6.4884126E-4 0.02855036 242587632704095
0.2656988 -0.103566214 0.026856687 242587652845488
0.2199094 -0.26147386 0.018405668 242587672987142
0.14614522 -0.2713373 0.06605359 242587693128951
0.03900642 -0.026603267 0.14972216 242587713270241
-0.091482386 0.19718924 0.200233 242587733411998
-0.12345098 0.28210306 0.2132002 242587753553548
-0.028721573 0.09910949 0.19173525 242587773695514
-0.08822778 0.067723475 0.22018752 242587793837063
-0.034154348 0.029516354 0.1796641 242587813978353
0.21746454 -0.13717076 0.084006 242587834119849
0.37713134 -0.03643816 0.061211616 242587854261608
0.30297035 -0.037360564 0.096423805 242587874403157
0.08354215 0.048397 0.1711662 242587894544863
-0.05424229 0.16458252 0.23603222 242587914686308
-0.08982922 0.22586864 0.29679447 242587934828066
-0.030122891 0.27836612 0.35991746 242587954969667
0.27433658 0.06787464 0.4677076 242587975111113
0.6304501 -0.3999425 0.55355895 242587995252767
0.8816386 -1.3281448 0.3023235 242588015394836
1.446955 -2.4775105 -0.31648505 242588035536335
1.2516 -0.600259 -0.41768986 242588055677675
-0.9677334 2.2650123 0.21217781 242588075819381
-3.1601534 2.6748757 0.8789817 242588095960878
-3.5817795 0.9908665 0.85836625 242588116102792
-2.0490224 1.040065 0.14149964 242588136244238
-0.067664534 0.7742047 -0.7264723 242588156385579
1.8326242 0.14304787 -1.5141472 242588176527129
2.8273568 0.29974225 -1.7287558 242588196669095
2.1162965 0.787996 -1.1823447 242588216810279
