-0.7564294 -0.88382196 0.27717087 242590996351816
-0.5290357 -0.27298963 0.1394837 242591016493522
-0.34710795 0.2156521 0.029334633 242591036634915
-0.2082708 0.574931 -0.056195743 242591056776464
-0.25437835 0.11995159 -0.06371579 242591076918066
-0.29127765 -0.24402681 -0.06974184 242591097059667
0.08708253 -0.22015043 -0.16141094 242591117201425
0.65469253 0.2791766 -0.3184112 242591137342818
0.59036875 0.48681387 -0.27108416 242591157484680
0.18906894 0.370494 -0.09195431 242591177626074
-0.14464214 0.036975235 0.08922276 242591197767988
-0.0816889 -0.17981708 0.14163852 242591217909485
0.17087281 -0.23044425 0.11362775 242591238051034
0.19943786 0.17722912 0.04860527 242591258192532
-0.014082193 0.29008216 0.08834211 242591278333821
0.05396675 -0.015452515 0.09544695 242591298475423
0.31477508 -0.21031624 0.073706344 242591318617128
0.35583824 -0.36003014 0.108679056 242591338758834
0.023301117 0.20651987 0.013762407 242591358900280
-0.12122128 0.36555725 0.050741605 242591379041933
0.19146493 0.016627654 0.01061077 242591399183483
0.26400447 0.06459443 0.010247391 242591419324980
0.21113017 0.07435516 0.051238038 242591439466738
-0.10906491 0.028900474 0.16535881 242591459608183
-0.30739814 0.035881072 0.21487665 242591479750045
-0.1822952 0.106842205 0.18114851 242591499891334
0.0655285 -0.074297085 0.11138971 242591520033144
0.18338588 -0.011059072 0.09095013 242591540174746
-0.1310491 0.25056887 0.21634975 242591560316191
-0.009245679 0.25745496 0.5763784 242591580457897
0.85754627 0.33197317 0.754521 242591600599550
2.087268 0.4761949 0.50110745 242591620741360
4.2908487 -0.5357226 0.048282027 242591640882857
0.54369354 0.7340628 -0.14755727 242591661024147
-5.949524 0.7910185 1.3574686 242591681165749
-6.51075 -1.3399163 1.7338481 242591701307766
-2.6893117 -0.8148662 0.27292925 242591721449264
0.15704238 0.6997497 -1.1022218 242591741590552
1.631549 0.8729012 -2.2383413 242591761732311
3.4452164 1.3803705 -1.9602041 242591781873912
3.019775 1.7722794 -2.0529275 242591802015410
1.8335427 1.3615413 -0.9933677 242591822157063
0.6684546 0.5196098 -0.59336704 242591842298925
