-0.37336293 -1.7122824 -0.7280877 242566202022166
0.31848103 -0.79823565 -0.90686834 242566222163299
-0.044702657 -0.15411982 -0.79422086 242566242304900
-0.3352796 0.36118984 -0.7041055 242566262446606
-0.56773144 0.7734554 -0.63200796 242566282588260
-0.07578677 0.4887537 -0.43470582 242566302729705
-0.052642606 -0.32144767 -0.05325257 242566322871462
-0.049648672 -0.99020064 0.26003346 242566343013064
-0.022249326 -0.9375961 0.25142562 242566363154666
-0.052220866 -0.55107456 0.102153145 242566383296736
-0.33834535 -0.44379064 -0.08866874 242566403437870
-0.37065583 -0.6245558 -0.104284555 242566423579574
-0.14549887 -0.57690823 -0.17853686 242566443721072
0.09569841 0.0565567 -0.36555737 242566463862778
0.09782581 0.85375243 -0.4813434 242566484004535
0.2629672 0.8441772 -0.45216236 242566504145824
0.15003726 0.6615261 -0.26533896 242566524287114
0.16603453 0.306629 0.0038645118 242566544447858
0.08098626 0.18361881 0.027899507 242566564589459
0.12741317 0.02690985 0.12390615 242566584731113
0.13707379 -0.12239077 0.18809192 242566604872766
0.06059467 -0.26398507 0.2095428 242566625014264
0.033274814 -0.22296941 0.25693637 242566645156021
-0.08083598 -0.12520647 0.18204197 242566665297415
-0.024734886 0.1484033 0.049639218 242566685439067
-0.13413474 0.28209186 0.089171454 242566705580669
-0.114371136 0.08637269 0.028809186 242566725722324
0.1329032 -0.122993305 0.17098205 242566745863977
0.25750235 0.07527959 0.04593383 242566766005475
0.28193825 0.3342148 -0.033413976 242566786147596
-0.13353509 0.23095325 0.10551992 242566806288938
-0.22930148 -0.112989746 0.37898278 242566826430747
-0.35889632 -0.3480965 0.42569783 242566846572037
-0.13359457 0.04638584 0.20232098 242566866713483
0.51146466 0.77379835 0.011375487 242566886855032
1.0316626 1.6544019 0.725108 242566906996790
-0.61470354 1.4989395 0.7361499 242566927138339
-0.61187756 0.43484887 0.971542 242566947279992
-0.34897077 -1.0488449 0.92178726 242566967421437
0.6640981 -2.1972935 0.7491632 242566987563300
-0.19202092 -1.556419 -0.11612421 242567007704693
-0.23444635 -0.5978644 -0.72324806 242567027846243
-0.52974373 0.4104112 -1.3541348 242567047987844
-0.57805526 0.26243204 -1.3383713 242567068129914
