-0.5222483 -0.7159757 0.072133005 242575084487181
-0.18902452 0.07165839 -0.01105469 242575104629355
0.07755541 0.7018063 -0.077602684 242575124770539
0.2908185 1.2058839 -0.13084272 242575144912037
0.14395386 0.82883364 -0.009984106 242575165053586
-0.10963467 0.19270076 0.15675148 242575185195188
-0.26461604 -0.19853175 0.26478678 242575205336842
-0.10842769 0.09509922 0.18992005 242575225478391
0.17453149 0.47845897 -0.0063194484 242575245620045
0.049958415 0.25683576 0.018102579 242575265761699
-0.056836825 -0.085108444 0.078001924 242575285903248
-0.10654066 -0.32832006 0.13423099 242575306044849
-0.05512319 -0.28866428 0.11673902 242575326186138
0.08073391 -0.114419684 0.036550354 242575346327844
0.27322233 0.16464917 -0.05889371 242575366469289
0.3274698 0.24903148 -0.020983785 242575386611516
0.280416 0.40951765 1.425147E-4 242575406752858
0.12225555 0.43908426 0.040690377 242575426894512
-0.003963966 0.03904324 0.10384905 242575447036217
0.14546911 -0.19632524 0.062215026 242575467177714
0.103864074 -0.038364686 0.085835345 242575487319524
-0.021416925 -0.03715601 0.27518755 242575507460709
0.0070202053 -0.26077014 0.55325484 242575527602362
0.7664135 0.3384245 0.61948276 242575547743704
0.85102624 1.0772789 0.6021546 242575567885514
0.16000682 0.6128581 0.55417466 242575588026854
-0.1127641 -0.038053557 0.25047594 242575608168665
-0.53112423 -0.9506373 -0.13991654 242575628310370
-1.7857254 -1.4315802 0.09362042 242575648451920
-2.1435003 -1.3818828 0.0896253 242575668593417
-2.0077138 -0.91484535 -0.13086724 242575688735332
-1.2715496 -0.27579913 -0.2999936 242575708876880
0.023554176 0.28954268 -0.6992309 242575729018222
1.5342369 0.86318195 -1.3137693 242575749159876
2.03515 2.1502154 -1.3625311 242575769301321
0.48888308 1.659652 -0.7262617 242575789442974
-0.6972124 0.5464127 -0.021821238 242575809584680
