0.76067024 0.7616991 -0.57906926 242570794326672
0.98913425 0.8947719 -0.52968085 242570814468170
0.61232233 0.32066244 -0.26738432 242570834609719
0.41541383 -0.17590545 -0.08443368 242570854751529
0.33675188 -0.5645999 0.038350016 242570874893078
0.328404 -0.3242606 -6.226525E-4 242570895034628
0.33362132 0.39466432 -0.1514498 242570915176230
0.26383695 0.47320026 -0.0910777 242570935317779
0.18769032 0.13992259 0.1027202 242570955459589
-0.05984428 -0.25358498 0.28326458 242570975601034
-0.06520906 -0.30772978 0.27579802 242570995742324
0.20181556 0.04753064 0.09390139 242571015883769
0.43572408 0.15689753 -0.056570895 242571036025423
0.22861058 0.022709716 0.022051916 242571056166920
-0.22595517 -0.12030475 0.19826281 242571076308573
-0.3277763 -0.15345332 0.22924569 242571096450175
0.04209597 0.028123816 0.08978556 242571116591516
0.18732426 -0.025496442 -0.003827469 242571136733014
0.06365326 -0.19017746 0.073870465 242571156874615
0.018672153 -0.35304993 0.2145498 242571177016321
-0.16893107 -0.20762298 0.33187872 242571197157818
-0.26599148 -0.13366249 0.4379397 242571217299524
-0.16171718 -0.09157494 0.5508473 242571237441126
0.15747817 0.19486369 0.61633456 242571257582675
0.81187344 0.32560426 0.6455906 242571277724224
0.6825619 0.1711593 0.7170325 242571297865773
-0.41716993 -0.60038376 0.91753304 242571318007741
-1.3999202 -1.5388979 0.5166466 242571338149393
-1.8512412 -1.6499928 0.06081879 242571358290891
-1.0467323 -1.2275048 -0.564252 242571378432389
1.1155927 0.21685979 -1.1955665 242571398573886
1.1302745 0.5956065 -1.3767734 242571418715487
-0.15590706 -0.32164228 -0.85036963 242571438857297
-0.4626693 -0.29791644 -0.56309247 242571458998587
-0.08310871 0.39087358 -0.6425723 242571479140656
1.2478129 0.89591867 -0.4902094 242571499281842
1.2821573 1.1800216 -0.3625385 242571519423547
0.23309436 0.8800693 0.022482038 242571539565097
