0.119318865 -0.47133887 0.03534078 242569928237284
-0.05155232 -0.6217735 0.2232698 242569948379042
-0.10840956 -0.6334501 0.31252697 242569968520383
0.24535653 -0.09937622 0.078514665 242569988661985
0.528381 0.3278803 -0.10869765 242570008803638
0.64498615 0.5368469 -0.22607937 242570028945292
0.6062774 0.3951984 -0.21610731 242570049086841
0.44260824 0.18076938 -0.06956391 242570069228443
0.2662236 0.016294273 0.09295154 242570089370202
-0.106429264 -0.2145176 0.23326093 242570109511699
-0.071811415 0.12546174 0.14218944 242570129653509
-0.14447653 0.046963163 0.13619398 242570149795057
-0.017411884 -0.2716804 0.1824204 242570169936763
-0.0143919885 -0.3931421 0.15660235 242570190078000
0.06511611 -0.02148973 -0.014120109 242570210219706
0.41082698 0.43805593 -0.14520106 242570230360943
0.42665824 0.5118008 -0.09847431 242570250502545
-0.085768044 0.3204583 0.06958621 242570270644251
-0.2623895 -0.16490003 0.19278657 242570290785799
-0.23285612 -0.3114042 0.2204963 242570310927870
0.015027212 0.024227217 0.121749185 242570331069264
0.24927652 0.26011366 0.11905154 242570351210917
0.5558555 0.28108615 0.37962762 242570371352414
0.79987067 0.5089483 0.5466713 242570391493964
0.89099073 1.0379727 0.44341707 242570411635358
0.18694773 0.70204926 0.36809483 242570431777011
-0.9011569 -0.87412155 0.48763403 242570451918821
-1.1361263 -1.7445973 0.4706006 242570472060318
-1.2661011 -1.5638664 0.13379782 242570492201868
-1.2203635 -0.60172534 -0.2898497 242570512343312
-1.0216031 0.415475 -0.8600181 242570532485175
0.6606221 1.62389 -1.1025851 242570552626671
0.075837046 1.8679173 -1.5088661 242570572768117
-1.5106059 -0.142297 -0.19553232 242570592909824
-1.5759715 -1.3769748 0.37998366 242570613051425
-1.1006463 -0.9416656 0.38088077 242570633193131
-0.53931695 -0.119632855 0.19852558 242570653334836
1.1073613 0.9488292 -0.34922546 242570673476282
1.9564824 1.983193 -0.61976224 242570693617779
0.48143443 1.6465632 -0.27816218 242570713759328
-0.42420596 -0.23369259 0.25637466 242570733901191
-0.45755446 -1.4072944 0.39268258 242570754042636
