0.0208897 -0.40737602 -0.32728404 242589163466074
-0.18153973 -0.11959725 -0.15277547 242589183607884
-0.34348103 0.110606514 -0.013176595 242589203749172
-0.4730256 0.2947832 0.098508805 242589223890774
-0.4798276 0.14588714 0.08551963 242589244032323
-0.4410157 -0.1086196 0.028364219 242589264173977
-0.3686772 -0.28272983 -0.030467212 242589284315527
0.4166028 0.12711702 -0.30179983 242589304457076
0.61565495 0.535873 -0.2953186 242589324598730
0.7749067 0.86289865 -0.29014263 242589344740279
0.4181965 0.80391276 -0.03103441 242589364881933
-0.114917465 0.47782874 0.18836 242589385023587
-0.1609177 0.16327135 0.20273174 242589405164980
0.053017322 0.063756235 0.15892848 242589425306374
0.22395281 0.18673585 0.03931337 242589445448027
0.315183 0.10597478 -0.018219188 242589465589629
0.3574701 -0.030926064 0.0054263584 242589485731855
0.37462345 -0.16875419 -0.010385598 242589505873196
0.32742766 -0.28991425 0.051300682 242589526014902
0.12602252 -0.17189844 0.11496936 242589546156503
0.07680102 0.051902518 0.07031302 242589566298001
0.24091959 0.16614982 -0.001122579 242589586439654
0.44455877 0.17483826 -0.039974526 242589606581152
0.293626 0.12179937 0.06880517 242589626722701
-0.06795268 -0.0018214732 0.2221581 242589646864407
-0.121255256 0.11265516 0.20808442 242589667005904
0.034289885 0.15453902 0.12967113 242589687147714
0.2991628 0.08128108 0.05542242 242589707289315
0.17800578 -0.037574366 0.08090264 242589727430917
-0.03223341 0.16068476 0.12916282 242589747572571
-0.101894036 0.2660697 0.1295133 242589767714069
-0.1493524 0.15835035 0.13620244 242589787855410
-0.19804241 0.040200487 0.3225506 242589807996907
0.08042517 0.12171501 0.52322525 242589828138457
1.0664539 0.24502486 0.4324808 242589848280319
1.751874 0.7854954 0.2482695 242589868421660
0.47527704 0.8812251 0.3354778 242589888563469
-0.23945016 -0.5312649 0.5702679 242589908704863
-1.1367205 -0.93475276 0.016310304 242589928846621
-2.553569 -1.1330727 -0.11950624 242589948988222
-2.2772841 -1.9963473 -0.09340942 242589969129824
-1.1816648 -1.5492499 -0.42480123 242589989271217
-0.65901077 -0.2684954 -0.89156866 242590009413079
0.4643684 0.70977056 -1.0660229 242590029554524
1.8180203 2.3456755 -1.3375193 242590049695970
1.5755711 3.8482373 -1.4945313 242590069837676
-0.04599178 3.0612953 -0.92771745 242590089979329
