-0.81435233 -3.271333 -0.18605405 242564469844223
-0.4917171 -2.2092407 -0.37788478 242564489985616
-0.23361579 -1.3595889 -0.5313299 242564510127323
-0.02713298 -0.67987937 -0.65408295 242564530268975
0.1380395 -0.13610123 -0.7522867 242564550410525
-0.22404473 0.08774415 -0.6375614 242564570552022
-0.19368054 0.08472097 -0.46139446 242564590693572
0.036214184 -0.06459425 -0.27433652 242564610835226
0.03838986 -0.20403092 -0.03477156 242564630976775
-0.32142058 -0.21410999 0.09565599 242564651118585
-0.71721846 -0.18615028 0.15360431 242564671260082
-1.0625316 -0.020605668 0.045025557 242564691401633
-0.75364214 -0.15124187 -0.06739561 242564711543077
0.0099502355 -0.08105175 -0.22371924 242564731684731
0.40352586 0.2380231 -0.29132158 242564751826176
0.06773189 0.5399471 -0.16487622 242564771967674
-0.5663897 0.7576392 -0.0016682595 242564792109484
-0.4008661 0.66893184 0.037266403 242564812251242
0.095400296 0.11756017 0.106171936 242564832392583
0.18609878 0.091033146 0.02143981 242564852534132
0.15820464 0.18598306 0.00879306 242564872676099
0.02722422 0.341702 0.08241041 242564892817335
0.08212376 0.16111842 0.10731852 242564912959250
0.23975922 -0.18705243 0.089541435 242564933100799
0.23450907 -0.3243396 0.10173008 242564953242608
0.13730554 -0.16733582 0.043427676 242564973384107
-0.115190335 0.003006353 0.029005334 242564993525603
0.08576436 -0.034364354 0.078008026 242565013667257
0.2580874 0.083366975 0.0492945 242565033808910
0.13702308 0.64560163 -0.06399232 242565053950773
0.069217026 0.7968775 -0.08966729 242565074092009
-0.23898467 0.68655837 -0.28339627 242565094233871
0.9047533 1.4619694 0.023726255 242565114375422
-0.59265786 -0.7786804 0.4199642 242565134516762
-0.6910196 -3.063074 1.0819693 242565154658364
0.5659197 -2.5618143 1.0966686 242565174799861
0.6749881 -0.30473286 0.97902787 242565194941515
0.010754049 2.1191099 0.23734742 242565215082959
0.8480325 4.535691 0.3037511 242565235224614
-0.79681456 2.9120526 -0.1942932 242565255366164
-0.9825517 -1.2039552 0.3821153 242565275507973
