-1.1107719 -0.11178446 0.2548716 242576534685980
-1.3905456 -0.41207102 0.020652026 242576554827685
-1.6143644 -0.6523001 -0.16672331 242576574969287
-1.6609707 -0.78074867 -0.32673255 242576595110783
-1.0211785 -0.5576484 -0.5063443 242576615252750
-0.50935525 -0.3791796 -0.65004164 242576635394195
-0.21390694 -0.38768238 -0.65560067 242576655535745
-0.16235054 -0.5401762 -0.4882569 242576675677137
-0.17267294 -0.6678468 -0.22338867 242576695818843
-0.18310535 -0.7639011 0.012775332 242576715960602
-0.43290058 -0.7273595 0.17161107 242576736102046
-0.646813 -0.6506355 0.3192278 242576756243856
-0.8476455 -0.48930025 0.36284542 242576776385302
-0.95407987 -0.32308182 0.40051872 242576796526799
-0.66665184 -0.13247326 0.22086456 242576816668400
0.059993714 0.12177704 -0.027600888 242576836809794
0.48572326 0.30996895 -0.24985774 242576856951292
0.44713342 0.31633523 -0.22255072 242576877093621
0.50078017 0.24180983 -0.20548582 242576897234755
0.69357777 0.55888253 -0.24577498 242576917376616
0.7978059 0.47143984 -0.12145725 242576937518219
0.78698695 0.25333953 -0.04283212 242576957659611
0.5675043 0.043086395 0.09008076 242576977801161
-0.15021843 -0.06303218 0.31389815 242576997942605
-0.6481318 0.049675405 0.34958243 242577018084364
-0.63460827 -0.046266556 0.26318544 242577038225758
-0.57285935 -0.08793536 0.22210461 242577058367306
-0.6110445 -0.42636418 0.25526437 242577078508961
-0.66107213 0.10249415 0.38406935 242577098650770
-0.32566786 0.16176009 0.04871559 242577118792164
0.51588565 0.08976999 -0.5087769 242577138933869
1.1937631 0.16594645 -0.84051687 242577159075627
1.1628064 -0.08276716 -0.63503253 242577179216969
0.060805067 -0.42316103 -0.12123433 242577199358726
-0.05930561 -1.0154848 -0.7454754 242577219500380
0.6467927 -2.2684846 -0.5694017 242577239641825
0.6160508 0.94504774 0.40694922 242577259783688
0.15701318 1.7309654 1.0388317 242577279925028
-0.07908782 0.37795466 0.7906648 242577300066630
0.18865529 -0.60053885 0.32205224 242577320208127
0.15275267 -1.5304847 0.598147 242577340349833
0.4759557 -1.0638746 0.42321524 242577360491383
