-1.6873498 -0.7318135 0.16231067 242571579848716
-0.8150711 -0.39548293 -0.0039130747 242571599990266
-0.21466921 -0.11703593 -0.11202165 242571620131764
-0.2009375 0.15061988 -0.07937157 242571640273470
-0.18994005 0.36474234 -0.053252675 242571660414915
-0.2040439 0.24095578 0.01363869 242571680556725
-0.19458473 0.08819371 0.1050669 242571700698170
-0.032389253 0.1585054 0.036850236 242571720839771
0.15681866 0.27963513 -0.08034049 242571740981373
0.2375943 0.36036903 -0.060007494 242571761123183
0.23030145 0.043081973 0.031067057 242571781264576
0.2607772 -0.20815805 0.13217708 242571801406229
0.22360541 -0.30840418 0.11612536 242571821547623
0.22568107 -0.30568227 0.13892132 242571841689537
0.1902646 -0.056056347 0.1378502 242571861830878
0.07830578 -0.27303678 0.21925938 242571881972532
-0.006232545 -0.47516686 0.16885152 242571902113977
0.08408205 -0.3344881 0.08125291 242571922255579
0.21732774 0.01708201 0.08140411 242571942397023
0.16888757 0.13697982 0.025281064 242571962538678
0.009144304 0.01221979 0.14249977 242571982680487
-0.24769428 -0.03663837 0.19687703 242572002821776
-0.14835455 -5.6723505E-4 0.23602185 242572022963743
0.20862961 0.048086107 0.29745293 242572043105344
0.33922735 0.09354473 0.3444577 242572063246946
0.69803655 0.04345712 0.7690884 242572083388391
0.9289862 0.8826301 0.6309448 242572103529993
0.7411511 1.1583353 0.43255678 242572123671438
-0.40023088 -0.36359328 0.4911457 242572143813196
-1.5637107 -2.2862391 0.4585031 242572163954588
-0.9354095 -2.6137838 -0.06624663 242572184096451
0.6255102 -0.17034908 -0.81727976 242572204237897
0.9406049 1.9814082 -1.3329184 242572224379758
-1.8887502 0.97591007 -1.0879308 242572244521151
-3.1677964 -1.3115362 -0.12242925 242572264662857
-1.538385 -0.92258805 -0.2647693 242572284804615
0.101247 1.2589877 -0.4398364 242572304946216
1.0311697 2.644679 -0.78107494 242572325087871
1.6813059 3.3983016 -0.99383855 242572345229421
0.9536588 2.9797463 -0.38341826 242572365371021
-0.8596201 -0.10600126 0.36628282 242572385512935
-1.5601766 -2.515318 0.85325444 242572405654276
-0.69290245 -2.5350497 0.8657129 242572425795930
