0.59574115 -1.1538873 0.04280442 242582013201864
0.123089254 -0.7287643 -0.0056898594 242582033343414
-0.18456276 -0.50290936 -0.02155403 242582053484860
-0.26507312 -0.59077984 0.019644106 242582073626512
-0.32948345 -0.66107273 0.05261361 242582093768167
0.30777305 -0.6322099 0.026240453 242582113909768
0.28562236 -0.053730033 -0.15923677 242582134051213
-0.24551517 0.60784894 -0.3211822 242582154193179
-0.73690224 1.1155969 -0.44315216 242582174334573
-0.9559014 1.1234162 -0.4724881 242582194476227
-0.52869594 0.53715324 -0.16593665 242582214617620
0.04861886 0.040814564 0.08605338 242582234759274
0.24798729 -0.2886722 0.23388115 242582254901083
0.107827954 -0.13713893 0.2214503 242582275042581
0.017960913 0.15184166 0.13374038 242582295184077
0.0025457665 0.30927658 0.12063134 242582315325940
0.04400523 0.19386855 0.12393152 242582335467594
0.038815267 0.012657339 0.112278275 242582355608934
0.028426696 0.11027138 0.0984365 242582375750693
-0.074788086 0.33389068 0.074391045 242582395891773
-0.15733251 0.5949519 -0.036555618 242582416033375
-0.091492906 0.54124016 -0.0029174015 242582436174976
0.032803614 0.2557039 0.07816884 242582456316734
0.023556707 0.079498135 0.120175265 242582476458231
-0.040927872 -0.007249048 0.15183713 242582496599885
0.18063363 -8.6031854E-5 0.15608618 242582516741383
0.26878417 -0.16216354 0.23459896 242582536883140
0.005505532 -0.25857717 0.15106872 242582557025055
-0.2588979 -0.23983243 0.25519893 242582577166291
-0.3008238 -0.19483694 0.37724498 242582597307840
-0.46072474 0.10327625 0.80343497 242582617449962
-0.63301855 0.84595835 1.0556809 242582637591252
-1.5060003 1.3517172 -0.66885084 242582657732854
-1.736884 3.58044 0.29360986 242582677874299
-0.3473121 -2.9691367 0.12924355 242582698128922
2.7557852 -4.6659417 0.48143947 242582718157398
3.1581264 -2.2591996 0.25154936 242582738299052
0.9133112 -0.70730144 -0.56040144 242582758440757
-0.286807 -0.36396542 -0.7859734 242582778582203
-0.84350896 -0.07733977 -1.027637 242582798723804
-1.5298997 0.8580308 -1.2345536 242582818865510
-1.5780983 2.4865313 -1.0230037 242582839007164
-2.1597533 1.9880873 -0.9968891 242582859148660
