-0.42809844 -0.72307384 0.4205541 242569021865215
-0.46445197 -0.34614795 0.23507005 242569042006972
-0.47021762 -0.03427812 0.09512286 242569062148313
-0.22800745 0.32452995 0.07255707 242569082290071
-0.034224704 0.61160225 0.05450581 242569102431516
0.13963746 0.5653126 0.011767164 242569122573223
0.4505066 0.16728145 -0.10196587 242569142714823
0.45389476 0.0943075 -0.05429934 242569162856477
0.45659527 0.035921603 -0.016148776 242569182998079
0.16782668 0.16367576 0.020920381 242569203139524
0.1370292 -0.20844255 0.11454654 242569223281437
0.25196597 -0.47714016 0.13395703 242569243422987
0.30402604 -0.2712221 0.14263499 242569263564432
0.1726836 -0.099360734 0.110488966 242569283706035
0.15055855 0.09849575 -0.012705699 242569303847533
0.109472826 0.12282628 -0.050926212 242569323989290
0.06717859 0.060545538 0.0382062 242569344130788
-0.04349199 0.20339513 0.0064300075 242569364272388
0.04356244 0.13953397 0.023635175 242569384413938
0.10128204 0.025127525 0.010273322 242569404555643
0.070158415 0.13304406 -0.008210931 242569424697089
0.015228216 0.15535027 0.024887607 242569444838743
-0.08719195 0.045501396 0.12989785 242569464980448
-0.20317203 -0.13592598 0.22473904 242569485122154
-0.33056682 -0.3789336 0.32655668 242569505263548
-0.086436816 -0.41042253 0.4124425 242569525405462
0.25330484 -0.34450606 0.7305762 242569545546802
0.37208638 0.3055702 0.7889976 242569565688300
0.17034017 0.5593537 0.6882126 242569585829745
0.3521841 0.21990313 0.31718415 242569605971399
-0.3410033 -0.7098536 0.10087137 242569626112949
-1.477082 -1.9200426 -0.10744271 242569646254445
0.16640994 -1.0559055 -0.72236574 242569666396151
0.75174797 0.62926227 -1.0747347 242569686537649
-1.4364046 -0.6238478 -0.6226038 242569706679563
-1.3043602 -2.1909082 -0.14284134 242569726821060
-0.5339571 -1.7804779 -0.098451495 242569746962714
-0.59813005 -0.38416478 -0.120608434 242569767104108
0.21283197 0.85353744 -0.49139357 242569787245917
1.2506096 1.7011695 -0.8865248 242569807387311
1.0423654 1.8460093 -0.20646715 242569827528964
-0.45820424 0.39167625 -0.06435706 242569847670618
-1.1945517 -0.5698636 0.07085216 242569867812115
