-0.88863856 0.041069314 -0.043344315 242574097549016
-0.23941776 0.20295848 -0.15040222 242574117690357
0.27993408 0.33246097 -0.23604089 242574137831907
0.5715578 0.24426477 -0.23372075 242574157973508
0.33185565 -0.55856717 0.038585573 242574178115162
0.14007778 -1.2008699 0.25643373 242574198256815
0.34606466 -1.0875083 0.2595652 242574218398522
0.43093628 -0.5418009 0.15692325 242574238539966
0.30576807 -0.1390931 0.13306105 242574258681672
0.16821168 0.15431145 0.13358995 242574278823223
0.0119294515 0.33523777 0.118017994 242574298964875
0.20255882 0.07799191 0.1502483 242574319106061
0.37385902 -0.17481387 0.17822915 242574339247662
0.2701585 -0.28441754 0.17139283 242574359389264
0.22310965 -0.54714715 0.20090407 242574379530917
0.21211223 -0.26277557 0.07276233 242574399672519
0.15889327 0.39635354 -0.13044365 242574419814120
0.06988933 0.67222196 -0.18535674 242574439955670
0.11734936 0.49885732 -0.13616028 242574460097688
0.24011733 0.024062175 -0.0022997493 242574480239237
0.26706606 -0.07949175 -0.011441754 242574500380943
-0.11425532 0.26974976 0.0065655187 242574520522441
-0.28814706 0.3238014 0.06285251 242574540663938
-0.026726402 -0.12146122 0.19187601 242574560805904
0.11817503 -0.3262617 0.2710278 242574580947089
0.042309977 -0.23201951 0.29254997 242574601088587
-0.17896727 0.20914727 0.16983607 242574621230084
-0.116450965 0.4947589 0.13606727 242574641372258
0.22756709 0.36050546 0.36958802 242574661513703
0.6509181 -0.33432782 0.58028734 242574681655253
0.52117336 -0.40894958 0.5246839 242574701796802
0.090757236 0.03978332 0.46008983 242574721938352
-0.43551022 -0.028312422 0.21279033 242574742080109
-0.6394737 -1.1432607 0.29677927 242574762221608
-0.733973 -1.4336481 0.056487083 242574782363470
-0.65593016 -1.1116418 -0.20564875 242574802504914
-0.20399792 -0.24765304 -0.57589394 242574822646204
-0.19452955 -0.17028601 -0.7299044 242574842787649
0.6627424 -0.18423927 -1.3560549 242574862929407
1.9192823 0.28705955 -0.6856595 242574883071060
-0.5853653 0.44081914 -0.5234419 242574903213079
-1.0953438 -0.03541646 -0.25760925 242574923354420
-0.09404139 -0.60450727 0.06533521 242574943496021
0.14540832 -1.0370761 0.058795482 242574963637831
0.6469481 -0.79025155 -0.014186308 242574983779120
0.65326273 -0.023731858 -0.05478558 242575003920722
-0.5562077 0.60122746 -0.049675666 242575024062219
-1.1540858 -0.55117935 0.18205449 242575044203873
-1.1453581 -1.0131058 0.09959325 242575064345422
