-0.31063586 0.6581526 -1.045506 242580220599689
-0.11708066 -0.13660976 -0.61841905 242580240741083
0.01519084 -0.7218655 -0.29418924 242580260882320
-0.17120042 -0.56124616 -0.2483473 242580281023869
-0.5275006 -0.10073018 -0.30192015 242580301165523
-0.3020227 0.0616228 -0.3231781 242580321307124
0.010765273 -0.052612327 -0.2624838 242580341448674
0.15705147 0.11598628 -0.24967554 242580361590275
0.027477741 0.55964196 -0.2595706 242580381732137
-0.16159284 0.75129783 -0.19868696 242580401873740
-0.14057471 0.57835454 -0.045535818 242580422015393
-0.06733404 0.4396629 0.044865854 242580442156786
0.18914287 0.07097768 0.12792033 242580462298700
0.32575312 -0.18906122 0.2056552 242580482440146
0.24969172 -0.16696215 0.22426842 242580502581538
0.028037738 -0.065755524 0.17647876 242580522723452
0.020490441 0.02692315 0.079850234 242580542864793
0.24364379 0.08579507 -0.0064861365 242580563006500
0.3577774 0.11588033 0.0031847563 242580583148049
0.20289773 0.22112805 0.021093387 242580603289703
-0.13010366 0.33529514 -5.013868E-4 242580623431201
0.09802969 0.35751003 -0.05970989 242580643572906
0.26977134 0.36817527 -0.08962464 242580663714352
0.12814654 0.34649917 -0.030283336 242580683856161
-0.22379419 0.009548085 0.008327663 242580703997554
0.042831544 -0.0041071996 0.13557702 242580724139208
0.16816273 0.124245174 0.1756475 242580744280810
0.13080451 0.10769211 0.18768986 242580764422464
0.16373776 -0.16170712 0.22729266 242580784564013
0.31204382 -0.27302974 0.28096688 242580804705770
0.16764802 -0.2562957 0.40171134 242580824847215
-0.46281645 -0.015580657 0.6270988 242580844988609
-1.4634376 0.4524362 0.60238016 242580865130158
-2.1565804 0.94907415 0.0023374557 242580885271604
-1.6915324 1.4230455 -0.3225823 242580905413674
0.4162824 -1.2672415 0.18177558 242580925555327
3.252399 -3.8477068 0.7877066 242580945696617
4.794513 -1.7733096 0.83459425 242580965838583
2.7909796 -0.66214716 0.122277796 242580985980028
0.18718779 -0.3528076 -0.72500026 242581006121525
-1.9310842 0.91183794 -1.5487009 242581026262867
-3.7988534 1.490489 -1.9615085 242581046404416
-3.7066388 0.5058454 -1.5758846 242581066546487
-1.5851717 0.07029259 -0.5269364 242581086687984
