1.3315257 0.6483867 -0.7059012 242588236952349
0.7625287 0.3834755 -0.36705786 242588257093900
0.30731592 0.1715399 -0.09596114 242588277235449
-0.056833368 0.001996668 0.12090532 242588297376946
-0.04139542 -0.066489615 0.2179081 242588317518548
0.16414239 -0.079008184 0.24735835 242588337660201
0.19775683 0.018765181 0.2671453 242588357801855
-0.09788969 0.25362456 0.2512604 242588377943457
-0.18181285 0.2572401 0.15510732 242588398085006
0.16391858 0.029153869 0.018131703 242588418226607
0.17833036 -0.24170342 -0.054608535 242588438368262
0.123737276 -0.24658899 -0.043331232 242588458509863
-0.026664518 -0.2807499 0.052866157 242588478651724
-0.22491395 -0.41120702 0.1355375 242588498793014
-0.24925977 -0.549683 0.13480315 242588518934772
0.0570588 -0.5133702 5.6523643E-4 242588539076322
0.34006673 -0.4593549 -0.05093293 242588559218131
0.292057 -0.35195512 -0.026329964 242588579359524
0.18434006 -0.29629874 0.039695367 242588599501177
-0.13514173 -0.07549151 0.17601737 242588619642883
-0.24125661 -0.27899396 0.07343731 242588639784381
0.023998655 -0.22039282 -0.04670119 242588659925774
0.21584463 -0.10066824 -0.10982563 242588680067168
0.22404188 0.16281767 -0.034186035 242588700208716
0.17547907 0.1969528 0.044033222 242588720350839
-0.111416645 -0.008914279 0.12585081 242588740492336
0.032104768 -0.31899258 0.021763202 242588760634147
0.20245402 -0.2824531 -0.09890025 242588780775645
0.2463392 -0.021319829 -0.06026964 242588800917089
-0.011537767 -0.021988425 0.067906916 242588821058796
-0.26154095 -0.06084057 0.09476565 242588841200188
-0.070032015 -0.0087545775 0.106425226 242588861341738
0.093827605 0.18528758 0.0784041 242588881483183
-0.075742885 -0.40559804 0.2625317 242588901624889
0.11143611 -0.4953709 0.5895961 242588921766594
2.4118834 0.7987344 0.7430924 242588941908092
1.2599373 2.1735098 0.15478039 242588962049642
-0.7131242 -0.22235861 0.58436346 242588982191399
-2.2811637 -3.7409763 0.7900802 242589002332740
-2.942037 -4.727051 0.7324656 242589022474394
-1.0992081 -2.234391 -0.16159105 242589042615944
1.0720615 -0.27794224 -1.0553323 242589062757596
0.94209194 0.98289704 -1.3795857 242589082899094
-0.0041829944 0.06448504 -0.91972643 242589103040801
-1.1730556 -0.6283979 -0.40948424 242589123182662
-0.9228635 -0.9962874 -0.24458423 242589143324004
