1.1394868 0.047733366 0.5842813 242578750262254
0.3088642 -0.032127246 0.32819164 242578770403856
-0.35563397 -0.09601569 0.123320214 242578790545510
-0.45457524 -0.17792326 0.09730743 242578810686956
-0.18829724 -0.26802388 0.18657808 242578830828662
0.044968426 -0.32125905 0.26214015 242578850970159
0.7634539 0.2011068 0.41997382 242578871111760
0.036046326 0.31605896 0.08442549 242578891253361
-0.7596129 -0.067801744 -0.22083613 242578911394963
-1.1663707 -0.4343959 -0.33284646 242578931536512
-0.7659916 -0.5568223 -0.08236396 242578951678426
0.07143519 -0.098780185 0.2434632 242578971819872
0.49316812 0.23725498 0.35578585 242578991961422
0.29144913 0.19407102 0.30953747 242579012103232
-0.11218808 0.07948264 0.3035529 242579032244677
-0.48733878 0.078803405 0.5006598 242579052385966
-1.1206386 -0.021851808 0.67151403 242579072527463
-1.6502297 -0.35958928 0.47027653 242579092669273
-0.5927111 -0.59776366 0.58183897 242579112810771
1.6628771 -0.15783691 0.98427176 242579132952736
2.5381267 0.35984296 0.7721319 242579153094443
2.2641096 0.5307449 0.24197984 242579173236200
0.37309763 -0.05409021 -0.73689485 242579193377437
-1.035149 -0.8074767 -1.4304368 242579213519195
-1.0000851 -0.8178425 -1.2809495 242579233660588
-0.70956725 -0.67494655 -0.97467375 242579253802398
-0.57310295 -0.48490357 -0.69716287 242579273943843
-0.6224256 0.8984262 -0.5083135 242579294085445
-0.85904825 1.0643235 -0.4587595 242579314227099
-1.0562901 0.5102016 -0.111396044 242579334368752
-0.34247762 -0.45870787 0.27701473 242579354510145
0.17192146 0.5227262 0.002032537 242579374651538
-0.07392573 2.7370195 -0.44499862 242579394793088
-0.1861737 1.1729562 -0.22172225 242579414934690
0.33647954 -2.2665884 0.44999638 242579435076396
1.0208681 -3.7016897 0.9035682 242579455218153
1.1650193 -2.749752 0.7686601 242579475359599
0.91517323 0.40018773 -0.3178424 242579495501460
-0.11587036 3.8077006 -0.7636199 242579515642906
-1.3306769 4.0260835 -0.7715553 242579535784507
-0.8581234 1.5691361 -0.30221584 242579555926734
0.16808513 -1.0649137 0.1915887 242579576068022
1.0755697 -1.8730508 0.35509273 242579596209468
