0.48927733 -2.759677 -0.966512 242565335932987
-0.74532056 -0.0053518414 -1.6355104 242565356074535
-0.58755594 -0.1471493 -1.1241045 242565376216189
-0.4613439 -0.2605914 -0.714991 242565396357582
-0.36038572 -0.351346 -0.38768712 242565416499185
-0.44361424 -0.33007878 -0.16309924 242565436640891
-0.68283045 -0.21549103 -0.049311835 242565456782439
-0.78034866 -0.1792256 0.02664657 242565476924197
-0.47465858 -0.18132752 0.11828048 242565497065850
0.12503321 -0.22607563 0.2281456 242565517207296
0.29486054 -0.2587235 0.2294707 242565537349106
0.1876269 -0.14445871 0.10202511 242565557490551
0.13999344 0.073974386 -0.045138665 242565577632465
0.2050131 0.32747763 -0.19378212 242565597773702
0.18835765 0.6544583 -0.2604414 242565617915304
0.1128961 0.6364657 -0.14913471 242565638057217
0.16594274 0.3906831 -0.014063671 242565658198507
0.4727302 0.14578904 0.08700144 242565678340108
0.5448592 0.0064739734 0.10040648 242565698481919
0.29761684 -0.09210501 0.12027119 242565718623467
0.026084632 -0.18886434 0.16267955 242565738764914
0.34859562 -0.11145647 0.13712323 242565758906463
0.58784544 -0.13630326 0.1811322 242565779047751
0.38187426 -0.09145251 0.1244402 242565799189510
0.13614805 -0.0068924427 0.075267404 242565819331267
0.043963764 0.12694475 0.02547286 242565839472765
0.1781284 0.2002016 -0.064383954 242565859614835
0.120793685 0.44425142 -0.05478471 242565879756072
-0.00925288 0.3363371 0.023578696 242565899897882
0.13671546 0.028983984 0.018070111 242565920039276
0.02473902 0.1860957 0.0030774735 242565940180669
-0.26737565 0.45212328 0.010392696 242565960322218
-0.2519081 -0.11598898 0.2042609 242565980463767
0.19244897 -0.5234151 0.13786739 242566000605525
0.8776742 0.9412329 -0.06304903 242566020747023
0.23170988 0.82914937 0.036931902 242566040888676
-0.26228452 -0.8500552 0.6324374 242566061030278
0.33430985 -1.0931875 0.8594785 242566081171880
0.058422156 -0.34023577 0.8138257 242566101313481
0.59193164 -0.04754114 0.5551498 242566121455134
0.24956281 -0.38583162 0.53482133 242566141596840
-0.39702624 -1.6836824 0.32694474 242566161738234
