-0.55233854 -1.2866485 -1.1145321 242586404070953
-0.8802505 -1.1219089 -0.9421745 242586424212502
-1.1425803 -0.990117 -0.8042882 242586444353947
-1.142756 -0.9085726 -0.64080524 242586464495497
-0.65003204 -0.89945924 -0.38502017 242586484637098
-0.25585255 -0.8921686 -0.18039237 242586504778856
0.24051234 -0.38400203 0.12604491 242586524920406
0.03602288 -0.15489323 0.1644168 242586545057662
-0.4670676 -0.18780191 0.057613775 242586565199421
-0.8311011 -0.3357864 -0.03759095 242586585340917
-0.7562864 -0.70698166 -0.07845065 242586605482624
-0.0481792 -0.32032922 0.085330755 242586625624485
0.2676103 0.30834815 0.13396196 242586645765931
-0.026716545 0.50027514 -0.079906814 242586665907480
-0.3530068 0.47879788 -0.26411894 242586686048612
-0.23307814 0.5478131 -0.22443014 242586706190423
0.24193019 1.0116619 -0.004720226 242586726331816
0.41140187 0.99784863 0.18257025 242586746473834
0.10404506 0.5791014 0.16305655 242586766615487
-0.089360714 0.4074126 0.1526351 242586786756985
-0.29775977 0.5129403 0.07375653 242586806898482
-0.09793394 0.58625 0.139835 242586827040032
0.24071991 0.4519351 0.21111685 242586847181999
0.3776215 0.3092482 0.20182505 242586867323339
0.06303489 0.28083402 0.092650056 242586887464681
-0.2581283 0.13490306 -0.0037589744 242586907606178
-0.79816794 -0.24184504 -0.10559869 242586927747884
0.0068411976 0.41448718 0.09203276 242586947889484
0.28231767 -0.24372444 -0.017690614 242586968031503
0.38252944 -0.12319591 -0.044333037 242586988172896
1.3083599 0.6297965 -0.29696456 242587008314342
1.1674606 0.6827562 -0.29435125 242587028455996
-0.86189234 -0.67257 0.27696666 242587048597492
-1.344341 -1.6159134 0.49876282 242587068739459
-0.7097578 -1.6593516 0.77703416 242587088880904
0.06414586 -0.70235133 0.82493705 242587109022402
0.99319386 -0.30040818 0.7340597 242587129163846
1.1776078 0.6784313 0.52551055 242587149305449
-1.5291036 0.4018077 0.27408555 242587169447467
-3.6332223 -1.2691919 0.27978754 242587189588912
-3.71271 -2.4404035 0.16660064 242587209730567
