0.26604864 -0.38665336 -0.026882753 242583906511838
-0.20202419 0.39509502 -0.19063453 242583926653492
-0.5764848 1.0204793 -0.32164544 242583946795042
-0.5110564 0.8672806 -0.22582816 242583966936643
-0.117214754 0.1333322 0.038520228 242583987078349
0.22091079 -0.4312745 0.25353822 242584007219898
0.7501834 -0.49631256 0.43560138 242584027361396
0.3608564 0.10102991 0.14839357 242584047503413
-0.298308 0.3074351 -0.018900245 242584067644651
-0.7101142 0.40073547 -0.11396688 242584087786304
-0.31511694 0.043919202 0.051593043 242584107928427
0.059969693 -0.17703688 0.19544768 242584128069924
0.26268664 -0.37193626 0.26828974 242584148211369
0.1689798 -0.38774443 0.25461972 242584168352815
-0.09662619 -0.1276944 0.16532002 242584188494312
-0.28644675 0.16488445 0.014139272 242584208636331
-0.30511045 0.3147303 -0.059046254 242584228777880
-0.14260173 0.2643428 0.014394805 242584248919742
0.035562493 0.20934065 0.09072482 242584269061187
-0.075068526 -0.01922175 0.07791512 242584289202580
-0.18933098 -0.29354516 0.08789479 242584309344286
-0.18481264 -0.44875935 0.13036944 242584329485835
-0.06973972 -0.14417072 0.32374322 242584349627489
0.1975658 0.28711918 0.73749125 242584369769038
-0.375269 1.1953208 0.6016037 242584389910432
-1.0140394 2.240219 0.39567447 242584410052242
-1.7630436 2.9673226 -0.060385525 242584430193791
0.29880932 -1.7358614 -0.26126453 242584450335081
5.5771804 -2.6149647 1.4847333 242584470476942
5.6891065 -0.62728226 1.5777799 242584490618335
2.626791 0.16064203 0.35065252 242584510760041
-0.26616722 -0.87842894 -0.94795704 242584530901487
-2.7347345 -1.3972795 -1.8659215 242584551043400
-4.237125 -0.03167718 -1.699687 242584571185003
