0.70107615 0.53845596 -0.028930424 242579636492827
0.44758716 0.2434485 0.07310271 242579656634429
0.24479005 0.0074566156 0.15473783 242579676776082
0.25038242 0.0046634376 0.1357538 242579696917476
0.2877041 0.038825005 0.10408387 242579717059078
0.189497 0.21635875 0.025650727 242579737200783
-0.07973882 0.41372204 -0.0047681406 242579757342281
-0.056107014 0.065157324 0.17967604 242579777483882
0.20023724 -0.36385646 0.27177963 242579797625484
0.13491473 -0.45319784 0.24936025 242579817767138
0.101625234 -0.24149218 0.139589 242579837908688
0.2715789 -0.012469709 0.028349776 242579858050445
0.20234986 0.24094836 -0.04186015 242579878191942
-0.079755664 0.35621458 -0.0077914223 242579898333387
-0.2485261 0.043586344 0.13145353 242579918474832
-0.24023107 0.51249814 -0.12925702 242579938616643
0.41707343 1.9948075 -0.16077965 242579958757984
-0.13539594 0.46453226 0.5956516 242579978899534
0.19700539 -1.9633672 1.0956621 242579999041187
1.1436621 -1.9170103 1.0051026 242580019182789
0.70425487 -1.368519 0.6485088 242580039325431
0.015375584 -1.0698001 0.2003449 242580059466096
0.04437293 -0.5907558 -0.5385593 242580079607645
0.30759975 -0.5052004 -0.38534006 242580099749299
0.68462265 -2.057241 -0.3038162 242580119890797
