-0.03555908203125 7.202978515625 1.4136718750000001 168821117731849
-0.2795947265625 5.7106127929687505 1.5083056640625 168821137873346
-0.27717919921875 4.50736962890625 1.5046669921875002 168821158014791
-0.10409199218750004 3.5914303710937503 1.1912335937500003 168821178156341
0.061526210937499964 2.9478757421875006 0.2802207617187502 168821198297942
0.03769753124999997 2.4174192460937505 -0.2024225117187497 168821218439545
-0.09169256093750003 1.925219576562501 0.20196579921875024 168821238581145
-0.4752461385937501 1.4952659932812509 0.7597782057812503 168821258722747
-0.3709073600937501 1.2815643571250002 0.6722390685312503 168821278864297
-0.26729473573125007 1.0485180872625008 0.2116682079500003 168821299005899
-0.27585971436625 1.032833024497501 -0.6017225625462499 168821319147656
-0.24710378711799996 0.9322600719417498 -0.23966662425574992 168821339289049
-0.31031730703814997 0.6606884286471502 0.4990748060641501 168821359430703
-0.45660345500552 0.47595064526147013 0.8465865050075703 168821379572460
-0.186400928066916 0.38903688339667575 0.4462633446310562 168821399713959
-0.23531459010978284 0.42425440906109024 0.12394182804859488 168821419855508
0.03439237088092373 0.27099532412387184 0.40757631400137573 168821439997162
0.10827561545473896 0.11367125929909783 0.5052358558886008 168821460138762
-0.08099425372995883 0.10585399962677755 -0.020200963726619392 168821480280313
-0.03861132095271702 0.1337798793889231 -0.019432255356295336 168821500421966
-0.026750873168423617 0.043620583198638485 0.11793808243371373 168821520563568
-0.060829409472238916 -0.03755226390983957 -0.017368284053028926 168821540705169
0.07109965601595891 0.012756040434627636 -0.19171445146117305 168821560846822
0.17785140450026715 0.0945187971914514 -0.44583982288768853 168821580988425
0.10310876031896365 -0.010188184903087816 -0.28244090127890065 168821601129974
-0.045052054244829165 -0.06933218854747025 0.1221918102268793 168821621271575
-0.10150795198961338 -0.0423676063067262 0.21885940521275327 168821641413281
-0.06160186940419077 -0.03375980770163167 0.1615377194827028 168821661554778
0.04709301619539741 -0.08146341256755463 0.48754316386741214 168821681696379
0.16888779186256797 -0.14775129646029406 0.30447544906267954 168821701837981
0.14719519442755447 -0.1951663691994856 -0.26713741418735637 168821721979583
-0.05162861008295638 0.07174776401541116 -1.072376923537385 168821742121185
0.12532308849613494 -0.035363019256420714 -1.411478198986158 168821762262735
0.481557298921908 -0.08720154821763693 -0.5253129302826764 168821782404387
0.10874437429377637 0.007655753613390104 0.6469859838988588 168821802545990
-0.31593418806497897 -0.04046963539053827 0.9810531425878368 168821822687642
-0.5345222527957332 0.06697731903131832 0.34027464297651955 168821842829244
-0.18547913036158659 0.09862580053755465 -0.13659376218128427 168821862970847
-0.008307620695519269 0.11134692949254443 -0.3718360449012774 168821883112343
-0.04824765905641548 0.056399320937785546 -0.2086870976397719 168821903254050
-0.03577830302638241 -0.05550310184352192 0.0934262984506824 168821923395599
-0.02244588460860597 -0.08340394631856718 0.23962140985429592 168821943537461
-0.03223893424938473 0.0161015499763959 0.017417342727186647 168821963678698
0.020876333069242192 0.09131141576236601 -0.0710026492557505 168821983819778
-0.06935850385710629 0.07047344901614316 0.3555636032516496 168822003961171
-0.2975156116794351 0.05501157171291382 0.7990260779138199 168822024103606
-0.3993528213747981 0.06252732377658177 0.8537106084248061 168822044244948
-0.2762205383498384 0.07441150745876435 0.335409892989845 168822064386758
-0.05055406739862067 0.08374795596701112 -0.36531466373312416 168822084527630
0.20394151170610342 0.040826489773609254 -0.4910188208302495 168822104669180
0.23300184217738273 -0.08337884724361189 -0.06154064260169978 168822124810677
0.06636973546065628 -0.1535316910761395 0.17245938044989018 168822144952434
-0.007658606162725068 -0.1517071887984116 -0.07260378470258777 168822165093985
0.029102607257319946 -0.18485452056997964 -0.41158644573082004 168822185235482
0.173123394399606 -0.16508332348723442 -0.5816617347096562 168822205377656
0.29065936005093485 -0.09302857285228683 -0.6689426690177251 168822225518789
0.3653888161657479 -0.008736823125579107 -0.5157327484954302 168822245660338
0.3889907404325983 0.07781278759328636 -0.3747199878588443 168822265802669
0.22872188922107872 0.1804875347621291 -0.23186827544332544 168822285944218
-0.07069680502938702 0.22847205905970291 -0.0446376867609104 168822306085820
-0.2894676002735096 0.18457208084151233 0.25877227246627177 168822326226901
-0.25238706850005765 0.057191356079460576 0.4554309039105173 168822346368398
0.0629463022312039 -0.09826546982393225 0.360060055159664 168822366510834
0.10951231522246319 -0.1625601297653958 0.08111445037773102 168822386652539
-0.040795909540779496 -0.09539234209356628 0.0369374587396849 168822406794089
-0.016633309663873552 0.018742278668897328 0.11397379511674766 168822426935586
0.21749169211265118 0.15013786590386857 0.11809553999964795 168822447077448
-0.22593340412237906 0.21117474584809415 0.08375865856221854 168822467218736
-0.8170748482979033 0.04234067558472532 0.3468164971622749 168822487360286
-0.5941872223883227 -0.3490009946884687 0.6139766352298199 168822507501993
0.7356853783393419 -0.6001358543445257 0.7717110933401061 168822527643594
1.4622177362652236 -0.20941776550687052 0.0984479762345849 168822547785144
1.0431140327621788 0.4954296547820043 -0.4917982596373318 168822567926953
0.4756655426159932 0.7969540753881041 -0.4337218108348653 168822588068294
0.08568380128029457 0.6348899204667333 -0.06211416741789222 168822608210729
-0.4866043261632643 0.2469011941858863 0.4401768301281863 168822628351446
-0.8150891249931115 -0.07597757980754061 0.2679129484775489 168822648493098
-0.8428427843694892 -0.37970296228353284 -0.07138741465546072 168822668634805
-0.6055608485893414 -0.7534083659205759 -0.7133721387556187 168822688776406
-0.14415326871522316 -1.1980880208614604 -0.7965888242857448 168822708918111
0.3885592209653215 -1.5738390690329176 -0.7228301414598459 168822729059609
0.4224684705222572 -1.7630995755388348 -0.5626879412928767 168822749201107
0.10438102641780578 -1.4604552463685678 -0.6704994741280514 168822769342812
-0.07438092105325533 -1.1797289431886036 -0.8263043644586912 168822789484518
0.008183251438645733 -1.0892543459571327 0.0037636373392970768 168822809626016
-0.35215701213033346 -0.9348556252032054 0.5870319059651876 168822829767566
0.08007858951448321 -0.726387918131314 0.15213284899090018 168822849909166
0.42884558645533655 -0.3970160962238012 -0.5839821973697799 168822870050716
0.6698464886955193 -0.07227596291654059 -0.7900006993020738 168822890192422
0.5058356870501655 0.304471710135517 -0.4076963602229091 168822910334128
0.1594781199526324 0.702390844670914 0.3218531657279229 168822930475885
-0.48485646888164413 0.9861680468304819 0.9772213021135885 168822950617174
-0.8060370305740654 1.2439393202768851 0.9010641510658708 168822970758932
-9.209330530023374E-4 1.559519132002758 0.6375383325714465 168822990952252
0.7382647184013482 1.8567461649772063 0.9086146504321571 168823011042136
0.21706441143982858 2.654049275731765 0.9326290250332256 168823031183788
-0.9836726895981371 3.8773165690229128 0.6362887669015804 168823051325286
-1.47474332745976 4.282126692718331 0.3955422439900147 168823071466783
-1.049643294780308 3.534624694018415 0.5832062561295119 168823091608386
0.4160714969882535 2.309071825527232 1.0354126611536096 168823111750091
1.187764424153103 1.0227213276092861 0.3751196797041376 168823131891797
0.5364175940099822 0.3520881948999275 -0.6083515218616902 168823152033555
-0.4369914130732643 -0.12356626048630837 -0.3241079753018523 168823172174843
-1.0272176421773613 -0.735376445889047 0.7934235806960181 168823192316550
-1.3978117113981392 -1.288081430148738 0.5173072239318146 168823212458359
-1.1261351113060116 -2.0249597730252393 -0.6668549044482983 168823232599597
-0.5575609210760593 -2.8325898887326915 -1.497619665746139 168823252741301
0.19936141938915264 -3.4296339227049035 -1.5421509083781615 168823272883008
0.9927899167613221 -3.688738876445173 -1.3041797110775293 168823293024452
1.4133237302840578 -3.578615612874888 -1.3502163274557735 168823313166107
1.3894968748522465 -3.1020770606124106 -1.7039645658708689 168823333307761
0.7867317772255471 -2.394637722708679 -1.6493288792591951 168823353449361
0.3671905975616876 -1.7251584203544432 -0.4650075370011061 168823373590807
0.6811914428931001 -1.1178830839398044 1.0904695563366151 168823393732408
0.7481513965019801 -0.18594465074559352 0.9964479106942921 168823413874062
-0.17984802342341588 0.9058097090910255 -0.28323717925706626 168823434015507
-0.7646303718637327 1.4133074352415704 -0.1528348605931531 168823454157266
-0.17247089905348623 1.4768983895995067 1.3227150216817276 168823474298816
0.15273372997596102 1.762671055429605 1.6059991657828823 168823494440364
0.10983346835576885 2.2127247349686847 0.6477387857513057 168823514582018
0.28956355202836515 2.514198342662448 0.07124278641354453 168823534723567
0.6013896111539422 2.618609650692459 -0.07620889586916446 168823554865273
0.057246942829403735 2.5336084236789684 0.4968331762734186 168823575006875
-1.849563773861477 2.317597188161926 1.6894953496124852 168823595148477
-2.134497210495432 1.8910162270920399 2.682614346096238 168823615290025
0.014789926916154439 1.2570024347986326 2.3774879612519904 168823635431784
0.8971346759079235 0.9304310494014061 0.7153082400953421 168823655573386
-0.2690476303674112 0.8326382965523749 -0.5943549704237263 168823675714882
-1.3178382019501789 0.3454197192731492 -0.598982511495231 168823695856380
-1.0129375537476433 -0.7237862948939799 0.661500025960065 168823716232564
-0.45836029690436453 -1.6028083327901843 0.8617439660805521 168823736139688
0.03179809060150829 -2.072676353732147 -0.29779965135430864 168823756281445
0.3706533162312067 -2.396996063454468 -1.752106908583447 168823776423151
0.7190080045474654 -2.5278507570135744 -2.402076151866758 168823796563816
0.9129993723879724 -2.611355312642109 -1.7334040855559065 168823816705261
0.5458291854103778 -2.607382589957437 -0.6521529559447252 168823836846966
0.3769953795783023 -2.358696599309699 -0.48795771631828 168823856988672
0.3215303856938919 -2.1144475138227596 -0.7989110949296241 168823877130065
-0.07735821097613649 -1.7664481477769582 -0.8410087587561992 168823897272604
-0.2993621547184093 -1.5581170143153171 -0.16934021012995926 168823917413946
0.31772463169402254 -1.3131317950460044 0.7265273436147826 168823937555598
0.7269091975427181 -0.7762134438493042 0.23793574207932622 168823957697252
0.8564174947529246 -0.03458159492319357 -0.7415117578990391 168823977838229
0.8546896598648397 0.5765217357801955 -0.5804408516317312 168823997979883
0.20546803648562184 1.0282950253429064 0.21306431088211508 168824018121380
-0.6882622895615026 1.4813640476180758 0.8610154135494421 168824038262877
-1.0310419605554522 1.897517995906961 0.9293274675583039 168824058404480
-0.4049361075068618 2.0726042404755685 0.3128955677966432 168824078546080
0.9739026764945107 2.3866722595679555 -0.060108350450185366 168824098687786
1.9591880591643587 3.0532098779668644 0.05326830010860162 168824118830118
-0.6238360761060131 3.7178486640922426 0.2619139564931312 168824138971614
-2.2818691538535605 4.038805298461295 0.623093176913255 168824159113320
-0.7255563582390985 2.8778215825190365 1.9118534477806044 168824179254973
0.5288688782524713 1.5374623441402289 1.5028714300994839 168824199396627
-0.06656554192927289 0.8142105979684331 -0.3185524652954128 168824219538385
0.28695752739408176 0.2729260955622461 -1.3060870894238303 168824239679778
1.3998419008215155 -0.4052797290189538 -0.8405605895078141 168824259821328
0.5068486183134624 -0.7055958535276634 -0.7350705419187511 168824279963242
-2.1273091912867303 -0.8474844953221314 -0.4936594608787508 168824300104480
-2.849076356935634 -1.5874358384452059 0.4573673531719997 168824320246132
-0.9860726089860075 -2.570095155131165 0.8081546247251001 168824340387630
0.7998015807799441 -3.0539276866049327 -0.29654270646992 168824360529491
1.1110326708739555 -2.964431211783946 -1.6779568214259357 168824380671302
0.9075028945116645 -2.7369502428646566 -2.0101511016719984 168824400812643
0.6752821007655816 -2.4786593153854755 -1.493423615712599 168824420954453
0.6813267548312153 -2.2153371202771304 -0.9573121347575793 168824441095794
0.6893973413649722 -1.8746378602842038 -0.35477793046231343 168824461237395
0.7543499043419778 -1.0706697608836135 -0.14533357483860077 168824481378998
0.8137826578485823 -0.029399578238140656 -0.6212351215896307 168824501520547
0.20960766924761584 0.8565462553782375 -0.7159578238342046 168824521662096
-1.0976092747581574 1.40430438711509 0.29100327218263633 168824541803698
-1.720604509650276 1.520635892504572 1.783144414621109 168824561945403
-0.7912174944389707 1.4957933819724083 2.0408343793531376 168824582086901
0.4209566685113235 1.5672890024529273 0.6248916245762599 168824602228503
0.8267189480903089 1.6526593269623433 -0.10846072377649207 168824622370052
0.3372296506597472 1.9102988482886243 0.1934804444163063 168824642511601
-0.1304115919722022 2.1914959145683994 1.3061393360017952 168824662652526
-0.4024860118590118 2.096287551967219 2.0819598086451863 168824682797252
-0.3520058993309594 2.0800085571987736 1.360111303947399 168824702936666
0.7881462570977326 1.91545948247777 0.5057037892516694 168824723078268
0.7397211072406861 1.494489168013466 0.20959232827633523 168824743219713
-1.0880937196762013 1.1679302015982742 0.02190970246481827 168824763361472
-1.6702430421472112 0.39232755971611866 0.7129012971281048 168824783503125
-0.556860937624019 -0.6986623662896054 1.320382072858734 168824803644675
0.2115547069320347 -1.4831608500629336 0.3492744082869872 168824823786119
0.12795958585812772 -2.016728875362846 -1.14791201633916 168824843927669
-0.1371831125634979 -2.498234174509026 -1.2976631091650779 168824864069375
0.08074423260545172 -2.8024691755447204 -0.4886065615508124 168824884210976
0.23639714389686128 -2.824043211529526 -0.4893349562718998 168824904352682
0.2904726955862391 -2.495904491098621 -1.5146002892362698 168824924494231
0.3051320627189913 -2.0984569913163966 -2.083518610295266 168824944635729
0.277211118925193 -1.7908627610218675 -1.2801693804237129 168824964777956
0.00793832873390432 -1.5162717517862445 0.008469476129779663 168824984919766
-0.31497502060662663 -1.185649237366495 0.8451300730913238 168825005061575
-0.2420190789853014 -0.7950037648931962 0.4485283748793094 168825025202657
0.2016117875930088 -0.4201338712895568 -0.4903960500965525 168825045344361
0.3414285902306571 -0.07026237046914563 -0.6156933049209921 168825065486119
0.03162675890327571 0.1767246739371835 -0.15998628456179365 168825085627982
-0.2876258389711295 0.5020242703997475 0.02835862860056504 168825105769323
0.2724017702293464 0.8922688303822977 -0.23067003071329784 168825125911029
0.3983779591522272 1.233004517430838 -0.4948997941018882 168825146052318
0.3354870352905318 1.6715354498821702 -0.5846527454377606 168825166194493
0.6446225383886756 2.609139980999487 -0.1932104776002086 168825186335624
0.05165994477344049 3.57200436761209 0.39305124682608317 168825206477851
-1.0412526105874977 4.2672714628396715 0.4563721498046167 168825226618776
-0.8409122447199981 3.717955353865488 0.9459204737499434 168825246760533
-0.011328428588498474 2.6572866463736418 1.169492726656205 168825266902083
0.4124338391604512 1.409142305380163 1.0521469156999639 168825287043581
0.22031572367211094 0.625287477116629 0.23257446615372102 168825307185287
-0.13926255778106122 0.3008403332558025 -0.4332885716082733 168825327331992
0.13913927018140104 -0.06284335839535693 -0.3042724588491188 168825347468229
-0.11604454088612914 -0.5945373820287863 0.38438965010820514 168825367610611
-1.0023571170839034 -1.324299339216779 0.545426759149064 168825387751328
-1.2373471194483727 -2.1727085143421725 0.4298594737255015 168825407893243
-0.3315158791524482 -2.8786697411612376 -0.3383756046133488 168825428034531
0.8022189373030415 -3.32048950386649 -1.0767795852531794 168825448174988
1.1321560092174332 -3.241511231999443 -2.0061868517962935 168825468316588
1.1811154323739466 -2.8685385754433046 -2.873186786124535 168825488458243
0.9368357052741573 -2.5297551767608937 -1.9591451320246283 168825508600156
0.2072810642193258 -2.105481387502465 -0.08148846890095252 168825528751055
0.1620528787192106 -1.4107889185957214 1.227875631129238 168825548891719
-0.2671838688996315 -0.6732234200328273 0.35647042677839047 168825569033322
-0.03512160683845522 0.05214392022373815 -0.6900677992022877 168825589175184
1.092495976247986 0.8644934564914903 -0.5122226963930802 168825609316785
0.1855568395921387 1.4544853901931925 -0.36179231727071415 168825629458334
-0.6280193720762891 1.8885028629358036 1.0773141930584287 168825649602696
-1.0275009468797813 2.2346548294111432 2.990440221634243 168825669744142
-1.365958277035075 2.9657390002476642 2.4506163374636447 168825689885534
0.09865183540319 3.6268880751981314 1.1493602574709159 168825710027032
0.319766194885052 3.636324913283506 0.3150448466017326 168825730165041
-1.0297827472169585 3.110353875939305 0.5466769905626361 168825750307840
-1.4492900649610667 2.0218768507514433 1.8029177643251089 168825770449390
-1.3108846886876033 0.7793667149761543 2.340210188022587 168825790590990
-0.20625169626258266 -0.06924344442532693 0.9667726426055698 168825810732437
1.2527842875211839 -0.6848503219465112 -0.6993357921655439 168825830874089
1.6015926643919474 -0.9393231286509582 -1.828169805607435 168825851015691
0.5592526471385579 -0.9777158271395159 -2.274010453860948 168825871156042
-0.34203880025790356 -1.3104319390553627 -0.8001165662137586 168825891298894
-0.6563458839563228 -1.7966243598380398 0.6161079189039933 168825911440497
-0.4957554181025583 -2.2440011480266815 0.6688506905919445 168825931582097
-0.02724398291954655 -2.486533926233845 -0.41881349049519434 168825951723699
0.3636052042893627 -2.511614836299577 -1.2227094838024057 168825971865352
0.6037747884314901 -2.4137962635709123 -1.3516417081356744 168825992006850
0.5555784244951922 -2.2067938467942305 -1.0320457883835397 168826012148503
0.36683822787740383 -1.9055840032166342 -0.6672259861755816 168826032290105
0.12893200808317307 -1.4403241361670576 -0.2600014920654654 168826052431864
-0.08827285056471146 -1.0096323558086464 -0.08720041240237242 168826072573620
0.2849725398607309 -0.7200471932406671 -0.0028902127343979345 168826092714858
0.5296626022010847 -0.3745729108425344 -0.2574391233125184 168826112856615
-0.12349892214538216 0.07900378070097247 -0.45160559552501467 168826132998061
-0.5683425947475558 0.4890697237795276 -0.009685355326261913 168826153139870
-0.16097290392304453 0.7870443532423721 0.2855622626139904 168826173281629
0.2787045870178143 1.1862150724376477 0.011567485872442385 168826193421719
0.8524436500830015 1.8942479368563685 -0.042882241770795915 168826213563425
0.8521331427226513 3.022673740110095 -0.3110147777916368 168826233704976
-0.816804228009379 4.317577468650576 -0.5505208066083094 168826253846524
-1.5007700425637531 4.598007287420462 1.0259651906508525 168826273988438
-0.3751399598322527 3.64874274399887 2.831941586114432 168826294130196
-0.3874776905220523 2.3740967342615953 2.320851120454046 168826314271225
-0.912801976636392 1.4571020944405255 0.2799108768319867 168826334412931
0.17667980540963635 0.6957964216461701 -0.3904878024406604 168826354558803
1.393516695890209 -0.0373936244018136 -0.4016846755462784 168826374697228
1.0219788840559172 -0.5117386299902016 -0.4689185412182728 168826394837839
-0.5253612286927662 -0.9974890485234109 -0.311035711880868 168826414979493
-0.7828866392042131 -1.7699761020999798 0.08227494612030561 168826435120886
-0.04846507308212056 -2.366383713711233 -0.2833011368537557 168826455262489
0.4306005001280535 -2.6851479865939876 -1.1763113196392547 168826475404141
0.5934916305711929 -2.78648508849394 -1.3950651689926539 168826495545639
0.2987923278944544 -2.661658773920152 -1.0955443226941233 168826515688022
0.04481999512806356 -2.3647152027298723 -0.9883006925302986 168826535828947
0.35931791016495096 -2.0277218692151484 -0.704788503242989 168826555971382
0.6351716132882108 -1.7849216359971187 -0.16391625181314118 168826576112150
0.2308301617243187 -1.417073050985195 -0.24010516941926296 168826596253803
-0.15464251124554507 -0.9180334407881556 -0.6287296433479104 168826616395352
-0.1768634230589361 -0.5542875924742745 -0.21239533577207836 168826636537007
0.1377084803028511 -0.17620595288566943 0.2448542391948373 168826656678608
0.09316238971103086 0.46803181972271446 -0.020168854737880215 168826676820157
-0.12877819369992527 1.076158854215671 -0.3475681892590542 168826696962228
0.09784414425880983 1.3375139974350372 0.05428187437400667 168826717103777
-0.0063438252179520704 1.4423378581042803 1.2531667104367055 168826737245431
-0.6563201773618617 1.6480231185146739 2.2111637394431147 168826757387084
0.36514161201676076 2.22293509637424 0.8236184915544915 168826777528582
0.8751455161759086 2.782547295849392 -1.1700114567564068 168826797670495
-0.2907649347155231 2.976098871835763 -0.8730697122801254 168826817811993
-1.2516549165224187 2.75583026934361 1.9285095622071498 168826837953386
-1.037652058217935 2.176209625631138 5.0543921224219694 168826858094988
-1.153485904386848 1.7473397708174119 2.333101100281326 168826878236851
-1.6009869656969786 1.5256306057164295 -1.533970779931189 168826898378295
0.4754726344736673 0.07735262910439289 -1.8359534794137016 168826918521772
1.264789728672684 -1.2065138928102357 0.7006830172502889 168826938661029
0.14881908762564722 -1.546009454091939 1.5105464138002316 168826958802475
-0.4247923861494822 -1.5758456492110504 -0.2523050564598148 168826978950847
0.014499587174164219 -1.6548293514000907 -3.2666389670428524 168826999087032
0.3775420525518314 -2.3746203170575715 -1.9373224041030321 168827019228478
0.32208979438521523 -2.960645960677306 0.3676713735925743 168827039369141
-0.20779447308557786 -2.931138838854345 0.9739954973115594 168827059510691
-0.00908225815596242 -2.511329528114725 -0.7494046763695024 168827079652136
0.37035870519398006 -2.1841490717105305 -2.3370481551581017 168827099794519
0.670847511030184 -2.114470136274674 -1.7686741686577316 168827119935651
0.7608723447616473 -1.9895985699572396 -0.2850931435199353 168827140076889
0.6693302000280679 -1.4768228989345413 0.6414323211215518 168827160218490
0.15613066392870434 -0.9042976746163829 0.19457896236599148 168827180360144
-0.2166848243257865 -0.1586310107868556 -0.5546395644822069 168827200502007
-0.6747394610231293 0.6227778085580162 -0.5715925109607656 168827220643451
-1.1159634438185035 1.2618697077839132 0.9089491357626376 168827240785053
-1.101254641773553 1.9130113912271298 1.6918565742351102 168827260926602
0.5275412084561575 2.7833998356379546 0.09545303282558826 168827281068204
1.176073494108676 3.7121812942916144 -1.3093187260832795 168827301210170
-0.32485165393180937 4.321710367464542 -0.6854310550853737 168827321351824
-1.6127011473641977 4.432002083034133 1.4640574996817013 168827341494415
-1.2447019335163583 3.6339927797085565 2.6564510778703614 168827361635704
-0.2275974843130868 2.4922161964230956 1.4612936747962895 168827381777462
-0.20241490151296948 1.4062241290134754 -0.5414386929754684 168827401918907
0.7420719850396245 0.42612676414828066 -1.0886563254741248 168827422060978
1.5408133497504497 -0.4096723191501255 -0.08857642756679995 168827442202370
0.6433318321441097 -0.82828717172635 0.23922186575906013 168827462343712
-0.7575269170972123 -1.1401077647248297 -0.006644968330252077 168827482485782
-0.8714878422715198 -1.7321545711548634 -0.20835552544545166 168827502626915
0.07622281212028414 -2.3801328366113896 -0.7465428187938614 168827522768673
0.7326457301649774 -2.702726874757861 -1.1989310323788391 168827542910326
0.574703009913232 -2.7537708552750395 -1.0602312516843213 168827563051772
0.3138761774618355 -2.773060629532532 -0.3700600013474571 168827583193425
0.6943260396257185 -2.6702429372197756 -0.14592593076546567 168827603334975
0.9499798746693248 -2.2828496232133206 -1.0468188696123726 168827623476680
0.6412216927042098 -1.8242533313831562 -1.8594033378773982 168827643618282
0.3713635846321178 -1.5093782510440246 -1.3160505023331686 168827663759728
0.0022544419244442393 -1.15034928052272 0.6008949496959651 168827683901589
-0.28468326286669465 -0.488516729105676 1.224136369913022 168827704042983
-0.0067261024808557 0.3913765581217099 0.2802734513991677 168827724184740
-0.0643530499534346 1.346182301184868 -0.38894041856816586 168827744326291
-0.7990532407439976 2.0306323643853945 0.3375781338954673 168827764467840
-1.2767303855639482 2.3494570633833156 2.278973639928874 168827784609494
0.0661889337363415 2.6464113538316525 2.5257423885055994 168827804751042
1.0113617915203232 3.0512965635340734 0.36591861783572943 168827824892645
-0.18723625037749136 3.2190279734835094 -0.29149362135641654 168827845034194
-0.894112730770743 2.9683376131618076 1.3169393802586171 168827865175743
-0.46770717680409435 2.154333176466947 2.1194816799881435 168827885317450
-0.5482258000370255 1.374638416173557 0.5734539963342646 168827905458998
-0.5763003665921205 0.5701941313763452 -0.1028090685575882 168827925600756
0.30796605438255353 -0.5753266284926735 0.5285803818726795 168827945742305
0.9796003825685429 -1.3018994863878888 0.07782036018564353 168827965883855
0.7668834310548344 -1.43379253832906 -1.1716792587264853 168827986025405
0.1516659245313674 -1.541785007225748 -1.252260399168688 168828006167058
-0.35787868615615614 -1.7237112089055984 -0.4325334169912005 168828026308504
-0.5415885934561748 -1.809559787436978 0.16773059062578977 168828046450261
-0.3335760505461898 -1.7326331815120835 0.130937402188132 168828066591707
-0.221719238874452 -1.5833721702096675 -0.6263658009057442 168828086733569
-0.5338817387558117 -1.4360092596052336 -0.7200989883808453 168828106874962
-0.6684261917858993 -1.4559241069029376 -0.4192554602359262 168828127016615
-0.27763646124121966 -1.6523247347411 -0.10107819631374104 168828147158269
0.7713356552257744 -1.7591400612303802 0.031295646074007255 168828167299819
1.3967682312118697 -1.5626709357030535 -0.3923829167345443 168828187442149
0.7888745459069958 -1.0825586235624431 -0.6757471537001354 168828207581824
-0.09448630077440345 -0.6481635980687042 -0.5334321956163584 168828227723529
-0.15582585702577267 -0.5046148628299632 -0.06909194789933659 168828247864975
0.040060994066881905 -0.2507255816702205 0.47634265261803055 168828268006732
-0.3831611656839944 0.3887261752888236 0.2309642588131744 168828288148907
-0.6293072528596957 1.1295234206998082 -0.3206973429494604 168828308290926
0.23767968599349354 1.7339165881223462 -0.1055446907658184 168828328431954
1.8509225573885448 2.433751922841627 0.1641848528560952 168828348573452
0.644690682629586 3.359403882023301 0.7747194643161261 168828368715105
-1.4189276296775812 4.361448886868642 1.4516237159841512 168828388856759
-1.699399916242065 4.3120350860574135 1.726020652474821 168828408998828
-1.1339706165874022 3.090326311033431 0.44276720557360694 168828429139962
-0.6948840128011717 1.4758255019517463 0.08158192852138546 168828449281928
0.5961191569465625 0.11287475703014671 0.21104191000460837 168828469423530
1.82872638024475 -0.5149858389071316 -0.2791645188713132 168828489564976
1.48608901435205 -0.590955956281956 -1.3617471424408008 168828509706576
0.19689123101288997 -0.6647813665880644 -1.1357233975463905 168828529848595
-0.9495793003459381 -1.0082289018642019 0.11722694602538741 168828549989884
-1.4870316043392506 -1.3959996253976108 0.8434031388515599 168828570134871
-1.0118664944089006 -1.746145403443089 0.2666658704562481 168828590273191
-0.18396829318337038 -2.060124330566971 -0.5923557801975012 168828610414636
0.2483697990470537 -2.2407996597660773 -1.072676128064251 168828630556394
0.46015824158139296 -2.242896075469112 -1.2590564297951508 168828650698308
0.42410803857761437 -2.1223808252190395 -1.1050112571173707 168828670840379
0.3299602589870916 -1.9637982148627318 -0.6956056853813966 168828690982397
0.5537875431271733 -1.7228818336089358 -0.46825212643011715 168828711123165
0.9593264212204887 -1.247433884855898 -0.6465133222378437 168828731265131
0.797563676038891 -0.5459329477284687 -0.874132044509025 168828751406785
-0.5452376333876372 0.11664719650472488 -0.15603170982597003 168828771548438
-1.1029015324913598 0.40662342126628026 0.9623572493267241 168828791689779
-0.1341400736493379 0.4945492252942749 1.4136235924301292 168828811831330
1.0716063981117796 0.7841403567979199 0.7492338348816037 168828831973139
0.9603612903644237 1.3387258596570852 0.19039048587403284 168828852114585
-0.47236038177096107 1.7406095939756678 0.28563758401172623 168828872254675
-0.8993116452605189 1.914741093149285 1.262018367990631 168828892396277
0.49532119160408494 2.0154354526444287 1.470869577205005 168828912537879
0.7751265821895179 2.1511301003967933 0.3095691969202541 168828932681094
-1.2147986365921357 2.1382014435986854 -0.04395841199504691 168828952822436
-1.6984380303674587 1.6227071509726994 1.3039323914977126 168828972964090
0.25190631398728325 0.8826994121844098 1.9352967921044204 168828993105535
1.3477286644710769 0.49668687349752894 0.48039075399603615 168829013247137
0.3706267792331115 0.5228988152042735 -0.9003187444594212 168829033388738
-0.7926099047385109 0.1601891693509181 -0.32917833541128694 168829053530235
-1.0243467128533088 -0.4553935863942655 0.8447505933897208 168829073672098
-0.863556960126397 -0.9331503183341621 0.6616525254930266 168829093813594
-0.8644417595073677 -1.3652092195110797 -0.45303881944932867 168829113955196
-0.5489996966683943 -1.8205609302963648 -1.1044964852469628 168829134096798
0.10918891454028468 -2.2210239395495925 -0.89241066476007 168829154238243
0.44471197147597774 -2.3210818469521737 -0.5686648599330559 168829174379949
0.5689775849932823 -2.2304006338117386 -0.6352175324776947 168829194521550
0.5377138062758757 -2.022540721893141 -0.9003249048884059 168829214663204
0.26924575205195067 -1.725515487670763 -0.9602501582857248 168829234804962
0.1995640821103104 -1.4120286010741099 -0.9714594039723299 168829254946460
0.3014115195944984 -1.0428675097655384 -0.7881538513028641 168829275086812
0.12992316098809886 -0.72001178124993 -0.4957696630735413 168829295228308
0.065107962384229 -0.6583946789061939 0.309292472666167 168829315369858
0.2378651785011332 -0.5526800985937053 0.9952489195391836 168829335511615
0.8288175334259067 -0.2705498405937137 0.693757729381347 168829355653165
0.9327561751782254 0.3765044634625294 -0.059935222744922356 168829375794818
-0.1506822668886697 1.0851024965512739 -0.13769427194593797 168829395936420
-1.301966711948436 1.442032192553519 0.4965706566619996 168829416077969
-0.8750938773712487 1.9668703829490655 1.1888336737670997 168829436219571
0.5590069293530009 2.744821989953003 1.33499027885743 168829456438986
0.9635995864511507 3.4492389396186525 -0.30494478863280605 168829476502879
0.17398025509842063 4.036246620444922 -1.370432881687495 168829496645575
-0.5838992920150134 3.6549616518246886 0.19856336261875374 168829516787175
-1.0997732422057607 2.88852010270975 2.194837018220003 168829536928308
-1.5624235742333588 1.9568854181052995 1.5860453958260026 168829557069702
-0.8284911054804371 0.9967461274529885 0.43983241041080223 168829577211355
0.6789795765531503 0.005160573837390103 0.07287422910989161 168829597352853
1.3501172549925202 -0.5749608963988369 -0.5488417299933368 168829617494454
1.0103550344627663 -1.1448075843065695 -0.3979723097759198 168829637642879
-0.41243130446103704 -1.5110609111952549 -0.3796937657894861 168829657783490
-0.9738171138813296 -1.830223240674954 -0.5966138993503387 168829677920248
-0.4089609176675637 -2.4372620886337124 -1.095955670261521 168829698066224
0.32775069945969904 -2.8129444365319696 -1.0229681494904668 168829718203295
0.6687313212865094 -2.760243244538076 -0.8670439531861236 168829738344792
0.7413449203104576 -2.452030044849211 -1.426044830517649 168829758487071
0.7810520104671161 -2.057595715566869 -1.7112338136328693 168829778628360
0.41915313181119296 -1.7120799904222448 -1.0394704493437954 168829798771681
0.3522414507614544 -1.2739852814002965 0.34649981239996364 168829818911199
0.13077997701541355 -0.6343859790264874 0.7968653772637209 168829839052748
-0.5093530691689192 -0.11609032618993975 -0.12881629193902344 168829859196694
-0.6749995451788855 0.042699028110548376 -0.1918103577699688 168829879336212
-0.13538537833060849 0.029068890457188523 0.2774110887840249 168829899799844
0.6667771465542632 0.002417710022000641 0.5271778944647199 168829919619312
1.0029041391184106 0.2724175664551005 0.17024085072802597 168829939760704
0.7522744831697286 0.7531025101953306 -0.2086071241050791 168829960241629
0.019324469348282858 1.3700845472187648 -0.35426362897156327 168829980044167
-0.5596991159276238 1.6827985948062611 1.0848874366664996 168830000190197
-0.644170425554599 1.817344832876259 2.2488303594894496 168830020327422
-0.2698407349749292 1.9313294795822564 2.5025066704040597 168830040468712
0.01676901358255667 2.134443466478306 1.1299472308544978 168830060610521
-0.5311892813214547 2.316563562245145 -0.23544651219140178 168830080752123
-0.7753420500571637 1.9752235060461167 0.048178434778128665 168830100893621
-0.15838399160823102 1.3423980431181448 1.2590261462600028 168830121035066
-0.36171695891158473 0.8155077899632666 1.3817692568517526 168830141176772
-1.1033017897855177 0.4198256655643622 0.48676306173140205 168830161318582
-0.7553098888596641 -0.0601233542672599 -0.3280822263961287 168830181460391
0.22912611234976876 -0.6590605974763069 -0.477517050648153 168830201915118
0.655163682848565 -1.0023095131372948 -0.7578803397372726 168830221743282
0.3589576064351019 -1.2082074737910862 -0.7955620842898181 168830241884832
-0.3217450476644186 -1.4512949829391193 -0.2084711518068545 168830262030340
-0.40493021781903504 -1.7072884277575469 0.1631547191795164 168830282168087
0.20659781793227183 -1.8710919726747868 -0.16366567778138696 168830302609428
0.49533196528331747 -1.876036175796079 -0.36544181956885957 168830322451186
0.07666108003915384 -1.6491687843868625 -0.35180169784258775 168830342592839
-0.12066576487492697 -1.41787018375949 -0.6598349129615704 168830362738296
0.15611631388130842 -1.2544133345075927 -0.7075432233380066 168830382876042
-0.5673310699887033 -0.8843778355748242 0.15085995257959484 168830403016655
-1.0156446411472126 -0.18504133095985953 -0.15282278012382422 168830423159298
0.2677211034884799 -0.05331870929913762 -1.5621141811303092 168830443301836
1.183854617165784 -0.5583287955643099 -1.1646327511542474 168830463443595
0.8501110374826271 -0.9342606927014483 0.8071609865766023 168830483585196
0.011558556548601606 -0.868123886192409 1.482069121292532 168830503726538
-0.01555784226111867 -0.46791219489142755 0.12319191812777586 168830524167566
0.5705737457223552 -0.04847526372564204 -1.1642394342477793 168830544008855
1.3159926879841342 0.24214019917573637 -1.0361400825544735 168830564154103
1.4569811621060575 0.35678588980933945 -0.670904253543579 168830584292110
0.877584441403596 0.4777504891912221 -0.12717750439736308 168830604433556
-0.3125076421896232 1.3347394538529773 1.4682897347633594 168830624576564
0.2600768940608015 2.381573301363632 1.7954691901544377 168830644716915
0.3258105386861412 3.069113621559655 0.8467635357173005 168830664858620
-0.684187994832337 3.3866995886539737 0.4092345590425901 168830685000067
-1.4444085013346197 2.8210540068606793 0.6735058112965722 168830705141511
-0.5656830510676958 2.259077092207294 1.7401840435685076 168830725283374
-0.3344922416354067 1.1478500526720836 1.6866662778235564 168830745424871
-1.1093296331520754 0.39469605776266725 0.7228803855400949 168830765567723
-0.8007205424591604 0.0741552837101338 -0.3762000860991739 168830785708074
0.10546848790767172 -0.09437450350064225 -1.182429795441839 168830805850196
0.5126340676698873 -0.31522128248801273 -1.2199306527597211 168830826305809
0.14315168772965992 -0.7580241939591605 -0.7928756745515271 168830846132879
-0.3780323607537721 -1.1579574411048288 -1.2290515162037217 168830866276251
-0.16271641594676778 -1.658543687258863 -1.047755373119227 168830886416030
0.11549337114883573 -1.940165027932089 -0.4084313492766318 168830906557788
0.13416715785656863 -1.8420368075019216 -0.24587349739005582 168830926698869
-0.10914576590224523 -1.5607632350640372 -0.24895709869329474 168830946840313
0.27352323102820364 -1.8850607833637287 0.23531918432661403 168830966981446
0.3711989559163129 -1.708073040753483 -0.45920559003870887 168830987122891
0.10517449676430024 -1.2968051122902864 -1.481829804062217 168831007269962
0.38608051538019017 -0.5034841288947298 -1.807290015124774 168831027406823
0.32774868964790216 0.1625447281342165 -0.7238471488185692 168831047547853
-0.22653395843792823 0.337494278601123 0.42089786688264463 168831067689246
-0.4473282409690926 0.25980255178714806 0.1050532544436158 168831087831681
