-0.68289794921875 7.1708251953125 2.3319091796875 168758960759030
-0.4714648437500001 5.697622070312501 1.44521484375 168758980900527
-0.3021718750000001 4.620548828125001 0.8881054687500003 168759001042285
-0.1867448242187501 3.7872471679687507 0.7353012695312502 168759021183626
-0.1806458593750001 3.0332523242187506 0.7506189453125003 168759041325332
-0.16723397265625006 2.399160453125001 1.0000679101562504 168759061467037
-0.18549616250000012 1.881352288281251 1.0163507148437505 168759081608431
-0.033809527656250116 1.4853796821875012 0.7800849664062506 168759101750397
0.027053940374999863 1.1590679059062516 0.5698931684375008 168759121891529
-0.03768301957500009 0.840718680193751 0.35360740584375083 168759142033184
0.15427741246499993 0.5741252371237504 0.26668719420625076 168759162174784
0.19915435184699992 0.3761580998552496 0.5792433100525005 168759182316387
-0.041323491178650085 0.33884151894669934 0.6991368355420002 168759202457988
0.07389921486957995 0.3837319065636091 0.4325760699961001 168759222599590
0.352295641426914 0.4911285916571373 0.02648077787188008 168759242740566
0.46857967720403126 0.49539310770070877 6.40188703754152E-4 168759262882116
0.16381637848197503 0.475794466629317 0.1040277759630035 168759283023613
-0.47459875268317 0.4222493428347036 0.027375052801652977 168759303165266
-0.392117966990286 0.21519205239276218 0.29449525708507274 168759323307962
-0.07614554546722885 -0.07572233464829026 0.2614873189493081 168759343449772
0.296871649563717 -0.16939134428113256 0.04467569500319657 168759363590853
0.27859839386972357 -0.1341214738624057 -0.2031754596224431 168759383732611
0.09466826587702887 -0.034079405652423844 -0.22458870754170457 168759403873899
0.1975241634828731 -0.09465854405318908 0.19592717849788643 168759424015866
0.16668632297379848 -0.2056706828988002 0.3556553170170593 168759444157154
0.1682977888477888 -0.07879435881904051 -0.09866666435510263 168759464298808
-0.020659620484268976 0.010987950444766525 -0.38706321429658175 168759484440357
-0.0672112901374152 -0.035008467769186424 0.06937774887523496 168759504581855
0.07329395617131784 -0.23634417655909878 0.8087370623814376 168759524723405
0.03552725478080426 -0.25678774359102974 0.3214159194363999 168759544864902
0.19612199913714343 -0.18200490190407415 -0.22146833866963034 168759565006608
0.19565492352846475 -0.06253507386700896 -0.5030535771857041 168759585148209
0.024663587260271805 -0.03546507081235717 -0.020301748467313363 168759605289759
0.23884708074571745 0.13356641991261498 0.25189824966364904 168759625431621
0.307728055221574 0.36929210077384234 0.1092456505121695 168759645573014
-0.08484782926024083 0.6218130751503246 0.1200015008784856 168759665714668
-0.23068343918944267 0.8969865929327607 0.0998220014840383 168759685856426
0.09424963536719587 1.0494862470024593 0.18876873399973038 168759705997819
-0.047403026081243305 1.1117325522894674 0.5034319793872841 168759726139524
-0.5594800380524947 1.1948303777690743 0.999364235853577 168759746280969
-0.8103647921607458 1.0650928178402594 0.9596110175891117 168759766422936
-0.6177742556035967 0.7195058948972068 0.14597250547753937 168759786564485
0.11719416973587266 0.45930832919901476 -0.6055974838992184 168759806705878
0.33362349985119816 0.41803260085921323 -0.5994560144631249 168759826848105
-0.8013995399627916 0.4412742252186206 -0.3013177412579999 168759846989395
-2.0311709015014836 0.17113461454989576 0.2371684632436004 168759867131048
-2.287827346201187 -0.3929873278913334 0.8901376026261301 168759887272441
-1.5881598261796994 -1.0866432802818178 0.528748265694654 168759907414198
0.11238229530624055 -1.354031421100455 -1.2705194538505271 168759927555853
0.6485728284324925 -1.281003457192865 -2.420480504486672 168759947697401
0.02375328227724416 -1.1350688790355417 -2.319502079370588 168759967838951
-0.30615606558445463 -1.0969833258846826 -0.9885362338089703 168759987980449
-0.0056304188738138805 -1.0178210357077457 -0.22904920189092648 168760008122103
0.1712891219321988 -0.8008535082536969 -0.5890743224502413 168760028263809
0.34723637567075905 -0.6219205995717072 -1.090082700147693 168760048405305
0.5821958388178572 -0.6449485890323654 -0.9619099101181545 168760068546856
0.5716038390230358 -0.8906659024758916 -0.023275486688273617 168760088688664
0.5312576805934286 -1.005489264949464 0.5598708215868811 168760108830214
0.4652161054122428 -0.8439299861783214 0.22508171586325498 168760128971815
0.2707446616735443 -0.3916723092551573 -0.4046392171531461 168760149113366
0.13449123715133537 -0.01560835521662618 -0.47704389325376684 168760169255072
0.26372091940856834 0.11389271035794923 0.14722230727198649 168760189396725
0.20721696990185468 0.2148202229738594 0.525590345817589 168760209538327
0.09992884935898383 0.2870905533790875 0.2599620227478212 168760229679719
0.18183516933093702 0.47585164192202 -0.10644688570799321 168760249820592
0.23564147530849966 0.8959401026001164 -0.7231091687226445 168760269962194
0.37705077790304975 1.1853555977050938 -1.0481650693531157 168760290103691
0.4658862277911898 1.1874324273828254 -0.16387385235749252 168760310245346
0.23931054473295188 1.225641742687511 1.2048872462390061 168760330387363
-0.25534111499488854 1.4276325347750092 1.744317511834955 168760350528705
-0.6502811927771609 1.6957559301637577 1.275861724311714 168760370670982
-0.37834263000297885 1.7757941972560065 1.0906112544493713 168760390812324
0.15196456787261692 1.6199151429610552 1.3765905660594973 168760410954133
0.5294696035168436 1.4619843604625942 1.461404288785098 168760431095736
0.4254921867197249 1.3373975469638246 1.0251537044655787 168760451236607
-0.3926750982804701 1.0103355180398097 0.32437101044746264 168760471378209
-1.7094769926868763 0.058744488650598115 0.5774289372642203 168760491519759
-1.795596730868251 -1.2943007957982715 1.7795823099676262 168760511661568
-0.2830227948508508 -2.152261925701117 1.4592859651616008 168760531803118
0.5581642836505694 -2.0720170600921435 -0.7595609739644695 168760551944720
0.20604070426420562 -1.696444214479964 -1.5662059080778254 168760572086634
-0.25032856940113546 -1.616274023927721 -0.19239343739976 168760592228548
-0.4485294570834084 -1.8036271292984267 0.7475256797676924 168760612369577
-0.11484163207297682 -1.8929017034387403 -0.14138375306084594 168760632511126
0.4307829443416187 -1.6578272221259915 -1.6949307329174266 168760652652779
0.5964452031295449 -1.4989546487945429 -2.251354742583941 168760672795058
0.7093094828161359 -1.3468443830981345 -1.1600315479734027 168760692936243
0.4190711214091589 -1.174692303353508 0.07213345302752794 168760713077845
0.2981475221273271 -0.8899369481515569 -0.10550124539047756 168760733219342
0.4250780762956117 -0.42429086711499586 -1.337086543187382 168760753361100
0.31881001963023925 -0.1335733186919965 -1.6017248986124057 168760773502701
0.40791666804794136 -0.028123303391097032 -0.08284476263992469 168760793644511
-0.13873014212414692 -0.0015391700566276256 2.4859946977005603 168760813786218
-0.5297341136993176 0.3007339959859481 2.762330914410448 168760833927766
0.127054994196796 0.7813220600700088 -0.05566261222164126 168760854069577
0.33913178832618684 1.1704555972747572 -1.461033996027313 168760874211126
0.1559856064421995 1.3320798098510558 -0.31183256791560066 168760894352675
0.14883633671625962 1.1442160939745953 1.4595671487925195 168760914494850
-0.06995680953324224 1.2616497306484256 1.481740633096516 168760934635879
-0.24847033043909372 1.5791317962374904 0.23788274085221284 168760954776595
-0.3589813424762749 1.9141843432399916 -0.6343764245057297 168760974919029
-0.86048829663727 1.814758119123244 0.12416389945791595 168760995060580
-0.758263684184816 1.447314307798596 1.9188989906600824 168761015201659
-0.7451485450041031 1.4132591610826264 2.4182856964343156 168761035343001
-0.8796637578782824 1.6574750046473508 -0.014504743633797723 168761055485487
-0.03777641645887608 1.516446312311631 -1.785041294907038 168761075626985
-0.10215716832335087 0.8927102725055533 -1.2797420203006302 168761095768483
-1.1729977073149307 0.02028394066069339 0.48285921579074564 168761115910085
-1.4107736541331946 -0.9092489216901942 1.3844441109138463 168761136051113
-0.8330622826815555 -1.409003141258406 0.18686437076232743 168761156192558
0.6495902129172557 -1.3698905012879745 -1.970967487765138 168761176334316
0.6074529320525546 -1.1376848619678785 -3.2910684238058607 168761196475813
0.11765179876704357 -1.4008217176993032 -1.513933840607189 168761216617363
-0.2525582484863653 -1.7269806163469426 0.6607767556392492 168761236759121
0.019974885585907654 -1.7298022665150548 0.42030841623014936 168761256900774
0.661841724874976 -1.2590615397745442 -1.4301473099846307 168761277042272
0.6291804111499806 -1.0129132943196346 -2.2893448987689546 168761297184498
0.7168208914199845 -1.1287876667057075 -0.7823548252651638 168761317325580
0.6565377678234876 -1.231387066958316 0.34256096400661895 168761337467129
0.5741315814462902 -1.251271762941653 0.02327972823654534 168761357609563
0.486417081563282 -0.8110515900408224 -1.1663615689732638 168761377751529
0.26136266915687556 -0.3896127564076579 -1.3422811497098612 168761397892819
0.4293782212630006 -0.32306715825112686 0.34726883023211097 168761418034368
0.37954994029165046 -0.1391422031634013 1.6963819587169389 168761438175866
-0.041831239172929635 0.33264375700052895 0.7943370122860509 168761458317468
-0.3296686046195938 0.8744524079441733 -0.6495401557961591 168761478459068
-0.15327345791442504 1.1668592896365881 -0.4130891558869272 168761498600566
0.21204920241845993 1.1038731738967709 1.0910008432592084 168761518742219
0.5339215884972679 1.0602347695861667 1.304416885544867 168761538883665
0.5206065090790644 1.264471995356434 0.3750520631233938 168761559024641
0.11962241429450149 1.574285115816398 -0.3424754393450349 168761579166660
0.11309295096685124 1.7259319989031177 -0.6670833788197781 168761599307897
0.136275142023481 1.7920859311537445 -0.12481660539957229 168761619449759
-0.004920316068715236 1.6759539011729956 1.9018068719303423 168761639591101
-0.3237726786362223 1.5293983748446465 3.3723121967630245 168761659733379
-0.34487019369022787 1.4826251451882158 2.4001935074104193 168761679879095
0.06491195051656784 1.4726113466193222 0.22747902467833558 168761700016478
-0.23901282239924582 1.1878180812017067 -1.1962516435385813 168761720157454
-0.9740227579193967 0.18022272668011574 0.2096124547003848 168761740299055
-1.2667548274292675 -1.138243693655907 2.2876118387603084 168761760440710
-0.5959600142871639 -2.0306633142997264 1.5409903499144963 168761780582312
0.8593770081015188 -2.2307684444085307 -1.160213091162153 168761800723861
1.3042984814812153 -1.9768877047455753 -2.7021084612109725 168761820865723
0.38578497659122224 -1.7385658278589613 -1.8753586439687782 168761841007584
-0.6557885226332723 -1.647432252130919 0.05199579966872747 168761861149342
-0.6969940993566179 -1.727455079048486 1.4076488858287322 168761881291152
-0.14825690057904417 -1.6427428718325388 0.5054037766317356 168761901432597
0.043516061568014575 -1.3258764263722806 -1.4688337169758618 168761921574251
0.14096519300441157 -1.1957963559415745 -1.6730283993619395 168761941715123
0.19186150987227935 -1.2996180417845098 -0.3933177390208016 168761961856777
0.2305155750853236 -1.2813204099901077 0.17830235175210873 168761981998691
0.38951499913075893 -0.9683912889295865 -0.5509250131295631 168762002140240
0.3513825071171073 -0.5740050233311687 -1.2597829792536506 168762022282832
0.12342778303743573 -0.23161612803993492 -0.6782243326216704 168762042424381
0.07532914049244854 0.05693121866180206 0.6231676042151637 168762062566242
0.09798303895645888 0.5457891155544417 0.8596302747783806 168762082707532
-0.10288798289733281 1.2324442807248035 -0.3887240028335457 168762102849082
-0.1363997417866163 1.639397807392343 -0.6161916046105866 168762122989694
0.11520881985195697 1.5762887537263746 0.730337731936531 168762143131192
0.3827310207253156 1.52517895219985 2.041215986330475 168762163273105
0.026472902517752583 1.8065445289473807 1.5347916367206298 168762183414342
-0.724707908454548 2.2310998809704046 0.28088506718900375 168762203556621
-1.1733820494198883 2.323588400870074 -0.1603749540612971 168762223697493
-0.7780611082859106 2.100606560539809 1.204646814094712 168762243839096
-0.5946046483474783 1.7232830999943474 2.209774580182019 168762263980696
-0.4278809843029827 1.5833750151517272 0.5268894883643656 168762284122350
-0.13097666244238626 1.3458992308713817 -1.6937105772772583 168762304263847
-0.7662193182351591 0.910154443290855 -1.9809572313530563 168762324407064
-1.510595083494377 0.09982765619518474 -0.645117347582445 168762344548352
-1.5810346605455017 -0.8549035000438536 0.3599925477152941 168762364690058
-0.27473983781140143 -1.4120844211288333 -0.35875889151526463 168762384831504
0.8123492430321289 -1.6448042556530655 -1.8343948085247117 168762404973261
0.6059340819257031 -1.6861559045224528 -1.9349719015072697 168762425114812
0.25222773429056256 -1.7990834150242119 -0.7919472477683156 168762445256360
0.6147582616512 -1.9652310874881191 0.09676446741034761 168762465398378
0.78549557416471 -1.7466965887404946 -0.6133721174779718 168762485539615
0.8125395257380181 -1.5041932084923957 -1.3790155650761275 168762505681217
0.7934032026216644 -1.457126539450167 -0.891078662998402 168762525823027
0.5732845738160817 -1.2963408799976337 -0.4409146882112216 168762545964264
0.5754245340528654 -1.176794383685607 0.06706805411852268 168762566105918
0.5636477327110425 -0.9469774991359854 -0.211372412173932 168762586247884
0.519375217418834 -0.7557021164962876 -0.3139587695828956 168762606389121
0.6600802520600673 -0.5816857166345306 -0.11197023832256647 168762626531243
0.671948478991804 -0.16232122955762485 0.03182273512319678 168762646672272
0.19495624413094315 0.5850722155726498 -0.4018489408076926 168762666814237
-0.22817807110149557 1.09040884667687 0.310784030947596 168762686955527
-0.2626205818811964 1.242151296091496 1.1446965606955768 168762707097232
0.08825558527629296 1.6216507243731968 0.1691019751189613 168762727238938
0.40247702681478437 2.105389427154808 -0.568893224592331 168762747380332
-0.18085040979817246 1.9974951354738462 0.17886979532613512 168762767522090
-0.13911392158853797 1.681772963847827 1.122331676104658 168762787662494
0.29610632366666967 1.641133703109512 1.1042129971337262 168762807804095
0.09335478549583576 2.1381633101438595 0.672213171144481 168762827945540
-0.31972535129083135 2.4022176598338376 0.5430073533218347 168762848087141
-0.6114565505639151 2.29627363958582 1.4850406482824678 168762868228743
-1.2859914123261322 1.6629954741686568 2.416841112375974 168762888370449
-1.5007169579859059 0.5994759691786751 1.9250622453695296 168762908511946
-0.7785764960762247 -0.8963225449695589 0.8660507728581237 168762928653705
0.8049464203265202 -2.1680223914443975 0.017462200317749144 168762948795201
1.6038936596987163 -2.6800233819055173 -0.9981884428708012 168762968937011
1.4039157090089731 -2.429895170368164 -1.9178134496091408 168762989078665
0.32606225470717853 -2.034358030825782 -2.129563259687313 168763009220318
-0.5206321298280072 -1.945296483254376 -1.3893073460311003 168763029361659
-0.3455462312061557 -2.01564880769725 0.26410343958136995 168763049503210
0.3053257103475755 -1.8564521516265504 0.591385290727596 168763069644759
0.3520974823405605 -1.5119683619262405 -0.1891354197616728 168763089786412
-0.0855705492838017 -1.1038495918847424 -0.717738999871838 168763109928067
-0.17924745505204154 -0.9140367047577937 -0.3014006725537204 168763130069616
-0.10311476091663341 -0.893204461462485 0.10614508695702396 168763150211269
0.24889246861044323 -0.7748540965137378 -0.06724457496563074 168763170352766
0.5291188577008547 -0.4396464608047408 -0.749303472472505 168763190496921
0.29126383616068374 -0.03253992255004334 -0.848075590478004 168763210637376
-0.06651285685270303 0.2841853471162148 -0.10979592160115326 168763230777571
-0.31865218001341233 0.5331344105054718 0.5618458799065773 168763250919121
-0.24363024010447987 0.7804015713731278 0.6580582468940119 168763271060774
0.1042901438539161 1.117094694598502 0.28329474204645955 168763291202324
0.4067719588331329 1.5093862048975515 0.37030034441841764 168763311344081
-0.011557530589743625 2.018849295949291 0.5940918380347342 168763331485631
-0.6429130166592949 2.5674720148844337 0.8196094079277874 168763351627284
-1.345104339108686 2.8608623775325484 1.5499624286859799 168763371770136
-1.5494965572244492 2.5645810153072883 2.4523478726362837 168763391911425
-0.49209968718580943 2.1254929372458307 1.861280153577777 168763412053236
0.3024872424388525 1.9356238419841656 -0.14120048651277806 168763432194733
0.11702641504483191 1.618945850931084 -1.127022889210222 168763452336438
-0.8037543562453844 0.9497709385573678 -0.24061977621192732 168763472478041
-1.7249859068713076 0.08784409459589426 0.35204763606170797 168763492619745
-1.5303549364345463 -0.9262457204170342 0.03468986666186602 168763512761243
-0.13852955461638716 -1.828520990396127 -0.6846748644830072 168763532902845
1.0344278211506404 -2.173632222004402 -1.7000836415864056 168763553044498
0.9915315147330124 -1.969130386978522 -2.6453696476441246 168763573185996
0.1025757977239099 -1.6938589970828168 -2.07023858920905 168763593327754
-0.48537100244587217 -1.6468840726662535 -0.43142280496098984 168763613469251
-0.22945891133169782 -1.6659447581330031 0.6833773810312085 168763633610800
0.421840585778392 -1.6094525838501532 0.1578103032624667 168763653751257
0.7102752029977135 -1.5087290592676226 -0.9464324214525268 168763673892858
0.7633495569294211 -1.4444588333515984 -1.0341112691932715 168763694035709
0.851329059606037 -1.3913458752750287 -0.5891664567608672 168763714177208
1.0034875640910796 -1.219082559595023 -0.20030045056494372 168763734318809
0.9065009887728639 -0.8067479812697682 -0.016697879983204933 168763754460462
0.47788633789329116 -0.2747685022033144 -0.475662991486564 168763774602011
0.19534617968963297 0.08999965136234866 -0.6127325416267511 168763794743665
0.23449960000170633 0.28546407655862893 0.28359326357359915 168763814885214
-0.14684856218613485 0.6192281948406535 1.0048287124213795 168763835026972
-0.18014974818640783 1.021407946497523 0.6711481261871035 168763855167272
-0.1493810290178763 1.412084853291769 -0.12484907717531701 168763875308873
-0.035825623995551004 1.7002611443521651 -0.3241834609590035 168763895450423
0.19248207892855929 1.7425087201692335 -0.04572372189220286 168763915591972
-0.07411492279465248 1.7048834409791365 0.5812310810799879 168763935733783
-0.20450678198572203 1.7343413230958085 1.2113105484577402 168763955875332
-0.33534614824482767 1.6752660272266482 1.1579522473599422 168763976016985
0.2573334329666377 1.4478544233438182 0.9068671689817043 168763996159732
0.7955884260608104 1.3439036558625546 0.9785088719041135 168764016301230
0.42069925647364825 1.3525643309400444 1.4400702811170412 168764036442988
0.022387041897668603 1.6161701170957858 0.7116143303623828 168764056584538
-0.865342319606865 1.6459024022703783 -0.8093584380538439 168764076725983
-2.1732919220917424 0.7705183085350527 0.13126080815067453 168764096867793
-2.145371818923394 -0.9660804703594579 2.7266272988642903 168764117008092
-0.3289683535762151 -2.402905880193817 2.9605743000289326 168764137149589
1.524398559326528 -2.7090312471238036 -0.4115576498206037 168764157291399
1.9233762693362224 -2.208045310199042 -4.109263209700233 168764177432845
0.7556687889064779 -1.9540339044092327 -3.3431722865101867 168764197574602
-0.03482043762481757 -2.025629467277387 -0.21115892295814964 168764217717298
-0.6681517602561042 -2.01457095663441 2.8257261819459805 168764237858795
-0.29901115429863334 -1.687743191088778 1.1134740119630346 168764258000449
0.1985474242173435 -0.8817863497460223 -1.9692305560545722 168764278141945
0.27202153312387467 -0.6431732204218186 -3.0094298549999077 168764298282402
0.4367456444678497 -0.9397827169624549 -0.608361755093676 168764318424055
0.38082962104302975 -1.0852734391949639 1.3294116701438092 168764338565709
0.49426330620942394 -0.8357724622934715 0.8688149806462979 168764358707363
0.31558886762378924 -0.37186504014727717 -0.9731486990767118 168764378848861
0.042449121442781346 0.06804751866342862 -1.5231600725426193 168764398990462
-0.17647771456452488 0.12826613993074254 0.10505592634090455 168764419132115
-0.32707084352661986 0.17977355647584403 2.007238100447724 168764439273770
-0.41524554200879593 0.5760820287744259 1.0342938983269292 168764459415214
0.1702693867054632 1.2714857402070407 -1.293548768057207 168764479556868
0.1950411929581206 1.728248162478133 -1.9800782722582655 168764499699720
-0.1353000534460036 1.9299129831075064 0.11455798766213743 168764519840852
-0.4906252966630529 1.9835422028922558 2.61826992528596 168764539982558
-0.9761184013929425 2.033440207626306 2.8619743386662684 168764560124264
-0.571800482833104 1.9572575371947956 0.808353884995515 168764580266283
-0.031915483922733134 1.8962259516308357 -0.6591152318473381 168764600407727
0.13170638239306331 1.6795906245859182 -0.3946139628216203 168764620549538
0.06185924653945052 1.2279132223249842 0.31824437661770366 168764640690669
-0.5027098683934397 0.8865175895787374 0.607818157544163 168764660831439
-1.1260448478397516 0.331797079475491 0.09913294400408024 168764680972884
-1.5017636126468012 -0.3721233715758565 -0.225625285421736 168764701114590
-1.040143800273691 -1.0649594394481845 0.1445974279126112 168764721256088
-0.480125294125203 -1.424684836714798 0.24043380170508843 168764741398053
-0.23043812592516222 -1.299562322496838 -1.0191275680109295 168764761539342
-0.42443839136512995 -1.01469868612247 -2.111493460658744 168764781680839
-0.3020629201233538 -1.0848668590542268 -1.7629862724332455 168764801822546
0.15578618733881688 -1.326829034118381 -0.6506111859153463 168764821964251
0.4998608834648035 -1.4963875437009548 -0.2519586752947771 168764842106685
0.8207261091155931 -1.4227814216795132 -1.098771530079572 168764862247350
1.1592664341674745 -1.2523975006248609 -2.0154552123449077 168764882390410
1.2178794559277297 -1.223768586437389 -1.4202010839384263 168764902531699
0.928576025679684 -1.2017931894624105 -0.003360574181990872 168764922673352
0.3636127736687471 -1.0286464656324288 0.7875092945606572 168764942814902
-0.14234952715875226 -0.7100387545371927 0.4675684708047758 168764962955357
-0.06691917250825186 -0.3696301247235043 -0.37947305538742926 168764983097011
0.6109666151183986 -0.23584081852880345 -0.3805926044661936 168765003238562
0.8804236827197189 -0.11916581888554312 0.2688901742395453 168765023380162
0.3433526180507751 0.29852720817281586 0.5344602839228862 168765043521764
-0.24177298368437983 0.8664584852882529 0.652556020107059 168765063663521
-0.1782816681975039 1.2704128819806026 0.3466419840543973 168765083805019
0.397865388098247 1.5457492508969821 -0.08511317056898204 168765103946724
0.7702088143848478 1.7714504749363371 -0.023766805986435546 168765124088275
0.5806323835391283 1.977988016667819 0.31403098880460156 168765144229720
-0.021761183012447338 2.239067659428006 0.5017008652624315 168765164371373
-1.0699113878162079 2.279498756448655 0.7632625476786954 168765184514590
-0.7192591883779664 1.8210355285964255 1.6120748818929567 168765204655931
0.518696653203877 1.3879441455333907 1.8114616633268654 168765224797324
1.1292761702193517 1.1509559023642115 1.0577874947239922 168765244939030
0.4178130260192314 1.1924077882976185 0.03174024968544398 168765265080632
-1.5588159854346149 1.1452104103255945 -0.009898327595394996 168765285222076
-2.921320366472692 0.25869762513547556 1.6477209863611844 168765305363938
-2.2082965275531534 -1.3030760795791192 2.903149933620198 168765325505436
-0.1966421048550231 -2.4168016839757964 1.2889994390836588 168765345647037
1.3933088747097315 -2.5313905659306375 -1.5483536713893233 168765365789160
1.4094713185177854 -2.156960597275761 -3.3449939722677087 168765385930136
0.3619154337204784 -1.8809395715706092 -1.719134826251667 168765406071790
0.20341174150763264 -1.977224801787738 0.4476657718111663 168765426214017
0.1359593736748561 -1.9858203687739397 1.109060351823933 168765446355462
0.6331571473773849 -1.6161465293941522 -0.8864455661971036 168765466496960
0.5423167335269081 -1.1387790399215714 -2.118592488113933 168765486638144
0.23414635557152663 -0.9063845600622571 -1.5262094397098962 168765506779850
-0.009460259292778606 -0.9233864566435557 0.5158366474508331 168765526921712
-0.30441879337172284 -0.8328742043773438 0.8834090640544168 168765547033804
-0.10688952688487818 -0.5648467267831245 -0.12807499485021667 168765567175458
0.1264878902108475 -0.25899408064525 -1.2512759138489233 168765587316955
0.120257694981178 -0.032073194203699806 -0.5644118443603889 168765607458556
0.21186777707869253 0.11146302666829033 0.38411505576168903 168765627600783
0.13891560838170403 0.34428516742838156 0.4728804235156012 168765647741812
0.13835416639286335 0.6229501065989549 0.22221303021873107 168765667883517
0.2558981768642907 1.0412922141854137 -0.39764461488751524 168765688024963
0.24917654930393263 1.3897354315045813 -0.3817143247225121 168765708167084
0.1061771769431461 1.7707116850474156 0.4286495363157403 168765728308166
-0.09884732094548299 1.9056318480379328 2.028002636865092 168765748450028
-0.7239386966001364 2.252630478430346 2.421523203242074 168765768591421
-1.4100957814988593 2.5083787968067774 0.8979363360311594 168765788733648
-0.9161015275428372 2.3994886819766723 0.19906195944992788 168765808874728
-0.0837235071905198 2.0165636018313364 0.6243740792786925 168765829016122
-0.40971562215866575 1.6133973658400702 0.7051022907667042 168765849158192
-0.8887588258519328 1.1368848848595547 0.532526656832113 168765869299481
-0.9935265919315461 0.19981552507514522 0.6347005246844404 168765889441760
-1.2589692227639868 -0.6515001190023835 -0.1125887013461977 168765909583101
-0.6486426633674398 -1.332796774889406 -0.9877027970144585 168765929724181
0.6744086232122979 -1.8744039238177752 -1.2939586243303172 168765949865835
1.061072308726088 -1.9678947210854698 -1.191868559620504 168765970007646
0.32550579619962017 -1.6023919487433762 -1.9700109609776533 168765990149090
-0.36101870288405413 -1.2339643402447003 -2.352790995344623 168766010289495
-0.22421535293224348 -1.2401133667270106 -1.556817757213198 168766030430991
0.4047829910917051 -1.3543831738503584 -0.5845777409268087 168766050572645
0.6532575452171141 -1.3976911093927864 -0.3042588724289468 168766070714507
0.7597154111736915 -1.3644175359517297 -0.6915394221619073 168766090855900
0.7972254539389532 -1.2438411576676334 -0.966122162729526 168766110997398
0.7421748944011626 -1.1400314222278567 -0.7031467536211209 168766131139103
0.7194357163021801 -0.9852551182510352 0.12438445257185338 168766151280809
0.5399772839792443 -0.7195761649133283 0.4129352964324826 168766171422307
0.4968011631208955 -0.3372087834931632 -0.176744048010264 168766191563856
0.4048261844029666 0.06280133258046927 -0.5379162345019612 168766211705769
0.09192735377237327 0.3267425309081249 -0.111692850882819 168766231847060
-0.010820909950851387 0.5344653137890001 0.8811291177312448 168766251988713
-0.1401996967106811 0.9184902197811997 1.211543919184996 168766272130210
0.018382234818955068 1.3904318242624605 0.44512624862924666 168766292271864
0.2864098894176641 1.7156413578474687 -0.11324714562785276 168766312413517
0.14571726700288123 1.8438387698717253 0.08667279131021788 168766332555119
-0.1536898582726951 1.94285666042863 0.7906517096106747 168766352696720
-0.3210231756806561 1.990808765842905 1.3246722465947895 168766372838218
-0.35134979054452486 1.9905596103305747 0.9814907269633317 168766392980027
-0.38286205899812 2.0316444656082098 0.400780960476915 168766413121421
-0.22767636594849594 1.9263897912365682 1.0435495730690318 168766433263180
0.030383321303703248 1.6201279462705038 2.2440681740802253 168766453405874
-0.35352537420703745 1.273922181235152 2.1617950666079304 168766473547424
-1.3388505728031301 0.7626680184256216 0.6362231626613442 168766493687932
-1.7831898332425045 -0.19057359307200272 -0.35999119643342503 168766513829533
-0.44780430800025384 -1.5065726439888536 -0.0014939337092396698 168766533972384
1.1813561629747968 -2.5379363378473325 0.22556266553260862 168766554113778
1.6333905944423377 -2.7041771952778646 -0.6137637347614131 168766574255483
0.9455186278976204 -2.330272908566041 -1.7669387221841304 168766594397190
0.04509898434934634 -1.9298067057590824 -1.5770153332160546 168766614538635
-0.21438467970802288 -1.8773780794510166 -0.4970858993853433 168766634680027
-0.2196888961101684 -1.8954327369983126 0.586669659397975 168766654820849
0.21014976201811542 -1.7099741192861497 0.3198728368933801 168766674962397
0.5839401221144924 -1.2854231430851701 -0.835617843766546 168766695104156
0.15440795706659394 -0.9020567761868854 -1.179358532825737 168766715245549
-0.20508691559672476 -0.7118309678245085 -0.5614921973543394 168766735387411
0.055046678460120235 -0.750775809415857 0.3174932538352784 168766755528753
0.3806950576118462 -0.6731914483139354 0.13128952494322288 168766775670353
0.6566434484332271 -0.43481780708864903 -0.6047217980141717 168766795812372
0.3205296024965816 -0.019289792545919227 -0.9949102509113374 168766815953556
-0.09168422815898469 0.38090605658826426 -0.5209404077603197 168766836096304
-0.031294159870937754 0.5289069741768611 0.13341857222924425 168766856237957
0.11643195725949984 0.7497613215289887 0.5567958929396455 168766876379819
0.11202984315134978 1.0355634517544408 0.5762716752892167 168766896521265
-0.19112563719767017 1.3468955856223026 0.3994450746063736 168766916662606
-0.5614698456956362 1.5567645153728424 0.5765018604663492 168766936804260
-0.5151426734315092 1.500489737298274 1.2776931875918298 168766956946070
-0.4009691192139573 1.3218029226511199 1.6870715422609637 168766977087515
-0.2345692406836659 1.4002279826521455 0.6673696361525208 168766997229428
-0.4555875214531828 1.7327190072154668 -0.30991532623423357 168767017370614
-0.3839036109125462 1.7613094831161238 -0.31775647973738685 168767037511173
-0.2760804082612871 1.6025412388366487 0.4493348552725904 168767057652879
-0.7322534867652797 1.5316301590380696 0.4703687631243225 168767077795732
-1.494665094099724 1.1720570569179571 0.23922225659320784 168767097937072
-1.270036274498529 0.34017250100311713 0.10915124277456645 168767118078986
-0.8999645664738232 -0.5476862179475059 -0.24217119328034675 168767138220536
-0.006275364116558713 -1.2620381345142544 -0.4227774819680272 168767158362398
0.8101530485505029 -1.4978141013614028 -0.5897234504181719 168767178503218
0.5962547630591524 -1.3075408318703712 -1.4654555181470377 168767198645184
-0.13387265439642837 -0.9119872553400477 -1.9632335551426303 168767218786838
-0.3101620883608929 -0.7286620698970374 -1.4514340120828542 168767238929429
-0.22203103787621448 -0.8239696949801303 -0.30768041279128333 168767259069990
0.21104704469902824 -1.0523520255153542 -0.0024431583580266647 168767279211590
0.8364523818529728 -1.2337151165060334 -0.2657850930926715 168767299353192
1.0133391515761283 -1.3544281478923264 -0.7194762190053874 168767319494689
0.9822167314171528 -1.395712928470111 -0.72176017442306 168767339636343
0.7204535609149723 -1.2876274716823382 -0.24929534656969787 168767359776798
0.6174028877944777 -1.0334711179708709 0.0981711446192417 168767379918296
0.6438978961730821 -0.8386665428141971 -0.2368805647733565 168767400059950
0.5220152895947157 -0.5119244451888578 -0.4264917565061852 168767420201551
0.4407567629257725 -0.2971127983385857 -0.3438667450486983 168767440343154
0.374700136903118 -0.08572490663961929 -0.06867249760145877 168767460484806
0.28343930874124434 0.1708731996883044 0.257574208950083 168767480626304
0.14335300949299556 0.583659008969394 0.38174296091006643 168767500768791
-0.1449367330306035 1.0903647071755147 0.6856189781030531 168767520910393
-0.33207487470573294 1.4895769219904116 0.5887783856074424 168767541051942
-0.25221995835833644 1.61430558056108 0.15549536473595404 168767561193700
-0.10547469715541924 1.434669562105114 0.7678044949137632 168767581335197
0.00656262508816452 1.3764832082778415 1.888682072493511 168767601476903
-0.33336073977321834 1.549172406466024 1.4568196814323087 168767621618505
-0.6195572441623247 1.8377510111103188 0.332472346708347 168767641759897
-0.41886356876735986 1.7190411409195043 0.4569324672104278 168767661901604
0.10001656686111215 1.3475717799231042 1.4581485128308422 168767682043309
0.3115684292701397 1.158733693469733 1.3679836540146741 168767702184754
-0.3066412526776383 1.1778536539945357 0.6256369232117391 168767722326356
-1.0545781388608608 0.9913063606956278 0.5902068041943913 168767742467853
-1.4832254993699387 0.37242741277525226 0.3759740371055136 168767762609560
-1.4156087198084508 -0.6413525033735468 0.5107767882781609 168767782751473
-0.2998819953780103 -1.7441366901988378 0.958780122028779 168767802892763
0.6897941107288417 -2.314095973252819 -0.014933910189476762 168767823034416
1.0721355815518234 -2.3230297082897557 -1.5349817961203316 168767843175965
1.198614226960209 -2.1475595088193042 -2.5053658079900156 168767863317566
1.1524826901619174 -2.0417048336179437 -2.5413043651420124 168767883459325
0.4681531443170339 -1.8465718747068554 -1.51885892180111 168767903600771
-0.3568983829838728 -1.5353995896092343 -0.15379563353463777 168767923742632
-0.7497643118558481 -1.0546014099686376 0.5647198408285394 168767943883921
-0.3911932854221787 -0.6621503662561601 -0.24763818983716845 168767964025575
0.26873482478725697 -0.6222984180049282 -1.2205226612447344 168767984167124
0.5083838559235556 -0.6557366836226928 -1.2293234024332875 168768004309924
0.6525566941138445 -0.6482343664294046 -0.7526481750716298 168768024450483
0.5542230896660756 -0.581356047831024 0.1141900536926963 168768044591982
0.3066353076703605 -0.4387054437335687 0.5900092695166572 168768064735405
0.26349672269878854 -0.29521484326810477 0.6278789976445758 168768084876851
-0.056548813247219165 0.0817236331980169 0.2960654051469107 168768105019025
-0.09528787872277533 0.4861186526521637 -0.38584054697622117 168768125159950
-0.09638411157197035 0.724075586184231 -0.48722468367472693 168768145299520
-0.06547398847632646 0.8316408400411355 0.1841460343102188 168768165440861
0.41722530140643865 0.7470387462516577 0.9531395813544252 168768185582827
0.3249911786251509 0.812633438407576 0.6594599072710401 168768205724168
-0.10615695944362935 1.2994963991635613 -0.025080999964417927 168768225865666
-0.4296399230236536 1.6653295412058498 0.37156117659096566 168768246007267
-0.9563828368564229 2.02606246108968 1.3612992342415229 168768266149650
-1.3284485546413882 2.445520379027993 1.6141980787994683 168768286290522
-1.0913965390256108 2.480378705566144 1.1235850255395747 168768306431968
-1.1590669382517387 2.2643200542966646 0.0685457548066597 168768326573673
-0.6539137068513909 1.4454770395310828 0.31460222884532785 168768346715224
0.0677747962376376 0.6103367097498662 1.297104146357512 168768366857659
0.35939561824011035 -0.08646207751260704 1.23747579755476 168768386999208
-0.3616412202516619 -0.5867844081038349 0.3254908919500581 168768407140184
-1.0941957887013292 -0.9044617061705669 -0.17495884893995406 168768427281681
-1.4407374903360632 -1.1848974899364535 -0.29393436430821307 168768447423335
-0.2395650899251005 -1.3121635974179124 -0.2839267883215699 168768467564780
0.4717634554036696 -1.40593204980933 -0.7278982665947558 168768487706434
0.2942320533854357 -1.2324360695349643 -1.8488225195258048 168768507848035
-0.10353037291665146 -1.0702384064092207 -2.085210359370644 168768527990263
-0.07556111473957117 -1.036097951689877 -1.381315260152765 168768548131291
0.35725130352084333 -1.0407435957269016 -0.18654634874721188 168768568272841
0.7464699881291748 -1.013893704706522 0.07243040147098068 168768588414442
1.1236042131595898 -1.1504093973589686 -0.020620131948215104 168768608556460
0.9455630580276719 -0.9832547639809244 -0.7973432735273218 168768628697593
0.7949025948596375 -0.8557322291534897 -0.9555870211656075 168768648839299
0.56403486885646 -0.8827547286352919 -0.4604412966199858 168768668982151
0.14845689899141812 -0.7090358141582334 0.1507143455165112 168768689122554
0.3861849527868846 -0.5939010146078365 0.5040553631319589 168768709264624
0.28289815754200776 -0.3589342882487685 -0.22219516261943273 168768729405757
0.06110856509610607 -0.1087660829427648 -0.595505153533046 168768749547255
0.3847633169206348 -0.03471794447921184 -0.2905398650139368 168768769688856
0.33388487228650776 -0.07477142589586983 0.18742894783260056 168768789830405
0.18256199939170625 -0.11882592977919604 0.34685477935983045 168768809972060
0.19265604482586518 0.8222976546141432 -0.8320986960433858 168768830113660
0.301060871016942 1.214112537753814 -1.6960134294909588 168768850255627
-0.3483480805301964 1.1795175692655517 0.5353767564072329 168768870396864
-0.5018962378616572 0.6319685475999419 1.9635308973132863 168768890539038
