-1.4785522460937501 6.77568359375 2.4595092773437504 52150013117604
-1.24259521484375 5.4954248046875005 2.27008544921875 52150033259100
-0.8911220703125001 4.29791455078125 2.5262001953125006 52150053400598
-0.7891916015625 3.3727554687500003 2.4887580078125007 52150073542252
-0.64081373046875 2.744615507812501 1.4586333593750007 52150093683853
-0.3382369218750001 2.294313011718751 0.06101069140625093 52150113825404
-0.15592889296875012 1.9396252140625005 -0.8507886148437489 52150133967369
-0.2842401846875 1.6291659915625 -0.7567539387499993 52150154107825
-0.574804257125 1.2984866018437504 -0.14297639318749944 52150174249374
-0.5685103978874999 1.061445531475 -0.018568126268749374 52150194391028
-0.36161984174749984 0.9362902142425007 -0.42968604398374977 52150214532629
-0.36484518980424974 0.8219081479565009 -0.914744928937 52150234674179
-0.3648131635621499 0.7641427293027014 -0.9313809040871 52150254815781
-0.08422113631846972 0.7184064685984115 -0.8343869498321799 52150274957383
0.03529643078897404 0.6559629678474792 -0.6595261614282439 52150295099036
-0.09725113661882068 0.5742576789654823 -0.2310877260175952 52150315240637
-0.21003967882630636 0.4185370025473869 0.10657269027967375 52150335382135
-0.16455273915479518 0.30224903563165917 0.10972104284873918 52150355523840
-0.051905863198836055 0.19159170897407662 0.12340915849774148 52150375665442
0.03948116881593089 0.10085637499176059 0.27132254164194314 52150395807044
0.10547409520899498 0.02089506093090776 0.3620043223760545 52150415948645
0.0644574011671959 0.038920638588477274 0.19027484461959365 52150436090247
-0.056270993128743285 0.08640994837078075 -0.08705014383557508 52150456231849
-0.1146334937217448 0.05794631807162531 -0.27208152131846 52150476373503
0.021586662053854067 -0.013848023667700105 -0.15678875221101807 52150496515051
0.14084110698683316 -0.07860771580916115 0.1350914591686856 52150516656549
-0.01938277847303338 -0.055659610147328564 0.13850529624119834 52150536798203
-0.1652132540284268 -0.004891457649112141 -0.16651509894454142 52150556939908
-0.015129587597741523 0.005522869036960643 -0.312704266655633 52150577081457
0.17566488460930696 -0.048596841489182196 -0.2261155617620063 52150597223059
0.23027800143744548 -0.009824738816345047 -0.15605114081585492 52150617364661
0.3974914441187063 -0.13658293558432533 0.21539346234731593 52150637506263
0.059436026388715035 -0.024927969561209906 0.4822024651903527 52150657647812
-0.16869873748277797 0.09967432356978279 -0.19225316456646802 52150677789413
0.2514179631387776 0.07479561119957623 -0.7271301683719247 52150697931067
0.5567618119172721 0.03694830536591098 -0.5074365565725396 52150718072617
0.4045281018775677 0.06288383960522914 0.40286423130446836 52150738214218
0.45157658306455417 -0.07162896347206704 0.7821424592623247 52150758355872
0.30498685238914347 0.03770415344109601 0.38651719006610974 52150778497421
0.06819602488006482 0.24661840087787645 -0.09607189247836234 52150798639856
0.17324578474780172 0.34930888085855116 -0.15099081476393983 52150818780676
0.3254374481107414 0.4056800148430906 0.027730297407598137 52150838923164
0.15440513426984315 0.23379694156197317 0.5708658785510785 52150859063984
-0.13616827539662535 0.09506977981207854 0.8305330348721127 52150879205481
0.11978852421394959 -0.051507652712837526 0.68251724821019 52150899347187
0.41845044827740985 -0.11959967685776896 0.05386291966190182 52150919488788
0.12112510471567783 0.07288715304503413 -0.6864750939579787 52150939630443
-0.08530206466495782 0.1528898005610273 -0.36187538766638294 52150959772043
-0.01562934704446617 -0.0903834720511778 0.17666179924189374 52150979913489
0.014193299708177065 -0.24795375029719224 0.2549036581435149 52151000055142
0.12361049914154165 -0.18664425023775344 -0.06715861645393817 52151020196849
0.2012321493132334 -0.1377919626902031 -0.32638314316315054 52151040338450
0.06415954757558673 -0.15762126546466249 -0.0016338582805204283 52151060479844
0.07668164196671934 -0.21439046940298034 0.41606351884433357 52151080621914
0.04358408310462547 -0.13094841067863427 0.25261399866921685 52151100763254
-0.054988690547549623 0.022707091769591514 3.333864353733951E-4 52151120904700
-0.22923265165678974 0.1606217281031732 0.08260313492954863 52151141046354
-0.2155638557004318 0.24052130826378892 0.3544614141936391 52151161188007
0.02354500918965452 0.23320073801728114 0.42217997119866135 52151181329556
0.13404596828922366 0.26036430135132527 0.3587156566464289 52151201471158
-0.008205119899870938 0.40317669498731057 0.07176256437964312 52151221612811
-0.1437955412323968 0.4711253403648481 0.0987064382224645 52151241754414
-0.09446758532966748 0.4963826941668792 0.4269876115154716 52151261896119
-0.09523959560748407 0.5693595733022541 0.6723762220248775 52151282037669
-0.47572780929848735 0.7709539672355525 0.9073589854324022 52151302179219
-0.8654333216575398 1.031191884725942 1.2407431453771718 52151322320871
-0.8081791768572817 1.220046281218254 1.2059490084892373 52151342462421
-0.34483435711082544 1.2667474741933535 -0.07180085180236029 52151362604179
-0.05633623568866053 0.9777046199796828 -1.3721867751918886 52151382745520
-0.6027227971446782 0.3433941647337466 -1.457637115466011 52151402887226
-1.6596196439657427 -0.5386513674317541 -1.120760571279059 52151423028827
-1.5171488401725943 -1.452100293164154 -0.528493222648247 52151443171159
0.17755290051817418 -2.115769590000074 -0.10554604296234782 52151463312760
1.5025891954145396 -2.07544037903131 -0.4809944515573781 52151483453997
1.3520713563316318 -1.4623786704125479 -1.4906549362459025 52151503595390
0.4197186085028053 -1.006450787892538 -1.8494087146217222 52151523737096
0.003951156333494188 -1.0281708842202804 -1.1112896670098777 52151543879217
0.12646414772304548 -1.300979090188724 0.24385400857959771 52151564020820
0.2520013963034362 -1.4339473346509788 1.2561427771761782 52151584162369
0.25200394907399915 -1.2262472231895334 0.8029000615846926 52151604303919
0.6577677100404493 -0.9009196535516271 -0.35124684526349603 52151624445521
1.0127986406886096 -0.6583089650288017 -0.806095132460797 52151644587017
0.6174898891133878 -0.41816328530429203 -0.6842193676873876 52151664727995
-0.12583230745928975 -0.08079527668093345 -0.16590576758741005 52151684869752
-0.6237737561236818 0.12401123959275395 0.4110253859300719 52151705011927
-0.49633345802394535 0.26507813229920263 0.6262324181190575 52151725153477
-0.08289440313790619 0.45653272068311246 0.4191988251202461 52151745295181
0.1453543993646751 0.6752237351402393 -0.012748850060052996 52151765436731
0.4180657460542401 1.0792781092059425 -0.11946421676679231 52151785578593
0.5573651944996421 1.6130562764272547 -0.3328760609134338 52151805719935
0.49878522200596365 2.1134674820793045 0.14877483486300314 52151825861744
0.278349466667271 2.3121118762884443 0.8390027780466527 52151846003138
-0.07464708682243315 2.247333543999506 1.150242749781072 52151866144635
-0.14471522805169657 2.153262343012104 0.9221473248248575 52151886286237
0.03787771990239275 2.0799707142534327 0.34697078954738636 52151906427891
-0.09157282407808598 1.6791010831214965 0.7074594441379092 52151926569491
-0.6837929272312189 0.9899727610284472 1.5912361099978272 52151946711510
-0.9889654941287251 0.09786199788525884 2.2733917200295117 52151966852591
-0.84791067655298 -0.9501405774730429 1.2805908174298595 52151986994400
-0.8150594982736341 -1.449528965884685 0.45201171644388793 52152007136002
0.010269295912342713 -2.0168009070827484 0.21987353331136017 52152027277499
0.8761963937611243 -2.241614553791198 -0.44636679835091186 52152047419154
0.44009285719639957 -1.8264947680329584 -1.6342174621182295 52152067560754
-0.004322198617880302 -1.5834858534888667 -1.4688119579758334 52152087702565
-0.1098664503005542 -1.745353135916094 -0.5026496640369169 52152107843905
-0.10532480086544327 -1.9893245009203753 -0.4077227585732839 52152127985560
0.3516776593076454 -2.23129114370505 -0.09851707404612675 52152148127369
0.26621761572736635 -2.1406237352765407 -0.5133717647056515 52152168268919
-0.37097366132435683 -1.7878896132212327 -1.5199991695770212 52152188410467
0.2161727310967645 -1.4100846397957367 -1.799727363005367 52152208552018
0.6264049817524118 -1.2583289423053392 -0.5818229060292937 52152228693828
0.44605806743317933 -0.8636577827505212 0.41012761267656517 52152248835637
0.02923414925904355 -0.15496431213791695 0.5604751370162522 52152268976875
-0.3717298680927652 0.7326325541959164 0.19800169164425174 52152289118788
-0.1952720780679622 1.5278174691379833 0.07822557206540148 52152309259973
-0.06692322886061985 2.4327520221853867 0.005683484996071186 52152329401835
-0.444285653400996 3.15621138337331 0.9017757919031069 52152349543072
-1.601021784439547 3.459209829354899 2.485727274147486 52152369684882
-2.376435103332888 3.3705538986401695 3.386811799786739 52152389826484
-2.1141973990725607 3.2713576696933853 1.9987804945168914 52152409968502
-0.9003056731642984 2.7189293974734596 0.24344578233226333 52152430109635
0.19292684818731143 1.6949799437600177 -0.5329045069466893 52152450251185
0.9320514394873491 0.7593042675080142 -0.5279471407136018 52152470392838
0.3366445695586293 0.31778276947516204 -0.9896306617896315 52152490534492
-1.5824665709155967 0.22347670386137963 -2.1466361700567056 52152510675989
-2.0815738426699775 -0.647170785348397 -1.7334954594828647 52152530817695
0.038512898520267846 -1.9060789134349676 -0.07825144571129172 52152550959192
2.1602170570974644 -2.6143162557479744 0.26313126530596653 52152571100898
2.3999509894279716 -2.330515504598381 -1.0153861010364769 52152591242552
1.2434959477923773 -1.9021931653974544 -2.7755779237979317 52152611384934
0.329599004327652 -1.889039688567964 -2.5008334327883457 52152631525702
0.3956005901808717 -2.1874890750731204 -0.38491967591817655 52152651667407
0.36237890964469743 -2.216177783495997 1.572984669421709 52152671809010
-0.03767255587799223 -1.8305227932030474 1.4852554113186172 52152691950456
0.11877552951635595 -1.4036882540936881 -0.2643957686013563 52152712092005
0.8698739392380848 -1.2030287282749503 -1.887847181287335 52152732233919
1.544641827171718 -1.2049034513699608 -1.839501377842368 52152752375467
1.4283770359561245 -1.0809149485959688 -0.050043485086394446 52152772516914
0.42104635532739976 -0.514829615126775 1.7715252705246345 52152792658515
-0.5324011969880802 0.35186921805482996 1.6764975601697076 52152812800012
-0.39074029352796424 1.1161267221001143 0.5640496106357662 52152832941561
0.28848198392762847 1.7812192487738416 -0.38350152242888713 52152853083424
0.3126215246421027 2.482519344331574 -0.3925678195056097 52152873224661
-0.23292279981756803 3.0485154754652584 1.0839804123642622 52152893366522
-0.43657017344780447 3.359393435059708 2.24180591192266 52152913508124
-0.21086502547699348 3.438564552735267 1.768163967819378 52152933649674
0.1627044639934052 3.095321857031964 0.7573900609742523 52152953791380
-0.04174804989902592 2.4761110012505725 0.022379333935651502 52152973932720
-0.3513061547629708 1.651005988500458 1.1156817874610212 52152994074687
-0.10642334177912671 0.6752237361128675 2.362137715125067 52153014216029
-0.0955146499858015 0.08090164514029397 1.0786506017875537 52153034357890
-1.3959429699886412 -0.06983678935651483 -1.295661061538707 52153054502930
-2.3249208798971632 -0.5660989236727119 -1.4480767007934658 52153074640832
-1.350818051573981 -1.7534894905006695 0.7717998698339774 52153094782487
7.664571783152496E-4 -2.8357627838067856 1.9330404818046816 52153114924348
0.9827176579301522 -2.981207883295429 -0.3875886106500044 52153135065742
0.9536301810316217 -2.6838310527300937 -3.3743531150825037 52153155207342
0.6175550237315472 -2.5624823226528264 -3.391560128784753 52153175348893
0.2538828861727378 -2.606235858122261 -1.2965855053715525 52153195490547
-0.018890761374309673 -2.6526400536853094 0.48229946679650837 52153215632252
-0.004565734099447827 -2.365459210916998 0.3424191632809568 52153235773801
0.6236423345954418 -1.7439176617023486 -1.8786525600002346 52153255915402
1.0455447270513534 -1.3617723129556287 -2.711259450343938 52153276056900
0.3903542386723329 -1.2685316198957528 0.13596070144359973 52153296198502
-0.2025969801558838 -0.9987852568541022 3.43566065099863 52153316340104
-0.272221627093457 -0.29631824454578215 2.3413752004864046 52153336481810
0.3540366631689844 0.7984922793633746 -1.3074296247671264 52153356623463
0.4425921235039376 1.5612791750532002 -2.590035496688701 52153376764805
-0.017447297290599906 1.8588133791050607 0.6914359581177889 52153396906562
-0.3068777597074799 2.318703535315299 5.264623375869231 52153417048059
-0.728375742922234 3.26956243762724 4.753178192882885 52153437189713
-0.6490213951190373 4.241992723539292 0.37613874571255757 52153457331314
-0.7689607684389799 4.491934022581434 -1.862968397961204 52153477472916
-1.172871251469934 3.6791551282213977 -0.3756042105564634 52153497614986
-1.182181278519697 2.513392461952119 2.3068408503048294 52153517756223
-1.1903617220345075 1.800496684405445 1.661695824775114 52153537898033
-0.35226496356510584 0.9999554529931061 -1.3141003714299089 52153558039531
-0.9145756427270846 -0.13521630166801657 -2.670091332300177 52153578181132
-1.6279617837129177 -1.6359196233656625 -0.43001837834014145 52153598322421
-0.20686161447033413 -2.5725540580675315 0.7819984809216369 52153618464023
2.290724087329983 -2.694981723016525 -1.8236443793251906 52153638605729
2.9655626683014864 -1.9969643823194705 -4.723942358928904 52153658747487
1.7439100955786893 -1.6430182831993267 -4.4416905082368725 52153678888983
0.48464223661920136 -1.9601055445282114 -0.5289505511207484 52153699030481
0.03624894554536118 -2.161333947341319 1.5465661216034015 52153719172186
0.09678480096753894 -2.1949118844355553 1.2789521160327213 52153739313893
0.4225206142115312 -2.004354800517195 -0.168513111861323 52153759455493
0.869901256994225 -1.7402270044762558 -0.9945150793328086 52153779596835
0.96614805637663 -1.386664025456005 -1.174457278309997 52153799738541
0.5986874880700541 -1.0742482125523045 -0.3584134788979976 52153819880299
0.31525370139354325 -0.8351798200418434 1.057934744225352 52153840022682
0.0870296212710846 -0.3173503990022244 0.7969703539740316 52153860163397
0.05199674389186759 0.39295805970446995 -0.5329925644770248 52153880304895
-0.059977311917756015 1.1494982837010754 -1.0487207117378698 52153900446652
-0.40895597062795486 1.6304262636796096 0.03601122357845421 52153920588202
-0.4045329405648639 2.141230659381188 1.9259159124565135 52153940729803
-0.1300838719831412 3.186690582192451 1.937864077621461 52153960871406
-0.3889425858677631 4.126513110285211 0.15167065662841894 52153981012174
-1.1571013343192105 4.181886757759418 -0.32077773250976493 52154001153723
-1.6414037237053685 3.5633804999575354 1.9469422671171879 52154021295377
-1.036169853964295 2.6512903374660297 3.869382426975 52154041438697
0.35990689026606404 1.840710004347823 2.5702129728300003 52154061579778
0.33697336377535114 1.2122408550407577 -1.0445864576734998 52154081721536
-1.055702070698469 0.19258321137635548 -2.52484152942005 52154101863086
-1.599590953433775 -1.5437849933989156 0.007678045995210159 52154122003384
-0.4211522549345199 -3.0604796548753814 2.3050438039836685 52154142144934
0.8860396218336342 -3.5171215168690555 1.0479779142806853 52154162286588
1.1483946857481575 -2.962928170526494 -1.671102531856702 52154182428293
0.6829735610985259 -2.3889094309524452 -2.789445502047862 52154202569791
0.5200604895038206 -2.401984478355706 -1.9476696828882898 52154222711444
0.5185264189468064 -2.6617487154970654 -0.2884580119356319 52154242854244
0.07412289296994512 -2.7108564919289027 0.7238112271702448 52154262996001
-0.30510598249904364 -2.362703748230622 0.2683800364236957 52154283137344
-0.2157278524054851 -1.9305072368657479 -0.8531060294547936 52154303279049
0.3869147883881119 -1.6540981723050985 -1.1594867766888348 52154323420807
0.9476665963354896 -1.314294162844079 -0.46798248775731777 52154343562200
0.8990634528496417 -0.5883615998065137 -0.3046960487996042 52154363703905
0.3509646294672135 0.40979167718603904 -0.9091865265396835 52154383845300
-0.5329123784574792 1.184583830030081 -1.441961037637997 52154403986900
-0.32763605510973326 1.5702866929303152 -0.5165449043291477 52154424128763
0.7646245543497134 1.885929061375502 1.711764076536682 52154444270207
0.8449515966047709 2.6646392451941523 2.8646261049793456 52154464411965
-0.062088039122433214 3.579477509436572 1.1817155324209767 52154484553411
-1.3360473844229466 4.071540991924259 -0.3347423201569688 52154504694960
-1.1878442551946073 3.575384649008157 0.746695889968175 52154524837031
-0.313861829936936 2.8046680707690257 2.89856520806829 52154544978111
-0.8274322373870486 2.1447598472402216 2.745744256298382 52154565120286
-1.514509266472139 1.681225358260928 -0.6088855519925449 52154585261522
-0.8313828038027111 0.7781712045774931 -2.647850629094036 52154605403072
-0.5760193289796689 -0.5209444816505044 -1.7227848978064788 52154625545091
-1.8062500334962355 -1.6144972845391532 0.4905709098798172 52154645686171
-1.2332202416407387 -2.208651050287573 1.486926942747604 52154665827929
0.7214926543436588 -2.510988223042558 0.17291557763558352 52154685969374
1.5110320140999272 -2.1996108909340464 -2.5431860925790333 52154706111497
1.482775806592442 -1.7544641033722375 -3.1089507295319767 52154726252525
1.1360131257427035 -1.9886298764477903 -1.1368676148755814 52154746394387
0.6297699732504127 -2.116379975376983 0.578176806537035 52154766534739
0.37873052938158036 -1.935120581864087 0.25021234366712797 52154786676237
0.033611864911514466 -1.49076003971002 -0.7262339336600476 52154806817734
0.23580062474171148 -1.2243096919242653 -0.48007161958428823 52154826959752
0.7787528044808691 -1.2506391597894124 -0.1994747761361806 52154847101042
1.1701213842096954 -1.1965440426752796 -0.30583226231519456 52154867242642
1.0715585331490065 -0.7171717575777237 -0.5602786028209057 52154887384609
0.7668781741754551 -0.11500937871842964 -0.5793386049129747 52154907526002
-0.16085048800338608 0.6778045087440061 -0.6434025245553798 52154927667395
-0.32429806618395896 1.3750805210577042 -0.40870395323805386 52154947808997
0.02265383220908279 1.687381311377413 0.4502341030345569 52154967950702
-0.18961619204523372 1.9501247756644302 1.4684026144588955 52154988093450
-0.11370467238618698 2.454142789281544 1.9824979704733665 52155008234999
-0.25125426525269945 3.035689719706486 1.2907347045036932 52155028376757
-0.6393701114209096 3.165087420296439 0.5831492870404547 52155048517264
-1.3156708938242279 2.8392720846746506 0.9259310507261138 52155068658710
-1.4214698205281322 2.2660221599272212 1.9731667155808914 52155088800155
-0.7540948017350058 1.662121927160527 2.0199762435584634 52155108942070
-0.2011762320130046 1.1981545729784209 0.9630513073467704 52155129084818
-0.4470127629541536 0.3941071544764867 -0.7450985049038339 52155149226262
-0.8280814017695732 -0.7719823428250603 -1.3320895461105673 52155169366719
-0.6689836761031587 -1.6393265969162982 0.16035375373654626 52155189509882
0.4778379614612227 -2.54599496893929 1.6179436475204874 52155209651328
1.1807322832314782 -2.930899979057683 1.4113471055163895 52155229791574
1.0261654164289324 -2.5300715457461465 -0.748082960118138 52155249934375
0.3891574307993957 -2.1849825295656675 -1.8527876571570108 52155270074883
0.13748561260826664 -2.1456666877150337 -1.2511998522881087 52155290217577
0.2249787244616135 -2.370988916578277 -0.37945109276798705 52155310359127
0.3458765342567909 -2.541066035606372 0.11879020000436036 52155330499478
0.2231489813116827 -2.209097945672597 -0.029528386871511714 52155350641185
0.4171422319243463 -1.6253105831005774 -1.2385763227784592 52155370784192
0.8176981605394771 -1.128190361011712 -2.2035319566602674 52155390925533
0.5447835284315816 -0.6938120544343693 -1.592439823140714 52155411065885
0.13599772118276543 -0.3074056005787451 -0.13255781554382118 52155431207643
-0.06958317071003761 0.23541096875575374 0.49218372803369315 52155451349140
0.1299169595257199 0.7497545562546035 0.1389252050832046 52155471490638
0.46334518871432584 1.1847523754724332 0.07525149219156368 52155491632396
0.5246556431589608 1.6257193808466965 0.618453146878251 52155511775090
0.08910928015216868 2.3078020671773576 1.3918450370338507 52155531915494
-0.6521744899407651 3.172938431085637 1.6836542522833304 52155552058450
-1.2769275802338622 3.82827994408726 1.5228633432329142 52155572198698
-1.6589566149683401 3.8415546193323085 1.9488326667738316 52155592340195
-1.615153573224672 3.3402480899970968 2.968477754512815 52155612481953
-0.9477747140484878 2.488384995435176 2.3030903090790025 52155632623502
-0.6971968220200404 1.7262426643168922 -0.3538046082055475 52155652766301
-0.8377379263660325 1.0176274322347627 -2.3472404639081876 52155672907904
-0.7907591887490759 -0.11160606202468948 -2.2115326055015503 52155693049400
-0.9279076439680107 -1.4976588730572509 -1.1439209086199904 52155713191210
-0.6359906659556587 -2.2751900867270507 -0.9626342854897425 52155733333332
0.563729439891723 -2.39998605375664 -1.440627447923044 52155753474309
1.2950875558196286 -2.015984936755313 -2.3629755911509354 52155773614766
0.8213971930932034 -1.2786937111229992 -3.1076168010457486 52155793757512
0.3455821099433125 -1.1070247931171497 -1.786606136149099 52155813899531
0.2573250629546502 -1.4866330180874705 0.5272092317057209 52155834040767
0.3543829995824703 -1.7207761410324753 1.284511525989577 52155854181120
0.5483257356034761 -1.6466160300134796 0.18299252157291157 52155874322720
0.9513314869202811 -1.5867874529170338 -1.1108081311791709 52155894464322
1.0456721231299748 -1.4570398256148778 -1.3376089072870867 52155914605872
1.05036826491023 -1.452680200335653 -0.6583195477046693 52155934747578
0.772240412709434 -1.3927960157372725 0.34091027980501454 52155954889179
0.5865789512612971 -1.0679965782148182 0.4741320324377618 52155975032083
0.5487675555402878 -0.45246855163435473 -0.25222513576854055 52155995173685
0.2547733217759802 0.16561304931751586 -0.6905862609585824 52156015315129
-0.17107147929796573 0.8423903417977625 -0.25915846189186587 52156035455846
-0.3560344295321225 1.5533434257819598 0.6722996953302574 52156055597395
-0.265796781906948 2.5239003265630675 1.071250400795456 52156075739101
-0.11325998411930849 3.3348185034379547 1.4935359651676148 52156095881640
0.035637129892053254 3.583626287125364 1.224345373696592 52156116022252
-0.5353941046801074 3.6643985882940413 0.5343469044260236 52156136163750
-1.1660350103065862 3.1704348862602334 1.1840082852595688 52156156306652
-1.5543734184015188 2.442280526195688 2.030580651645155 52156176448151
-0.4742726605024652 1.5025426826752994 2.0613785838161243 52156196589751
0.7084847036292778 0.5975419586402388 0.4922181014278997 52156216731718
0.9608673527471723 -0.10704944090030999 -1.7424926087014305 52156236873007
0.1921069681352381 -0.9024730488139987 -1.0552733838361443 52156257014557
-1.2656503629918094 -1.666204513269948 0.3867383241810849 52156277156680
-0.7373249778934476 -2.2861374387409583 2.015640659344868 52156297297864
-0.1731119354397581 -2.5565100486490167 0.8799197540383945 52156317439466
-0.1552742163205565 -2.0634941717317137 -1.1699655639567847 52156337581119
0.04550718944355481 -1.9570453373853702 -1.1310286035091779 52156357722772
0.4492353413985941 -2.3231313870957955 -0.5713267890573421 52156377864269
0.5193858317126252 -2.562643293270386 -0.5466610406208736 52156398005975
0.46832848958885 -2.506022837741309 -0.7876218012466989 52156418147735
0.79285126823358 -2.0754969811305477 -1.512348417559859 52156438289544
0.7969641200556141 -1.4577608661544383 -1.6097322496728874 52156458430990
0.5505107491694914 -1.041672560111051 -0.82094009661331 52156478572434
-0.11346102957065707 -0.6753302355888415 0.1532210672406018 52156498713880
-0.15354958537527574 -0.3185478798773227 0.13234247879248162 52156518855533
0.08338591763727932 0.15021540703564185 -0.22146976696601461 52156538997135
-0.001113531515176458 0.8487367787535138 -1.1832060870103118 52156559138737
0.054797651350358745 1.2610084659715612 -1.3797069594519995 52156579280286
0.10619163670528708 1.3710138040272497 0.04360992071965031 52156599421888
0.0495407117079798 1.5294648518155496 1.4815310029819704 52156619563541
-0.030203856414866115 1.9289673892649395 2.0385817359793266 52156639705039
0.30434033283685724 2.6276465676619516 0.9986022051897114 52156659846588
0.2198150397069858 3.521782781473311 -0.8354566147544809 52156679988450
-1.4282739447969117 4.0909735884598994 -0.4124082605535846 52156700129895
-3.132377456618779 3.745923402017919 2.5050099149946323 52156720271549
-2.8883726684200237 2.409873487239336 4.674210568714456 52156740413515
-0.7978197167672691 1.0686702741664682 3.3012458963778153 52156760553189
0.831238855492435 0.45072479355192385 -0.34719908367899777 52156780696301
0.14054040080019803 0.22129760827903766 -2.8018193255369486 52156800837538
-1.7026677770160918 -0.2940678704080213 -2.152014542460809 52156820979505
-1.7403568778628733 -1.104700097107667 -0.02701934881239687 52156841121418
0.18784145083470172 -1.9615188667486336 1.2054230951688325 52156861262864
1.5033371255115116 -2.374036870742657 -0.28135244183368435 52156881404362
1.7164270246279592 -2.3102646528441255 -2.3656581253419473 52156901545963
1.3440278501711171 -2.4537537144628008 -2.587130992461058 52156921687669
1.1412012840431438 -2.778469280163991 -1.2777248135000965 52156941829010
0.9737764569220149 -2.730624545224943 -0.8535885422063272 52156961970611
0.7140431381938619 -2.431801882273705 -0.9908542322025617 52156982112421
0.6806461316488397 -2.2145821308189646 -0.4447341670120495 52157002258450
0.990769346725322 -2.013242853092672 0.14079469764036046 52157022396405
1.1013435047240077 -1.6433701613803882 0.10302882451853845 52157042535612
0.8956377920604561 -1.1369617541043109 -0.9029895380414192 52157062677213
0.4769594523983649 -0.6296011415646987 -1.1156899702768854 52157082820168
-0.22062970370630808 -0.02772876481425879 0.30466482065349165 52157102961719
-0.15420151687129646 0.4954317342423433 1.4947938682415434 52157123103320
0.8422882005654628 1.2411940202063745 1.7763648797494849 52157143244922
0.04325194717112013 1.8055162513213494 -0.1895404204191622 52157163386418
-0.34758838366935385 2.50897598933833 -0.41527979727282993 52157183528021
0.20813534775201692 3.1375274711581636 1.6461819239004862 52157203669674
0.2058393328891135 3.6137451214577823 2.506081281307889 52157223811223
-0.1528700375949592 4.1275683627912265 0.8065862164525615 52157243952773
-0.9860777683572173 3.967997073045481 0.47070842628704934 52157264094530
-0.610993562342024 3.2144367209363853 2.07143978790464 52157284236133
-0.8389901623736193 1.9553994744053593 2.547959935792462 52157304376432
-0.8937995517738955 1.278028075618037 0.2604382611339693 52157324518085
-1.6325201101691165 0.3013165034631786 -1.227098609842825 52157344659686
-1.1418681389165437 -1.6457143753544567 -0.24797527459300994 52157364801237
0.26913488339801495 -3.670660855752315 1.2813194873568419 52157384942943
1.227307418437162 -3.846843626008102 0.8794012930104733 52157405085637
0.8412209347497299 -2.128720017993981 -1.1067816999666213 52157425227395
-0.35728448266896606 -1.8311620495514358 -1.712610418567047 52157445368841
-0.6099242658226727 -2.193555127922398 -1.4033402879786379 52157465514556
0.02923588031061186 -2.5227518171816676 -0.43187633194541064 52157485651939
0.6345215167484897 -2.3363655162453343 -0.6283990147750789 52157505793697
0.339233424336292 -1.8317633114337681 -1.321640110257563 52157525935664
-0.0606689245934664 -1.6697075241470145 -1.1792969514873004 52157546076848
0.1911743329814768 -1.6340936560363621 0.23120843490390985 52157566218450
1.0049902476351813 -1.27714797170409 -0.22737456067062212 52157586360051
1.131262705920645 -0.7979634945507721 -0.7674465235364978 52157606501758
0.6502738366115162 -0.20680341282811732 -0.502287296954198 52157626642004
0.09213069038296307 0.37009193770625615 0.09939086556164156 52157646783711
0.4926498648063704 0.8508831204775049 -0.19789209270693675 52157666925311
-0.7698205378424037 0.7638119651320032 0.11079032974070069 52157687068215
0.2614018705073271 2.155019298668103 -0.24646295105118954 52157707208672
0.23830850812461168 2.618729794403232 -0.17667475537220145 52157727350013
-1.922060713031561 3.3226449683350854 1.022893594139739 52157747493125
-1.4775655626127486 3.4952131426368176 3.6734906565617913 52157767633320
-0.5542814539964489 3.3887120180157044 2.908494673686933 52157787774922
-1.7884569014784093 3.126606821443813 -0.13111441730045348 52157807916366
-1.4219154235264777 2.3046423907488016 -1.3905971002466129 52157828059322
0.39514588383506766 0.8387944790052924 -1.4000631294160404 52157848200976
2.2394321367555543 0.970779235547985 0.7016780120921675 52157868343150
1.9279959047169437 0.7849729978133873 -0.0603494848575159 52157888484284
-2.6176008348201956 -0.6905762892492895 -0.12056962694851281 52157908626302
-4.650587015512407 -3.055427339993182 1.1912640250036897 52157928767486
-2.4206405108474263 -4.013372633713296 1.0613486223467015 52157948909139
1.4969226499158097 -1.9273362905643854 -0.30325264509138883 52157969050794
2.930057651182648 -1.343529188701508 -1.7141109051356112 52157989192447
1.8150422146961187 -1.6732486439299556 -1.5362545444209892 52158009334257
1.1059156076943948 -1.4791384659252138 -1.4299924050680417 52158029475755
0.5310215486555161 -1.4289650696151721 -2.3407468537419334 52158049616940
0.5590579615806632 -1.5259357275671377 -2.742763498618547 52158069758437
0.7615163887957808 -1.4191128398662105 -1.4407440020198377 52158089900195
1.2961271735366247 -1.236852771892968 -0.6808422719283701 52158110041692
1.0001097466417999 -0.8154709870456252 -1.0522299698864461 52158130183346
0.3111839887196899 -0.9048914380740003 -0.4815300696591569 52158150323749
0.2114716050382519 -0.9228145176466995 0.39852838567892446 52158170465351
0.16129154184310157 -0.4902535672423598 0.8544306186993895 52158190607317
0.1907886045682312 0.40783376729986287 1.0284541629282618 52158210748658
0.17987697740458497 1.0585179904023905 0.9990816897176096 52158230890103
-0.1602610157325821 1.4652470095094126 1.4739723830240876 52158251031706
-1.115647777429816 1.96206577167003 1.6680206798567703 52158271173306
-1.0896617766313528 2.5570793751485237 0.784721719666666 52158291314856
0.6058340552574177 2.9448334219938186 1.617206086670833 52158311456457
1.4284782793621842 2.7501782610325556 2.903579322461667 52158331598060
-0.5621001890102528 2.104500518982295 2.0951657040630836 52158351741172
-1.5998022215207022 1.6721380128420869 0.5725559030942167 52158371882772
-0.14781052721656174 1.9450468360549191 -0.34610566814962684 52158392024062
0.8022838047892507 1.7153758477501864 0.2515578482927987 52158412165872
-0.3427066475748495 0.16522060007514838 1.3718639544154891 52158432307369
-2.4352493024348796 -1.3508923675961313 1.8896542494698911 52158452449022
-2.478326395072904 -1.973536159701906 1.491923594888413 52158472590624
-0.49290281527707336 -1.5984944551052749 -0.012650088933019887 52158492732226
1.0133071423095914 -1.2551505445529703 -0.6562260281776657 52158512873776
1.571668663066423 -1.4020086192361259 -0.5677542600421326 52158533015430
0.9432846374843886 -1.6534672469514007 -1.102824013502456 52158553156874
-0.14993771969998893 -1.8612991881861216 -1.391206964708215 52158573298632
-0.22667624997874114 -2.191578413048898 -0.9236467241103217 52158593440234
0.18559015236075727 -2.393362828095368 -0.4541883753820075 52158613581992
0.6154276882948557 -2.5728811804450444 0.026651741100644166 52158633723592
0.8311605100108848 -2.223014417012286 -0.21658143915073458 52158653864309
0.4107780173837079 -1.3650814554848294 -1.358580092726838 52158674005703
0.04508969906321636 -0.8351559847003633 -2.0260364374627207 52158694148293
0.568225079563073 -0.6095676588540409 -0.9233560054389267 52158714289114
0.5189111183379584 -0.40238801380198286 0.11872486361760881 52158734430612
-0.1768266717358833 0.005201405364664069 0.4978241291753367 52158754572266
-0.3700013764512067 0.3825668860104807 -0.25684323572223056 52158774713762
-0.37500500741096543 1.3804187431833848 -0.8987607213902846 52158794855416
-0.38548984577252243 2.293348666421708 -0.6229880692997276 52158814996914
0.592194060881982 2.512279030793616 1.5431866929977183 52158835139505
0.5808353268305857 2.340609357447393 2.632693885648175 52158855281003
-2.1300583010355316 3.0473532086141653 1.5011746397685402 52158875421302
-2.7718200783284255 3.1393352036100826 1.0416745750960823 52158895562852
-1.0262329181314902 2.5533382800755664 2.4825828241393655 52158915704504
-0.6135034243489423 1.2978341982792028 2.8294988764989926 52158935846106
-0.8266914113541541 1.4561140383108633 -0.13222609411330577 52158955987760
-0.2786871134583233 2.1404649611174413 -2.051740347946895 52158976129309
-0.5108281087354087 1.0520936485814527 -1.896726751013766 52158996271068
-1.2025955924570768 -0.6653075030098368 0.20437152887648757 52159016412616
-0.6944495208406618 -1.955610260220368 0.5376305238824397 52159036554219
0.7935004419212204 -2.261497485520044 -0.37924616683154877 52159056695767
1.3918804316619764 -2.048541250134786 -2.0797152928402394 52159076837369
1.4724520992358312 -1.391848136826578 -3.4111599295846915 52159096979023
1.1175246676699149 -1.2196796813362631 -3.4363254046052534 52159117120624
1.1434337966359323 -1.4291861278815112 -1.9346438197779527 52159137262226
1.242823209183746 -1.7563860116802097 -0.3523659347286121 52159157403723
0.5602131571907467 -1.942144942156668 0.3687908459671103 52159177546679
0.14056554528384746 -2.0151661490378343 0.17950533302368843 52159197688176
0.6389783151333281 -1.9808585051677676 0.43464430548145083 52159217829726
0.5412241560129125 -1.519440222102964 0.32894103032266075 52159237971431
0.86701252793533 -0.857446708932371 -0.5858339921481215 52159258113450
0.9490421512545142 -0.3223953554271466 -1.3672023499684973 52159278255051
0.9325369436598614 -0.09119265152921763 -0.814672524506048 52159298396497
0.22504566820913907 0.1183544725266259 0.10478053508266161 52159318538150
-0.8486011607451889 0.4726865077088007 0.43566768978487924 52159338679595
-0.08968415125240115 0.9011716671045402 0.7503407924529033 52159358821354
1.0434016047793293 1.1383933883711324 0.9304240011498226 52159378961496
0.8050704049172135 1.570700062259406 0.2892488688886079 52159399102994
-0.8076526604412293 2.155778799807525 0.1809108138608866 52159419244595
-1.1855264252279833 2.30984032500227 0.9401876354637091 52159439387395
-0.052718015182386724 2.8515709904705666 1.6721574325897173 52159459528997
0.07922451363534044 2.6311713431577033 1.624420282009274 52159479670182
-0.1093132601854776 2.250725648744913 1.757226655294919 52159499811158
-1.3495721901796323 1.6577216322771804 1.7592237070484353 52159519952655
-2.317584998237456 1.9227959581654943 2.2127134382949984 52159540094987
-1.581460576714965 1.6904340321573965 1.6055101061047488 52159560236380
