-0.31684570312500004 7.3532470703125 1.4563232421875 168779323917946
-0.35956787109375005 5.905522460937501 1.1968457031250002 168779344059391
-0.28606738281250005 4.765506835937501 1.1789609375000003 168779364201253
-0.33582412109375004 3.7861603515625006 1.0129929687500003 168779384342749
-0.35044640625 3.0003272070312503 1.0520569726562503 168779404484248
-0.14871650000000003 2.4059746562500006 1.1070386445312503 168779424625952
-0.08651470390625005 2.1114740609375007 -0.37176654531249964 168779444767554
-0.12162875531250006 1.7194526862500012 -0.7349254432812498 168779464908947
-0.2743293714375 1.2232183990000003 0.25833650084375037 168779485050706
-0.24728332136874998 0.8458720824812502 0.9051311147375003 168779505192203
-0.15235546568875002 0.6734139745787502 0.3692831144462503 168779525333857
0.015273830574000002 0.5655378202880001 -0.3709797584429997 168779545475302
0.06361066602169996 0.4332530101366494 -0.5174503106606498 168779565617008
0.09190415781735994 0.2866536776405688 -0.10994413524726987 168779585758661
-0.05123253312111209 0.29417889914370576 0.252303480864684 168779605900315
-0.17343231555938965 0.38057017009621497 0.19887647609799708 168779626041812
0.021727780364988347 0.35278377279572304 -0.053411026152852425 168779646183466
0.09057558366699059 0.2659428385490781 -0.20364190685978212 168779666324963
-0.01991013853515755 0.21440222005801246 -0.15765229501907574 168779686465992
0.040492787609373915 0.13053056510890926 0.01674925773473923 168779706608218
0.1664640543062491 -0.017267442444122594 -0.004593757874708615 168779726749924
0.27096421219499933 -0.10911424692404736 -0.16261055317476703 168779746891421
0.3213734205372495 -0.13754774519548718 -0.2742412745710636 168779767033024
0.16843906846104956 -0.1832193485001401 -0.18416352746935094 168779787174676
-0.07710177257491035 -0.24799149442511137 -0.02943531416298084 168779807316435
-0.03369069540367825 -0.21760706272758945 0.12750155335711533 168779827457880
0.19642390852080743 -0.04701045486957156 0.33736501221694226 168779847599481
0.07483932212914596 0.23582913610434275 0.3446722832110538 168779867741083
-0.30809729229668326 0.5037389924772242 0.33674856875634296 168779887881903
-0.3230525408685966 0.5030766432005294 0.7925433862550744 168779908024182
0.22383335793012277 0.3094437364354228 1.2084853925978094 168779928165835
0.6737932488440983 0.22624151258583858 0.8999548179844976 168779948307541
0.6941127240752787 0.21777299522492122 0.11351854188759791 168779968449716
0.2776656675414729 0.22051966571118697 -0.5647881938336718 168779988590744
-0.2823474464355717 -0.042041298681050776 -0.4677973519419374 168780008732295
-0.33447170714845736 -0.5292629217573399 0.18827432547770018 168780028873947
-0.13594894775001592 -0.9018893413121223 0.4666839135071603 168780049015549
0.03958068554998728 -1.0430202621121971 -0.058171423881771656 168780069157411
0.05496777109623982 -1.0191940417210077 -0.9025918266054171 168780089298700
0.20743857234574187 -0.9099841396268058 -1.2235260980030838 168780109440353
0.0672325961578435 -0.7577358468576953 -0.826770097152467 168780129582164
-0.42502251682372527 -0.6306027399861556 0.25523431290302634 168780149723505
-0.7649935993964803 -0.595522231051425 0.7924564932911711 168780169865523
-0.7396315982671842 -0.46524835124739017 -0.007550918648313143 168780190006813
-0.4885802786137474 -0.42922993099791196 -0.8194562622624004 168780210149090
0.10048099195275206 -0.5777467377670797 -0.9062974316849204 168780230289963
0.5680801060622017 -0.6598414331824136 -0.6237195859729363 168780250431565
0.7586388895372614 -0.6244063496709309 -0.31228133284084914 168780270573322
0.6729267366298092 -0.1580700016117449 -0.5229940115851792 168780290714872
0.23599763930384737 0.4508511276168541 -0.5032218694243934 168780310856421
0.4532634434743279 0.6447385192809829 1.1636212349292352 168780330998075
0.5247933719669624 0.868220014643537 1.769678726224638 168780351139572
0.17628001007356991 1.42984212499608 0.9889485473859605 168780371281278
-0.12421036694114408 1.984449871871865 0.5173062988462682 168780391422724
-0.29205628183416527 2.1041492529662413 0.6115989453270148 168780411564794
-1.0060937559360823 2.246478582060494 0.9100311093866118 168780431705978
-0.8015180711551159 2.427859135179645 1.1950048679780396 168780451847736
0.07076064073215732 2.0513449253312164 0.07641405063243178 168780471989339
0.5454512860232259 1.795385022296223 -1.8788956149628047 168780492130784
1.1410241147560807 1.3516034279932292 -1.6524328982202439 168780512272854
-0.8514873488201354 0.7080893830195834 0.11463815408005495 168780532413934
-1.7423348985873583 0.538615061103167 1.6871328865452941 168780552555640
-0.6956745594948868 0.06424165825753292 1.6970207623612357 168780572697190
0.5910189461540907 -0.40424632183147224 0.18872012551398853 168780592838896
0.25020773504827254 -0.44836043637142886 -1.430847630057559 168780612980602
-0.619169749461382 -0.9462127631596431 -1.1470828892022973 168780633121994
-0.9811146081628557 -1.7961914019339655 -0.16754424104933774 168780653263649
-0.16417635449903445 -2.626174312953422 0.07336206809802981 168780673405145
0.6355290335882725 -2.9727045870814877 -0.9216448181778263 168780693546227
1.134057992495618 -2.9892598610714405 -1.8910145850110112 168780713687671
1.2325393627464944 -2.7722550568259017 -2.135931785196309 168780733829325
1.0127526816034456 -2.429010100148221 -1.6334524594070474 168780753970874
0.7632661101265066 -1.9750928457435766 -0.3439689987756379 168780774112476
0.05457040763245524 -1.3267905851886113 0.6276080041044897 168780794253974
-0.6495077363940358 -0.518988620494639 0.8622670673460917 168780814395627
-0.36126878677147867 0.09948195516678826 0.4595280093456233 168780834537281
0.22239854480156707 0.44732238053968043 -0.10790249486725134 168780854678778
0.5352186405287537 0.8135463809942447 -0.34110715214380105 168780874820433
0.15380967804800294 1.2888986282328965 0.25260255953495914 168780894962085
-0.7295157341240976 1.8145661682113179 0.7293403484092174 168780915103583
-0.9710027240180282 2.0397632861315547 0.9053838998211239 168780935245289
-0.05541546046442258 1.7336050624989952 0.8355620026693993 168780955387567
0.46277212381596194 1.5635319992179468 0.25217762947926947 168780975529065
0.3770658435840196 1.8100174939056082 0.2733729629584156 168780995671135
-0.35468277435153434 2.2766761044994865 1.1173067688042324 168781015812372
-1.2022032507312277 2.63385309063084 1.365952348637136 168781035953713
-1.2652904326162322 2.127468214692172 0.7369025039097092 168781056096044
-0.008948654686735669 1.0873383412849886 0.36627981562776757 168781076237125
1.3581731075006116 0.4577368839654916 0.22969377437721405 168781096379143
0.3834256930317393 0.49798882357864294 0.18055677731427133 168781116520433
-0.9900245822933587 0.5158349065191636 0.5586910273201671 168781136662033
-0.742849743959687 -0.11459037556591767 1.3255294820123837 168781156803688
-0.05590088891774947 -0.8721654645152341 1.256883546547407 168781176945340
-0.10255762519669953 -1.2298490708309373 0.008009278644175666 168781197086786
-0.40299336578235967 -1.4396043543210002 -1.0779065419284097 168781217228439
-0.2970895168446379 -1.778892956113049 -1.1270835343239778 168781237370510
0.02486500761803967 -2.0400577242654396 -0.9464788391779324 168781257511643
0.11080997484443167 -2.076968054412351 -0.9823661768110963 168781277653193
0.2674443665942954 -2.0661032521236304 -0.862650753948877 168781297794065
0.22116984874418633 -1.9722917813864047 -0.6686362281591016 168781317935666
0.14444076180784904 -1.7538466087028741 -0.3161589825272815 168781338077424
0.03697594929002923 -1.5492686932122997 0.13128912257192482 168781358218869
-0.32607109603672657 -1.4360946420698397 0.33006791915128986 168781378360575
-0.6005175213606313 -1.4049304011558723 0.028763807977282063 168781398502176
-0.08167134130725495 -1.4590517427996978 -0.5181876840869244 168781418644456
0.8406077511729461 -1.3745411989272576 -1.0896844246132895 168781438785849
1.3643807321883568 -1.0411856935168062 -0.8452704889093816 168781458926878
0.7624640584069355 -0.27683283215719534 0.019022866684994755 168781479068531
-0.2110614681182016 0.7131162538054943 0.19106057850424585 168781499210080
-0.13986968230706132 1.4198948585131461 0.11434748624089663 168781519351735
-0.13212279662689908 1.787783562591767 0.38437349680521726 168781539493648
-0.23010009277026922 2.257668256323413 1.704935320881674 168781559635354
0.48885693750253467 2.9108465191212307 1.7274980613928395 168781579776852
0.8459927765645278 3.476467742640734 0.02881241395802192 168781599918453
0.11965310797037224 3.9492406003625877 -0.7075775102398323 168781620060367
-0.2027638417487022 3.3712821287275716 0.5246362339956341 168781640202020
-0.37506507730521177 2.1731487498570576 1.7250434598527575 168781660343674
-0.6746248157504194 1.4593686092606468 1.2186089866322063 168781680485119
0.16947983489966445 1.0148825827210164 -0.17961720522548497 168781700626930
0.7682865046384817 0.7003215935205631 -1.176079018086638 168781720768531
-0.1388620072267147 0.4306186029414505 -0.7252015933755604 168781740910029
-1.721868414375122 0.01647974563440968 0.32689438936205173 168781761051891
-2.051530376031348 -0.8511594652112215 1.0578167810208914 168781781193284
-0.8015758633250782 -1.9254954432627276 0.08587744825421284 168781801334885
0.023876028089937495 -2.6622225264851824 -1.8963493109278802 168781821476486
0.5643034591906999 -3.2019093688443974 -1.9388689995235544 168781841618141
1.0321312439150598 -3.4738688036692675 -1.1321620941500936 168781861759689
1.004708901382048 -3.0097224843416637 -1.1235153198513248 168781881901344
0.9828930976681384 -2.3486593351295806 -1.61684204103731 168781902042893
0.05314797422826073 -1.6514616477911641 -1.6526655273610982 168781922184546
-0.5842150190548914 -1.2691429510454313 0.2150624023298715 168781942326565
-0.5700331480564131 -0.8646551811488443 1.3374307812388972 168781962468010
-0.09065786610138049 -0.41694387148157475 0.497556929678618 168781982609300
0.43418757430639565 0.04865925828349038 -0.39459361641335566 168782002751317
0.3887807235076165 0.627538246470543 -0.3986949126619346 168782022892503
0.47223063349359323 1.1550823549889344 0.2911759058079524 168782043034468
0.0747815771073746 1.4062802394598979 1.588568166052612 168782063175757
-0.5843763984703503 1.7143430392241683 1.7363330484670896 168782083317359
-0.24381947815128024 1.774550603254335 1.0200112629924218 168782103459377
0.5518560385727259 1.8908563029159673 0.3229426041439374 168782123600510
0.3810844402331808 2.1598163899890235 0.08652791144014982 168782143742111
-0.6719390884384554 2.607784752616219 0.18623893071461994 168782163884026
-1.3246118176257644 2.3885349309992243 0.47584661332169587 168782184025262
-1.1901948251943617 1.5488162260493787 1.1042002398761066 168782204167021
-0.3814527351554893 0.8170803245895044 1.0537459340883855 168782224308414
0.3743544134381085 0.38064179873410353 0.40587516523945855 168782244450432
0.19353870653173688 0.17466724758103247 0.06465374547281666 168782264591826
-0.027420011337110584 -0.004602139435174735 -0.44690981612174685 168782284733323
-0.20093991531968847 -0.4090283912356387 -0.45082619274114766 168782304875237
-0.22856199084950068 -1.041077693457261 0.25364568643208196 168782325016526
-0.3470219559608507 -1.6020271938283095 0.5180654749269156 168782345158075
-0.31593543586243067 -1.939971364437648 -0.24051588177721772 168782365299885
0.10385565521630546 -2.2146968181126194 -0.9359429788592744 168782385441174
0.3874912624542943 -2.415568489646345 -0.8079951057436694 168782405582985
0.5463821701196854 -2.436458697967076 -0.6337251861574358 168782425724377
0.4262658923457483 -2.288229458373661 -0.5208351293946989 168782445866344
0.1961762880953486 -2.1140918674801794 -0.420000623047009 168782466008153
0.14420909688252892 -1.8195205642966439 -0.5511005960938573 168782486149287
0.061827238443523225 -1.3898083459685653 -0.958153426093836 168782506291252
-0.10488391237018146 -0.9081845673998528 -0.868573522125069 168782526432750
-0.22631435645864517 -0.4324680640761329 -0.2512797161375553 168782546574456
0.05389724530183382 -0.08525667782340651 0.10737466458995581 168782566716057
0.5615015853039671 0.1708205366475246 0.16445197776571452 168782586857503
0.4386543932431737 0.6401476402555195 0.12725250018132162 168782606999260
0.04732244037578892 1.249032174704416 -0.09979712094869275 168782627140602
-0.13910737973061882 1.7137521069510333 -0.12543095847770425 168782647282202
0.08699290480925503 2.048589576185826 0.5610566004053368 168782667423804
0.324648034784904 2.4622237117299104 1.6210864912617695 168782687565405
0.12175456064042323 2.9793981100089297 2.041241751603166 168782707706903
0.23534310163733863 3.303855402069644 1.084128655188783 168782727848818
-0.15607366322137906 3.1647395950932147 -0.10056816959897397 168782747990471
-0.38269584463960327 2.6359908948245714 -0.08460492630417882 168782768132021
-0.03483099211793261 1.7009435947659064 0.30256752380040686 168782788272633
0.2399940930244039 0.8885014578439758 0.42061847216532566 168782808414235
0.577896153325773 0.328061908462681 0.45233950429476044 168782828556929
0.41037600469186847 -0.01898357869860412 -0.05577976375169147 168782848698583
-0.7453320087465053 -0.19427621842763365 -0.013813264126353086 168782868840654
-1.4773447085597042 -0.6370127716171066 0.7563444082301674 168782888981787
-0.7950105324727634 -1.3176058227624363 0.863889003146634 168782909122398
-0.032590457228210745 -1.840290712897449 -0.4886373326389428 168782929264103
0.36427187249868154 -2.123673000005459 -1.7588175809549043 168782949405446
0.4927846854989453 -2.263476974223117 -1.9520980100764236 168782969547047
0.4911149554304063 -2.285513024690994 -1.3003258689986388 168782989688596
0.660238155750575 -2.1509568064715445 -0.5844745623864109 168783009830614
0.7023116183504601 -1.9628430818959863 -0.3748672475653787 168783029973362
0.2558068142116181 -1.5330674342667896 -0.6885778800835529 168783050114547
-0.1264580642557056 -1.1576062911634324 -0.7967485345355925 168783070256200
-0.08870307249831444 -0.9288804430869959 -0.8367396479409741 168783090397854
0.1692841240325984 -0.8769422450945967 -0.4097725777277792 168783110539455
0.39677983828857877 -0.8841953976381776 0.08026299250527669 168783130681005
0.174687054224613 -0.5355057321730419 -0.19809429349577878 168783150822918
-0.050557973807809575 0.1896496134803165 -0.548892915265373 168783170964417
0.24815225376625238 0.6745102181280025 0.11873478888145161 168783191105706
0.08788947879425191 1.1351770221586523 0.9392139053239115 168783211247775
-0.5351693739958485 1.8874995278831719 0.7210244445716292 168783231389742
-0.755076417165429 2.429164661369038 0.20604318846980352 168783251530874
0.009464256892656842 2.649874697845231 0.8694976367133429 168783271672633
-0.8564788874546245 2.852797707494936 1.3291918593706744 168783291812775
-1.9488427779324495 2.8069696113084497 1.7467519249965395 168783311954273
-1.5699506871897095 2.2235419976405097 2.0380143329659814 168783332095770
-0.27003525678301754 1.2483770551436564 1.5196082437165348 168783352237372
-0.1929569163639142 0.6031572105211751 0.345984446535728 168783372380693
0.17478485753386863 0.08833631529194008 -0.6430854896464178 168783392521773
0.875802007120845 -0.5797826079226986 -0.4967804034358845 168783412663583
0.6777656291341763 -1.0123978636819082 -0.7425537172799577 168783432804924
0.24519101893234097 -1.3040955370392773 -0.7988403371052164 168783452946631
-0.12975050516662723 -1.6767969374439229 -0.4364843790591735 168783473087398
-0.16475011116455174 -2.040253467923888 -0.14146045246608896 168783493228583
0.004637899349608787 -2.3589972079328607 -0.3165130885353711 168783513370289
0.31140074916718685 -2.3884672975962893 -0.602050802859547 168783533511891
0.4203120055837495 -2.1841503029207825 -1.1226928883813878 168783553654742
0.23361288571699967 -1.8457943634303762 -1.1982763810176105 168783573794989
0.0833502695110997 -1.6306027759005506 -0.4930327259078384 168783593937789
-0.3635932218911204 -1.3353538027516905 0.37962167083622944 168783614079547
-0.5364312181378963 -0.9802703468888527 0.30545514916898364 168783634219899
0.02565238877093301 -0.6653075861048325 -0.39352650566481295 168783654361551
0.5556781610167465 -0.5064770259151166 -0.4495990365631004 168783674503102
0.6314687983446472 -0.33032810510709343 0.06329440356201976 168783694644651
0.16336595664446785 0.1350417151330756 0.8362434330058659 168783714787502
-0.12140684405942581 0.7447155010127098 0.20455382843594272 168783734929521
0.44459815756495935 1.4787802133101682 -0.5604780310012458 168783755070653
1.0195090924582175 2.350712158929385 -0.7052793974572467 168783775212203
0.43828793802907406 2.900564844331008 0.7295753101592029 168783795354117
-0.8063398644204908 3.2293508012460563 2.2072808535961124 168783815495354
-0.6176304852863927 3.4890104261530954 2.07445505397064 168783835636956
-0.4004764585416143 3.4538914463912267 0.3518736134890119 168783855778609
-1.4596878074582915 3.1940579813317314 -0.9836744490525402 168783875920628
-1.2670178240916332 2.101169236627886 -0.30184434439828234 168783896061864
0.08511620947669352 0.6676907603960593 0.5159219854188741 168783916202216
0.47965302617510486 -0.06253928621440252 -0.048175497602400696 168783936343869
0.18952076078383384 -0.4333688313152706 -0.9223172535506703 168783956485523
0.003032624252067073 -1.0411408658334675 -1.0588254825280363 168783976627020
0.06661066971415375 -1.7141138645417744 -0.5511009133661791 168783996768726
0.025248984990072998 -2.17899372835217 0.026660773213306843 168784016910224
0.08031881689830822 -2.3684147092442362 0.17135303263314539 168784037053023
0.2991183347686466 -2.3659475877078897 -0.5818018512372336 168784057194677
0.41949486312741713 -2.2343596326663118 -1.382995191927287 168784077336174
0.32429217956443357 -2.16048575300805 -1.0552364855730796 168784097477828
0.28135757177654686 -2.1285595008439397 -0.23502170798971367 168784117618440
0.3580084207024874 -1.9223544366126522 0.04419698907697911 168784137759938
0.5981254865619899 -1.528227787571372 -0.2983582290509166 168784157901643
0.700900291593342 -1.0586295933383472 -0.7957422473032334 168784178043140
0.4711816590559236 -0.6124066043581777 -0.7812959462800868 168784198184690
0.04459669443223879 -0.08390721708029236 -0.002172987492819467 168784218326239
-0.26539686320420897 0.45999824977326575 0.6996410045369945 168784238467841
-0.10087950228211717 0.9227715490373622 0.35019131925459557 168784258609546
0.15453809739305624 1.2944916532923898 -0.39675124147132346 168784278751096
0.034482528695695014 1.5576514281026617 -0.06237169630205863 168784298893843
0.029197351081555967 1.7060820799821297 1.398186139052103 168784319035341
0.34663668945899473 1.9036351952357045 2.4390078956166827 168784339175901
0.3904441171921958 2.4077958515010636 1.8230813164933464 168784359317554
-1.2239606242149934 3.1655555288571016 0.6757868305384269 168784379460302
-2.213335979840745 3.2714947160544305 0.7782027066182415 168784399601903
-1.206569662778846 2.285372042374796 1.7138707590445934 168784419743557
-0.5947479177230768 1.2220476338998356 1.7565946541106747 168784439885315
-0.02839843183471147 0.4304335172761178 0.4133567779760394 168784460025458
0.49837500453223105 -0.3206067994603572 -1.0487213159004187 168784480167060
1.014044241907035 -1.0761997950370343 -1.7359130878765852 168784500310067
0.813420452119378 -1.7299295625921278 -1.1816625992075185 168784520450732
-0.055660122679497714 -2.1539387672612023 0.09130322141523539 168784540591916
-0.22315358642484817 -2.3361270880277125 0.4813433583821882 168784560733466
0.06595955273512155 -2.3577200297971697 -0.3942343953254994 168784580876369
0.3088101226568474 -2.342914305087735 -0.9217229654791494 168784601017971
0.3719260278129779 -2.271938865945188 -0.9117191926958199 168784621159468
0.21038261912538236 -2.1300510927561502 -0.41008824478165584 168784641301174
-0.012333553137194198 -1.87561069842367 0.04419502917467533 168784661442932
0.08665415358399464 -1.5371828946764357 -0.3160844063477599 168784681584325
0.28305623302344574 -1.2792824485536487 -0.5641956500782079 168784701725823
0.2629318028250065 -1.0273688299366697 -0.24527741850006635 168784721867528
-0.0201477218024948 -0.7458452592618361 0.04512328004369692 168784742029287
-0.053850111035745885 -0.4400477894407189 0.37527098731620745 168784762150783
-0.26538233492234675 0.1333377450099249 -0.2966948312407842 168784782292281
-0.40136836793787745 0.5349538874141899 -0.8335716853051274 168784802434247
-0.27672213575655213 0.7597135982126026 -0.061950121681601855 168784822574338
0.47218918592600834 1.1710033004450828 0.9431645120297185 168784842716305
1.0574510557720567 2.125962796606067 0.13716100415502508 168784862857541
0.49203018055514536 3.561927463847354 -1.02315693886348 168784882999143
-1.6062049571183838 4.730938455452883 0.523527671565466 168784903141109
-1.664639258663457 4.182663362018557 3.873765984908623 168784923282346
-1.1596655084932657 2.8964969005523447 4.193580659020649 168784943425093
-0.32167771929461253 2.1225442001293757 0.8166321053415189 168784963566643
0.9062686644080602 1.4893805749472513 -1.9708886516642847 168784983708506
1.0191799705889482 0.8655523115203021 -2.6518818197689282 168785003849846
0.4709225897524085 0.057847122653742034 -0.9452969597213929 168785023991656
-0.22342061960432313 -0.7155509151582553 0.5372682915978855 168785044133048
-0.7852916714647087 -1.0942913180641032 -0.0066599760966914445 168785064274755
-0.49354095435926704 -1.3147030739825318 -1.6635677269711033 168785084416409
-0.3295251462999136 -1.7428024982485244 -1.6550485175143828 168785104557854
-0.18420117172743078 -2.4524817446925695 0.10058276801974397 168785124699612
0.14555898449305538 -2.8451885207540553 1.119662991759545 168785144839911
0.6788129102506943 -2.817483824415744 -0.08848591518611393 168785164981929
0.7867515000755556 -2.4251662587513447 -1.7317506462113914 168785185123166
0.6194158484979446 -2.072054393719826 -1.8038941693128632 168785205264716
0.41817672176710574 -1.927138143882111 -0.9007935581065405 168785225406473
0.4914871781949346 -1.7736074877619394 -0.13557625273523244 168785245547971
0.7427624964621977 -1.4163225136470512 -0.26479645140693586 168785265689937
0.5049155635760082 -0.7901502960738904 -0.8726770048755488 168785285833883
0.17505061492330665 -0.13199816654661234 -0.6100312523379391 168785305973140
0.09133443725114532 0.44827109566895995 0.5655516582858987 168785326114950
-0.2224402626990838 1.008677911691418 1.5056761899099689 168785346256395
-0.31346246406551703 1.884481391853134 1.2750365573967253 168785366398101
0.44279692327883646 2.525932281451257 0.5846654763861303 168785386539651
1.0622697651855693 2.971844457973507 0.49861617017140425 168785406681304
0.12905165199220536 3.349020976535055 1.3991126626996238 168785426823583
-1.6649837760624857 3.6609794765405432 3.1247100520346995 168785446965862
-1.8434250091312387 3.2382074093574342 3.8545043697527595 168785467106005
-1.392415788554991 2.313112314204698 2.467099589552207 168785487248440
-0.881034681625243 1.3695450271450085 0.2683818200792656 168785507390249
0.2903016492310555 0.06235965452850678 -1.2351236454990877 168785527545964
1.0128199326660945 -1.1069726279396939 -1.56788407264927 168785547687357
0.7311787976953756 -1.707611793758005 -1.552341926088166 168785567829063
0.09878581159380051 -1.981555743600154 -1.3240878963392828 168785587970768
-0.16744351869370955 -2.207754360505124 -1.065654594415176 168785608112162
-0.15499973682996782 -2.5541063204353502 -0.540609613032141 168785628253920
-0.19491043399522434 -2.7416004860357805 -0.026762592769463023 168785648395521
-0.13148987063367956 -2.7453799982036244 -0.2568592929655704 168785668537123
0.05143652146180622 -2.6126125923128996 -1.1250919265599566 168785688678828
0.422557908575695 -2.31101292541282 -1.9925418029667155 168785708819232
0.6384247448293061 -2.007904578611506 -1.8510280712796225 168785728962083
0.21806401461344493 -1.6036259089829548 -0.722973335929948 168785749103529
-0.1958002531529941 -1.159560883436364 0.7928981867247917 168785769245131
-0.07855182361614532 -0.38537575753034137 0.032829291567333385 168785789386732
-0.13050503311166617 0.4031617963194769 -1.6153015081523834 168785809528699
-0.5488742413330829 0.7317335386180819 0.2062573286343432 168785829669831
-0.8375613071289665 1.046751576988215 3.9501865269699747 168785849811537
0.686005641796827 2.0585194256530723 2.33803008095098 168785869953086
1.3787483610937117 3.582374622553708 -2.386948982114216 168785890094688
0.1745807201249694 4.861920205855467 -3.308997662253873 168785910236289
-0.5662436270250244 4.731027863903124 0.09683263191565161 168785930376693
-1.0383830852137697 3.4772295176849983 4.890478800845022 168785950518295
-2.4492489486397657 2.5495204305542494 4.482927474269768 168785970659896
-1.218066151099313 2.0436568717871495 0.31379559269706414 168785990802123
1.0876320400580497 0.8262951263359692 -2.2191051274048488 168786010943099
1.75805729220269 -0.14797268799372532 -1.7319491409863792 168786031084909
0.799036165793402 -0.4926701425824813 -0.5142458362266034 168786051226303
0.09167033888472154 -0.8566239070347361 -0.19357440335628295 168786071367904
-0.30436148279847286 -0.9847620162527893 -1.2374278820600262 168786091509506
-0.7444657487387785 -1.0904219176897314 -2.087610762679271 168786111651108
-0.5678016028972728 -1.7525743505580351 -0.9692585320184168 168786131792657
0.24441594424468183 -2.600362703102679 0.5401937603227664 168786151934259
0.7496465249269955 -2.9625289320133916 0.5459611606019632 168786172077110
0.7873148761915965 -2.733206739360714 -0.8055284347996796 168786192218815
0.5650203579845272 -2.3967582625823205 -1.8011122009647438 168786212359011
0.8414327902938719 -2.403917840534606 -0.536849233428045 168786232500768
0.9477311931725976 -2.2375629833651853 0.394385359351314 168786252643516
0.9212220639130781 -1.636827730442148 -0.37127149767519896 168786272785222
0.07933604956796253 -0.6940935320099682 -0.9344195418901592 168786292926928
-0.15670938300187998 -0.039881759201724876 -0.6751479381996274 168786313068737
-0.19487434233900403 0.2580604129511199 0.6311951260027981 168786333210078
-0.1810825793399533 0.5023955959858961 2.1562866672084886 168786353351628
-0.7519949697219628 1.1169311252262162 1.4964770876730409 168786373493281
-0.29830007734007025 1.5794701931497235 -0.13935397439281738 168786393634883
0.9614209732841938 1.694777326394779 -0.7198083748267539 168786413776486
1.235811583314855 1.9976919783033225 0.3755204876385969 168786433918138
-0.3164166513168659 2.6959563170176573 1.4752699057358778 168786454059532
-1.845406270272243 3.360280678614126 2.0381138738074522 168786474201186
-2.0400090982490444 3.296183527266301 1.5324930521709619 168786494342735
-0.6560429231304856 2.4796714311880415 1.0927424886117696 168786514484440
-0.1391776002231384 1.447885094169182 1.1281978971394153 168786534626042
-0.32047293955351086 0.740205047991596 0.5426706223990321 168786554767592
0.1920225272634415 0.009986304018276826 -0.13571213489327416 168786574907995
0.8632371624357531 -0.7842716989728782 -0.5585208797896191 168786595049546
0.6490247885423526 -1.2102786873033011 -0.7992092819566956 168786615191302
-0.06804823557236794 -1.4776345709363898 -0.6082150818153567 168786635333113
-0.3770704243953944 -1.764578359874113 -0.3741819287335355 168786655474818
-0.27093124186006556 -2.0132129808680403 -0.40941634376807867 168786675616889
-0.05292663411305232 -2.1748037831319316 -0.48884899298321294 168786695758489
0.20435058724080823 -2.193444100724296 -0.35543466313657035 168786715900144
0.36127099713639654 -2.1080633860481868 -0.3940767344155063 168786736041485
0.17887275474036723 -1.8957158455572998 -0.4678248640949052 168786756183816
0.06575445379229383 -1.64204875066459 -0.3127974889321741 168786776325105
0.19837993022133515 -1.399014977094172 -0.21642451458323952 168786796466654
0.20693392464581817 -1.1442852238628376 -0.20985836166659144 168786816608256
0.16579128034165458 -0.8955551322152706 -0.46617770495827315 168786836749909
-0.07467898744542634 -0.6781994768659665 -0.4793508553728687 168786856891927
-0.3534809829250911 -0.5205503041490225 0.3135896282017052 168786877033216
-0.14621252071507285 -0.3258762784754685 0.42820324553011435 168786897175079
0.33128437795919163 0.0030929225321250087 -0.5355135754509086 168786917316420
0.6298224242423534 0.4123864474006993 -1.044719454110727 168786937457865
0.41131643548763275 1.0449604274518096 -0.7721036882885817 168786957600144
0.3586429921401062 1.8623477364926977 0.06627701030663458 168786977741068
0.860620448399585 2.623423111069158 0.6476993426203075 168786997882722
0.7500442102821681 3.4524128052615772 0.37849882956499603 168787018024740
-0.056532014586765544 3.933329169990511 0.8692175206832466 168787038165925
-0.9143052015131625 3.4021931211486596 2.1197392509215973 168787058307683
-0.9632068565230301 2.480470317231429 2.024685443706028 168787078449076
-0.6104458563121741 1.6934582850351418 0.5477024565273227 168787098590730
-0.28126439989348917 1.1227353780281142 -0.7694308082156418 168787118732383
0.17533027696020864 0.5053782438287406 -0.6244191582912637 168787138873881
0.21603326453691696 -0.0461734791557582 -0.013024096164261145 168787159016211
-0.3680059079017164 -0.36267120519960727 0.0952325785373409 168787179157293
-0.9323197653838733 -0.6460573743159355 -0.0821513395138771 168787199298737
-0.6610047380883488 -1.111670118202749 -0.3341414817673516 168787219440391
-0.1876416810956789 -1.6091358992497007 -0.43326777525763127 168787239581941
0.05964007309220687 -1.9402017858060105 -0.6835526967686052 168787259723750
0.2556466287862653 -2.0895881864573074 -1.0469886417898842 168787279865196
0.34445870927901234 -2.123147599947096 -1.2773736282756571 168787300006693
0.41206599086070983 -2.1143261854264264 -0.5326899182455258 168787320147149
0.574953085657318 -2.058587413184892 0.1070633974348294 168787340288802
0.5008194021196044 -1.735248836797913 -0.5152892234583866 168787360430561
0.10174194747693344 -1.3602083467820805 -0.7114989568917092 168787380572058
-0.037075680299703206 -1.140302907894415 -0.46678217332586724 168787400713555
0.06500498310398739 -0.9602037520967812 -0.0010136292856937068 168787420855157
0.27182820523318985 -0.739342200896175 0.39362269032144503 168787440996862
0.08628580637405192 -0.3747501279044396 -0.004340128992843972 168787461138360
-0.035841960369508485 -0.013935844511052231 -0.2570487633505252 168787481280014
0.4239753574856433 0.22173706657865822 -0.23417904974292014 168787501421927
0.7143389773947647 0.4485566454504273 -0.06355173588808616 168787521563529
0.038194814728311766 1.0621656288603418 0.19387296675828125 168787541705027
-0.5896101638423505 1.6556895343382738 1.193819076531625 168787561846785
-0.3719444787301305 1.9907869790331194 2.2292984252878 168787581988282
0.38902888967214566 2.441530950413995 1.7254309277302404 168787602129935
0.47089108048771655 2.713112455643696 0.9931499179654422 168787622271588
-0.08337014342232674 2.6891667223274567 0.37601407499735373 168787642413087
-1.0871062709878614 2.1966092567682143 0.967571513904133 168787662554896
-0.5500805246027891 1.6683713897895718 2.551120199404557 168787682697123
-0.49409273999473147 1.038615568862907 1.2865870774923955 168787702838621
-1.6757429419957852 0.9574793691528267 -0.3049466465998334 168787722980222
-1.1453062676591284 0.17125693282226173 -0.4335569266548669 168787743121824
-0.2552464789710527 -0.890631172492192 -0.4834788421051437 168787763263529
0.40299275822940794 -1.572734430181253 -0.5287386400903653 168787783405131
0.8585148120522763 -1.9846279738325023 -0.9583668886347922 168787803546628
0.7432571621418211 -2.013349351722251 -1.3305973195015839 168787823688230
0.5196545578384568 -2.0045759657528013 -1.019201976695017 168787843830821
0.4864878064270155 -2.1560655577584917 -0.2118825774497637 168787863971850
0.3600764756103625 -2.037926176675544 0.04227372319643896 168787884113504
0.29514125861329 -1.645502074152935 -0.5116766269115991 168787904255573
-0.246089141546868 -1.154890428853598 -1.1369413991855293 168787924397019
-0.5971642819874945 -0.9133166399578778 -0.23125722091092316 168787944538307
-0.052340800589995684 -1.2580947182163023 1.0854410006150115 168787964679701
-0.4511743982844967 -1.170916692541792 0.7593928395545095 168787984821146
-1.3183980147213474 -0.3320824751271836 -0.4118338728876427 168788004962748
-0.09183999380832786 0.0825884144295026 -1.8612908287788645 168788025104923
0.7980612080783378 -0.09564801845639792 -2.012689889585592 168788045246055
0.6503752359939203 -0.2083299382026187 -0.4929399976059736 168788065388022
0.7881224544201364 -0.845045298218345 0.9415366737902211 168788085529674
0.35109122525485903 -0.5438340901371763 0.37445736637592697 168788105670964
0.49936663254763736 0.2504429817965086 -0.6521308842430082 168788125812618
0.88720082556936 0.9111209869997063 -0.23111632848815677 168788145954063
1.056049722955488 1.551772766162265 1.1743598668969746 168788166095664
1.1522616533643903 2.1692258301173126 1.6675762724238297 168788186237735
0.9773635219102624 2.8768601562813494 0.7412753734078139 168788206378921
0.34771113002820997 3.4433826562750802 0.564175083882501 168788226520470
-0.6653125412899321 3.295599679707564 2.260971414762251 168788246662436
-1.1666982752194457 2.5368337476723024 3.140222444309801 168788266803725
-1.3461760029880567 1.8023063536065926 1.9985915296665908 168788286945691
-1.0697874820779454 1.416661977416524 0.5973595518582728 168788307086928
-0.0017894583186063295 1.01446971865197 -0.48468560070088174 168788327227331
0.949520581782615 0.5347080991403264 -2.2234662539982057 168788347370027
0.805527109957342 -0.06091760271898927 -3.0959116750735647 168788367511837
-0.005382999534126354 -0.8762853517064411 -1.5965779728713523 168788387653334
-0.44549292306480104 -1.6414091407401514 -0.020328784547081646 168788407795717
-0.4323586939205909 -1.9457078789983715 -0.056570644825165495 168788427936589
-0.5196906660739727 -1.9167103461674468 -0.2985280002351325 168788448078139
-0.7274712828591783 -1.8018497222464571 -0.42954505643810625 168788468219845
-0.5389350340998427 -1.8296023363909164 -0.401753720931735 168788488360091
0.10326359381387595 -2.072580794893984 -0.16184487127663827 168788508501797
0.5566098984886009 -2.1130817257589367 -0.2526448423338108 168788528643295
0.5700926062908808 -1.8499746579508995 -0.9305826707420484 168788548785104
0.4411326787827047 -1.124462148235719 -1.4995320545623887 168788568926603
0.17830897505741372 -0.4355682537448251 -2.702384432712411 168788589068464
0.05548897692093102 -0.35023682955835955 -2.3464046164824293 168788609209702
-0.4970272754945052 -0.09769434645918729 -0.4666256463109433 168788629351407
-0.06332006258310408 -0.18377071154235036 1.4296169634199956 168788649492956
0.4100373093085168 0.013859895609869888 0.6324386879234964 168788669634610
