-2.7050903320312503 7.3719482421875 3.14287109375 52231465764299
-2.1298559570312503 5.881359863281251 1.9398950195312503 52231485906109
-0.9902983398437504 4.53613037109375 0.4813959960937504 52231506047659
-0.2494774414062504 3.4654399414062507 0.27232382812500044 52231526189260
-0.3702484570312503 2.7570321289062507 0.5638063281250003 52231546330706
-0.31881839453125016 2.365366914062501 0.6158399843750002 52231566472411
-0.14050393437500008 1.910286695312501 -0.045743539843750014 52231586613909
0.32112956734375 1.5477239851562512 -0.3622540115624999 52231606755562
0.4050237710625002 1.2910234264062508 -0.3617514514375 52231626897163
0.40215622388125016 1.0744813387812506 0.4629670029124999 52231647038765
0.19264783066750013 1.0377466921187501 0.03140875858000003 52231667180314
-0.3395096651534999 1.0389620021325001 -0.36881830563599993 52231687321968
-0.7495374196228 0.7827809298310004 0.008436566428700054 52231707463570
-0.20240093179198992 0.3488565798023 0.16981077658045995 52231727605172
0.19548892253515815 0.04557696306059 0.2786708868893679 52231747746824
0.2784492434968764 0.07109291810472307 0.03422821341774429 52231767888426
0.0324883987037512 0.10656915870252881 -0.060727780828304656 52231788029975
0.08247265255675096 0.1645033738370234 -0.3635724590376437 52231808171629
0.2320669892329008 0.14096549203836872 -0.10468853363636499 52231828313179
0.34251394294882065 0.07410051863069533 0.20825356762215796 52231848454780
0.015063400452806519 0.23132631334205556 -0.13947624746477372 52231868596382
-0.4617529905752549 0.32053468348614444 -0.3343349042218191 52231888737984
-0.44364555652270377 0.2513252077264152 -0.029064603064955286 52231908879585
-0.08172308584316301 0.0062237403998821605 0.4188503683292859 52231929021238
0.009169871169219412 -0.11255030455509463 0.2444675016946789 52231949162841
-0.14229789212712451 0.1139392485434243 -0.9649240455192569 52231969304443
0.16071002614205043 0.10600735586598908 -1.3497468536029056 52231989445991
0.5542516146636405 -0.3149988028072084 0.12088611086767553 52232009587541
0.9811210182934125 -0.5765351750582663 0.8883104511941404 52232029729194
0.99207454900973 -0.4778052884841131 0.35261613439281225 52232049870952
-0.366228056104716 0.2740179762439592 -0.9045281862357504 52232070012345
-0.4318984605087728 0.42908986927641735 -0.9226948146136004 52232090154052
0.21818972768673173 0.10989787198363388 0.13175381627786975 52232110295757
0.43153420402438547 -0.1343595344443429 0.8475661389597959 52232130437411
0.4633792186882584 -0.17230696349297325 0.28846550882408684 52232150578857
0.06601587495060679 0.04182972217437175 -0.6727676320032305 52232170720562
-0.023566694570764657 0.23666201992699776 -0.5515930118525845 52232190862111
0.4313419568433884 0.1942490495353475 0.6773168991116825 52232211004078
0.5764090146934607 0.175614083378278 1.559944339601846 52232231145575
0.22809498519226856 0.3267095284213717 1.0778749052752268 52232251286759
-0.12770467590868517 0.49557172429959806 -0.09637927499856858 52232271428570
-0.2789093461956982 0.3728978091271795 -0.622049709061355 52232291570067
-0.46399661758155863 -0.0071505026982556785 -0.07434875162408416 52232311711825
-0.5630429971902469 -0.3668165935648542 0.6040219752632328 52232331853427
-0.4654368391584476 -0.6366783725081344 0.6292991231793361 52232351994976
-0.33647300648300815 -0.7114545144127575 -0.30339663895653124 52232372136577
-0.36948358096765643 -0.7733506232489553 -1.208000514290225 52232392278127
-0.09584321243037519 -0.9237097954741635 -1.2134707239321803 52232412419625
0.22381371130569994 -1.2077300434105798 0.13333719038550584 52232432561225
0.19996161357580977 -1.426315870665964 0.9285447523084047 52232452703036
-0.18008197867060227 -1.3506962512202705 0.5289808213779739 52232472844378
-0.24935122746773186 -1.231753290038717 -0.548287510866371 52232492986395
0.1613588617758146 -1.1526755812497234 -1.049115848536847 52232513127893
0.7250831831706517 -1.2578582384372794 -0.6872418975794776 52232533269234
0.6198370543490214 -1.2619872743435732 0.43273822021766795 52232553410992
0.3412553856667171 -0.6815258546311087 0.08884194336163431 52232573552385
0.7270936640021237 0.08124416004511303 -1.3241779101544426 52232593694767
1.023618290576699 0.5956105624110908 -1.3361977968735541 52232613835849
-0.009559957382390794 1.4846793678976224 0.4274895164074066 52232633977450
-0.6661074385621627 2.4908807013493472 2.4812982537509254 52232654119260
-0.6646730602247302 3.290800264204478 1.7245771772194902 52232674260549
-1.5415284872422843 4.287596266051082 -0.5583753675994079 52232694402046
-1.5645216179188275 4.136839708153367 0.1940101551392237 52232714543751
-0.660284286522562 2.5641714735539445 3.557564081142629 52232734685301
-0.4756639526555497 2.3028508507181567 2.292865229757853 52232754826955
0.23636336912556022 1.5629593915120257 -0.6058079138499677 52232774968400
0.31568981639419813 1.3053723960221202 -2.3432278740487242 52232795110159
0.016577732021608504 0.6775498699426965 -1.1681369867389795 52232815251655
-0.9023261932889632 -0.22418324857709138 1.1907711723275662 52232835393361
-1.2695538257249206 -1.1257577316741738 1.303044183955803 52232855535067
-0.47879003323618674 -2.070784407995589 0.27450321825839197 52232875676617
0.5304689499735504 -2.862413659208972 -1.1658832652370363 52232895818270
1.0483131482600905 -3.1025774117421765 -2.5596231160958793 52232915960236
0.6371124326705726 -2.955169839549992 -3.6716731022517037 52232936101421
0.3243139695739581 -2.818481574764995 -1.2106172903951131 52232956242866
0.38689258190916664 -2.7974854551244963 1.3167356598714095 52232976384573
0.28341543271483327 -2.406884848474597 1.0571482935221277 52232996526173
0.45029191648436684 -1.7766065115921776 -1.1572476737760478 52233016667776
0.6265421269374936 -1.1262046428674921 -1.5931809515208384 52233036809428
0.978894834362495 -0.5429192807002439 -0.4758387065291707 52233056950874
0.5673687971774961 0.18784475122105526 0.25656048008916343 52233077092528
-1.1115224427267532 1.1305248244143442 -0.016260404991169264 52233097234234
-1.3326139502751526 1.7224740587502252 0.2393720471008146 52233117376253
0.974131007748628 1.7127570790314302 0.9052915829931518 52233137517489
2.1055743374489024 1.9769683585376452 1.1948021140507716 52233157658987
0.14017236058412197 2.781415995423867 1.0655096599906173 52233177800692
-2.6777546896577027 3.468504378370344 1.0022734506487438 52233197942190
-3.0179483806324123 3.3286609245712757 1.970471104268995 52233218083635
-1.2799470834121798 2.6173110638757713 2.8498510045089462 52233238225236
0.180290380145256 1.8867321518818674 2.4012553153259075 52233258366786
-0.010601680258795376 1.3941025183804943 0.529890971010726 52233278508439
-1.0383153285820361 1.0015246904856454 -0.9055183755351695 52233298650354
-0.9823856613031285 -0.009546849173982963 -0.33431460277188574 52233318791747
-0.24353792357375292 -1.298824002776687 0.4245893334074915 52233338933349
0.11557005176599766 -2.35441564753385 0.3591294745384932 52233359074794
0.5729003773502979 -3.2653928695895793 0.19649547416204438 52233379216812
1.0562084854739884 -3.818942713640414 -0.20369229254536414 52233399358309
1.1005698157229409 -3.7366605185685824 -1.2902609629425412 52233419499703
1.1838860283596027 -3.2830295867298656 -2.272638457854033 52233439641409
1.5782123383126823 -2.9271438842276423 -2.1130204342519763 52233459782958
1.4847500464313959 -2.3609411816008636 -1.4768787497453313 52233479924612
0.5637888066763668 -1.5847734530931916 -0.41797760917126503 52233500066161
-0.6348576265339065 -0.8324671999745537 0.363017815006738 52233520207710
-1.1495853199771253 -0.2316353810733931 -0.007205376900859761 52233540349520
-0.45691190832545026 0.038300093578786054 -0.4877711374581879 52233560490966
0.11531764130838984 0.26550335611302867 -0.5379219880915505 52233580632516
0.022173546640461783 0.8237063958279229 0.31902764390175964 52233600774221
-0.052891045500130573 1.6217092572873382 0.20365961512140784 52233620915875
0.10819985891239559 2.2099040269236205 -0.6279902766528738 52233641057267
-0.16047380427633362 2.9856844520076464 -0.11668665491604902 52233661199026
-0.5650123442023169 3.8647316436373664 0.7040749924734109 52233681340626
-1.3335284300493537 4.5214117797536435 1.612368880697479 52233701482176
0.12162940439801684 3.633230498021664 0.3973780147142332 52233721623778
1.9671887774246635 2.8636400624798313 -0.38433147494736364 52233741765432
1.5293784633459808 1.7071351945151143 0.46815737863585904 52233761907033
0.09822200895803479 1.1889625501433425 0.7126850825961872 52233782048479
-1.4336538381460722 0.7947979698021737 0.5515811715457 52233802190185
-0.905272679891858 -0.69951318665826 1.21407987864281 52233822331733
0.3353033404615138 -2.448782912607859 1.493834703695498 52233842473700
0.49904101221296093 -2.8202079707112873 -1.6453008893873515 52233862615041
-1.0363995144483813 -2.86269713828778 -3.6727470591661318 52233882756591
-1.5968930490587052 -2.366793452817724 -1.9768817293641554 52233902898193
-1.0562375837782145 -2.4632711880354297 0.05089207744617563 52233923039637
0.5793507532899285 -2.501793708240843 0.02084061508194046 52233943181240
1.354191051850693 -2.1116888728426746 -0.9180687188719477 52233963322893
0.9613801852305544 -1.640913598274139 -2.249225482910058 52233983463817
0.8785401833406936 -1.0684681833068108 -0.8595488433592967 52234003605523
0.953784295110055 -0.9374527693016983 0.6288648315625627 52234023746916
-0.535800688911956 0.12677118299614065 0.8967930371250502 52234043888622
-0.7446317620670648 1.2483896026469132 0.44439976173129014 52234064030171
0.6646461528463481 1.4514094360237806 0.7291404148537821 52234084171930
0.6150543246208287 1.2379708105377745 1.5356194607892757 52234104313323
-0.8241430637408371 2.2058063359302196 0.7329511350376705 52234124455809
-0.6575810525551697 2.8066860843691757 0.17277448224888636 52234144596577
-0.4552274397003857 2.2516843167140905 1.494030132674109 52234164738127
-1.1367771666040585 1.5351975510275224 2.519137680358037 52234184879781
-0.44977817859574687 0.9788294275407683 2.34093270288018 52234205021434
1.1453776524359025 0.7916084639076146 0.5922774123041439 52234225163193
2.244585813354972 0.992966946907341 -1.130743499844185 52234245305471
2.055678416308978 0.8558725809633732 -1.5805835694065982 52234265447073
0.5153313072659323 0.46234699055194817 -0.9653945899002787 52234285588621
-1.5521880791872542 -0.21426547396469076 0.8584094257360269 52234305730119
-2.2397851313185537 -0.9930432385467522 1.7315395523075714 52234325871668
-1.249262187086093 -1.8811655478686529 0.4794821301273071 52234346013374
-0.12368953482512435 -2.5815071453261726 -0.5676716201169043 52234366154976
0.3802231768274005 -2.812727688917189 -1.4546866124997737 52234386296578
0.14121467427442047 -2.7827871316025004 -1.862296653281069 52234406438128
-0.17244085823671362 -2.6597380060632503 -0.9343929866873553 52234426579729
-0.14730327252687103 -2.5047313228193504 0.027778579400115966 52234446721643
-0.2575276766152468 -2.0024666988804807 -0.8435974489799072 52234466863297
0.02272541730155253 -1.417561738010634 -2.484094267777676 52234487004690
0.593424474466242 -1.111979077908508 -2.4240551993783908 52234507146238
0.9593709272292437 -0.8153523052955567 -0.030650409502712694 52234527288049
0.6717325816271449 -0.015379988767694641 1.8810704927103299 52234547428609
-0.7342570011045342 1.5779181769545945 1.307187937137014 52234567570575
-1.4650789407273774 3.200127510313676 0.2018050372096114 52234587711812
-0.13534440258190195 3.6398505434071904 0.5876403188301893 52234607853362
0.39533775918447844 3.6785186183195027 1.7053051261579015 52234627994911
-0.6987932692149172 4.126677199343103 1.4640732024888212 52234648136721
-0.19073627552818362 4.080138146193233 -0.6189880200401932 52234668278323
1.5948108819212032 2.6722403997670874 -1.1515502793134045 52234688420965
1.4626040766307127 1.5398675151261703 0.3005371202992766 52234708562047
0.3586208589608202 1.4087372738196855 1.0515991298331713 52234728703596
0.5639230543561562 0.850415112024498 0.5253369210540368 52234748844572
0.11968092395367491 -0.14325189475540157 -0.2604067326880206 52234768986278
-1.7062938350558103 -1.134401320491822 0.1384153365058336 52234789127931
-1.7945150485133983 -2.167665099362207 1.0363792418609168 52234809269481
-0.4358439724044687 -2.996607665427266 0.6441302489574836 52234829411760
0.8392764822326753 -3.3593100581230626 -1.039944824271513 52234849553362
0.8215432560986402 -3.1099700191546997 -3.281784960979711 52234869694494
0.002559311910162121 -2.5322997457925105 -3.154846914096269 52234889836304
-0.11694669109687017 -2.2961889177277595 -1.093396574245765 52234909978375
0.992123799466254 -2.2807499623072083 0.630934596072138 52234930119924
1.5488870278542533 -2.0842313175020166 0.7803702354514604 52234950261422
1.0582746613459026 -1.0707297805641138 -0.1986652374200817 52234970403075
0.1274668970454721 0.31609683961120894 -1.1146328735298154 52234990544677
-0.36139318158237244 1.2068813779389673 -0.9319406738238524 52235010686590
-0.751175092140898 1.4906637937574239 1.5232096679721683 52235030827983
-1.1729005229314684 1.8779802537559398 3.7211556250027344 52235050969534
-0.9731592855326747 2.315482347536001 3.095918640627188 52235071110250
-0.15330770186363973 2.5846490616225513 -0.12701264609199958 52235091251851
0.02551057679033808 2.6497382922667914 -2.0698840426548495 52235111393452
-0.6209245463802295 2.412881454125934 0.18255712134487023 52235131535002
-0.5202503792916837 1.4093945187694974 3.7581672791071465 52235151676760
0.5268416887541529 0.7114999900155983 3.7007965185982177 52235171818206
-0.15245243024667765 1.2524519451374783 0.03352539847232405 52235191959912
-0.2759902645098422 1.417647591266233 -2.254600579659641 52235212102658
-0.04884396942037372 0.4848260808254867 -2.003521772321463 52235232244312
-0.3519047653800491 -0.601006322839611 -0.25949466395092013 52235252385913
-0.8193534021477893 -1.8113348434279395 1.286789034464264 52235272527411
-0.9158953193744814 -2.7876665075548512 0.8957764424151611 52235292669064
0.21221782653166477 -3.3663148466688817 -1.4002611702866212 52235312810614
1.416612640131582 -3.4147437718663554 -3.6862611823230473 52235332952840
1.0847549558552656 -3.1201006815555843 -2.835959629452188 52235353093974
0.5701110935904625 -2.801903299150718 0.37614196440699965 52235373235367
0.42389893346612006 -2.364752619789325 1.4329082004318499 52235393375926
0.28277149052289596 -1.4902395958314596 -0.19476230684202012 52235413517425
0.4300135791370667 -0.5732829852589179 -1.9830071110986163 52235433659026
0.19521935940340351 -0.04497892726963393 -1.013517505285143 52235453800679
-0.3037854499772772 0.2687653933405425 0.9517348238968856 52235473942333
-0.9138291412318218 0.6223121193599335 1.5588365895862586 52235494083882
-1.2268274731417073 1.1471172736129471 0.6635243497940069 52235514225536
-0.5810713535133658 1.4959897173278582 0.001559225928955632 52235534366981
0.9601307101580574 1.7210593519872868 0.4000999198056645 52235554508740
1.298951736095196 2.227860665183579 1.0996453655320317 52235574650757
-0.6541369509675932 3.448719196209364 0.8539106283631255 52235594791890
-2.0828676662428247 4.571682876498741 0.11597762378425047 52235614934793
-0.12262958221300968 3.8378028441677436 0.17412975527740038 52235635076343
1.7608318811045922 2.3465850487716953 0.8492525346906703 52235655217996
0.6871445087899237 1.8200292694861062 0.6019240004087862 52235675508036
-0.4388708187493111 1.402690896057635 -0.118167830922971 52235695499898
-0.776023412811949 0.2749237129398576 -0.035037194425876717 52235715642593
-0.8285213669683094 -1.156464838241865 0.6206274710217987 52235735783049
-0.5362179724808973 -2.3469980424684938 0.5737114494736892 52235755924755
0.267839586859032 -2.8804060511622964 -0.7173491997960486 52235776066357
0.8638688374559758 -2.921573376086087 -2.964577602024339 52235796353270
0.5885926285585306 -2.7308133883688708 -3.337836398025721 52235816349507
0.1353028137843244 -2.507416823976346 -1.721624098889327 52235836491057
0.36511480962120957 -2.3366585568373264 0.5218828497947885 52235856632710
0.48375444535321765 -2.346572939219861 0.8291395806170807 52235876774260
0.8185465250325741 -1.5265503435633887 0.05654896918116459 52235896915965
0.6434724739323092 -0.5331055092257113 -0.9355347504363184 52235917057932
0.05996840883334742 -0.09468509097431976 -0.8472315112865547 52235937200418
0.12714953175417798 0.172957981908044 1.2856181112832563 52235957341968
0.06869960587209234 0.8443356238076856 2.396878278089105 52235977483518
-0.6225915848335761 1.643107659202399 1.1377174662212841 52235997623974
-0.699562525679361 2.0334924750181695 0.10732973469577733 52236017766773
0.5803035927377613 2.0255244487645356 1.181994158850372 52236037908427
1.181442581221459 1.7779146761991278 2.3897847802052974 52236058048726
0.1040407837271673 2.0351125026780537 1.839672062445488 52236078190275
-1.0891550683307663 2.2214493771424433 0.7429656773001403 52236098331929
-0.953159992164613 1.804320146245205 0.9382812332463626 52236118474832
-0.24765982966919053 1.186998597464914 0.9784203967533402 52236138616382
0.7336470386083975 0.4406999521906805 0.5271943252151723 52236158757984
0.368436185574218 -0.27775009684120633 -0.9257665124841123 52236178899533
-0.4846577898218758 -0.7016556438792154 -0.8932011006122895 52236199041240
-1.0620548451387508 -1.1229700229158723 -0.05115756017733153 52236219182684
-1.5256570597047507 -1.7406001394264479 0.3820842057643845 52236239323193
-1.0004572883888008 -2.0910152677911586 -0.5152310728884926 52236259465002
-0.5097408307110407 -2.2044650462641773 -1.8365989208107942 52236279606448
0.22650909324366753 -2.2086403963863415 -1.7602459335236356 52236299749298
0.7638610831886838 -2.004680871796573 -0.31195651244390854 52236319890693
0.625041503269697 -1.6081514357185087 0.025398168951123345 52236340032451
0.23290673777200777 -1.2638526915435566 0.3335387500046485 52236360174051
0.7082858394363563 -1.0226177977660953 -0.4522730039025311 52236380316226
0.8993191012365851 -0.5910800780566259 -1.2745015085907752 52236400457202
0.277914753645518 -0.3486697265078007 -1.0193692732788702 52236420598909
-0.7800851892710856 -0.19469505854999092 0.09835956184565386 52236440740405
-1.4004109248543686 -0.16516766793374238 0.9530162627577732 52236460881851
-0.18750403285224504 -0.2551199741907437 0.4390365453624687 52236481023713
1.056320015905704 0.12095284877240431 -0.5132116816787753 52236501165106
0.9919188056933133 1.0775117907366738 -1.3989604586242703 52236521306812
-0.054524037476599396 2.134641268526839 -0.5545077223681663 52236541448361
-0.35770614404377943 2.559165651540221 1.457101829917967 52236561590692
-0.7627640363287735 2.915337892325926 3.6750198428406238 52236581731616
-0.5731628892192688 3.2192820326107405 1.9901867727099996 52236601873114
-0.06388919809416493 2.938450528432343 0.044505375199249464 52236622014819
0.6622431337121679 2.513602219620875 -1.2876989224968503 52236642156369
1.1353487061884844 1.69741742022795 -1.6388505442474806 52236662298023
0.30183365245078764 0.8776727057136107 -0.2988856111792342 52236682439624
-1.29315221866437 0.32132761769588747 1.2110624094941125 52236702581070
-1.057593063993996 -0.21818204646828931 1.1455222908765403 52236722722879
-0.376164783226447 -1.1974094067058818 0.8959710553574824 52236742864378
0.12982989216884233 -1.635674107395955 -0.707185558057764 52236763006083
0.25145912857882413 -2.0564762976355144 -2.3528822355087113 52236783147633
-0.0955490057306907 -2.4493802568584115 -2.570147585281969 52236803289078
-0.21801635302205247 -2.705292779705479 -0.7860375018193255 52236823430784
0.34747412461360794 -2.892957368295633 0.47302546729453954 52236843572542
0.7573250028158864 -2.9808698008865058 0.21335689727313167 52236863713986
0.7612677170964592 -2.444412637584205 -1.2691094040564947 52236883855589
0.6911552869584174 -1.7310672194423633 -2.161784105276446 52236903997190
1.110321690504234 -1.1119411778976405 -1.3162436904711567 52236924139625
0.9115727820908872 -0.25119845013061237 -0.2244671203456754 52236944280496
-0.5909199969835401 0.8795221969267608 0.5451577490359598 52236964421994
-1.9089542593055824 1.7766280114476585 1.247588601572518 52236984563700
-1.674013993381966 2.133265299783127 1.5223140453205146 52237004705197
-0.4828025032993226 2.273531185139001 1.2081222323501617 52237024846903
0.5832526262667919 2.4472307098299524 0.5859435866613794 52237044988556
0.5309209486696835 2.4499476538014626 0.22736082636035349 52237065130002
-0.7783394129392534 2.5264986503849194 0.2917519423382826 52237085271708
-0.6532257295701527 2.301008490620436 0.7765412023081262 52237105413257
1.382216779625128 1.523875640152598 1.7645679227840012 52237125555068
2.2125605330751026 0.8110438714970769 2.1581753343209513 52237145696564
0.12402791864758211 0.8187691792289122 0.9481345057380111 52237165838010
-2.2292810830506844 0.9427228629143798 -1.134546594628341 52237185979611
-2.047890198471798 -0.01498674873099759 -1.4982500686714229 52237206121630
-0.9289493658086885 -1.5699239692972977 0.1806601989691119 52237226262866
-0.1846023637407006 -2.9627629059065885 1.6411956396440397 52237246404469
0.48691283556993925 -3.615608273944021 0.5103930351527319 52237266546330
0.9883461864247014 -3.4650574199364677 -2.0658310796903145 52237286687775
0.9241974569522613 -3.0150879281366745 -3.495719062971002 52237306829325
0.6575952702493091 -2.6410376276655896 -1.9678643128768019 52237326970718
0.6384907669806972 -2.1973393794762224 -1.3371698682701916 52237347112476
0.6653580432720578 -1.746543378580978 0.33755170304009674 52237367254025
0.49572637602389635 -1.3580501325522825 0.19919175305707748 52237387394637
0.3036123508191171 -0.5715353208855758 -0.8506807772418381 52237407536291
-0.4519587521572064 0.26664869641653954 -0.5985988210122206 52237427677684
-0.6387398532882653 0.7517100704144815 -0.13826626384102658 52237447820536
-1.3744684451306122 0.9183724508628348 -0.06801047201032118 52237467962241
-1.02115678735449 1.4451349724090177 0.9339827356729931 52237488103531
-0.3656314845710922 2.3668623724584643 2.000482086975895 52237508245341
0.27197235140562626 2.904756987810522 2.0960399664557157 52237528385796
0.6046994631557512 3.670985766029668 -0.17440093699167747 52237548527138
0.19706523458710112 4.370089394073734 -0.6632512183433419 52237568668843
-0.3712540623303191 3.137624249633987 1.0670674823565767 52237588810548
-1.3880921170517553 1.9252971536134407 1.1692423647915113 52237608952099
-0.977209533485154 1.2611605744532532 0.6209285598019592 52237629094221
0.8228588380556268 0.902788322843854 1.2878561290915673 52237649235249
1.0189438087257514 -0.1086043026624175 1.4818596103045039 52237669378153
-0.31255491395689905 -0.32633656712993364 1.0833392507436033 52237689518504
-2.2470654155405194 -0.9342381990164466 0.04800684981363279 52237709661513
-1.3383871957136657 -1.382095149056907 1.1113669056321562 52237729802905
-0.11638846750843257 -2.765002291120526 1.2965886416932246 52237749944404
0.20995319083700403 -3.5509422625839218 -0.42491170383292065 52237770084860
1.5236876503258534 -3.085028712410887 -2.1334352224413364 52237790226460
2.298076096823183 -1.990935567584959 -2.4199195646718192 52237810368115
1.5214320688647962 -1.6063226728179671 -1.0888287181437053 52237830509716
0.841181299623087 -1.8699702476293734 -0.9217343612337143 52237850652464
0.7418415240734695 -1.5689010027909989 -1.2552219616432216 52237870794117
0.9773355239462755 -0.6288512709827998 -2.2064114560333277 52237890936031
1.3782551379070205 0.11450931524500962 -1.319462660920412 52237911077164
0.4555826259506164 0.09774758891475788 0.22994012516992046 52237931218765
-1.072228235177007 0.40565168441305666 0.5808271001359366 52237951360523
-2.1497015334541056 1.4254612889366953 0.2308970316712493 52237971502021
-1.7634379845757846 1.295495984274356 1.2166390120557495 52237991643778
0.5115274443706224 1.179341123356985 2.0096149205820995 52238011785223
1.5488459789339981 1.4583776838418387 1.0155288505281796 52238031927137
1.0397481698659485 2.9589384751984706 -0.9783850250462063 52238052068687
-1.2673591789509913 3.4881102528150265 -0.4013969848807153 52238072210028
-2.178633436910793 2.1843236514707716 1.3313238183454277 52238092351786
-0.8117666128098842 0.6488749368016169 1.911580050770092 52238112493231
1.259021768345843 0.7293416486600446 1.0925574976473236 52238132634885
1.4233795240516742 0.9410172642405357 -0.042726462819640876 52238152923517
-0.2606860291961608 0.5863709402986785 -0.6988662288494627 52238172916942
-1.2115029249194287 0.23203620536394354 -1.2080553854233202 52238193058491
-0.9790656211855429 -0.43931000055259517 -0.5966078825574059 52238213200146
-0.8672368719484345 -1.5767165551295772 1.1843225806728257 52238233341590
-0.8695463334962477 -2.397945509728663 1.3701265215695106 52238253484703
-0.6090281800782478 -2.265902794501679 -0.7249803257131417 52238273626148
0.08555577624990152 -1.765822821538844 -2.2010169754142637 52238293767281
0.4833249920936713 -1.7796870658248256 -0.9912457092376612 52238313908778
0.45427473976868704 -2.22106410578486 0.749044448234871 52238334050536
0.07101256525244937 -2.3973590971278878 0.4298507929628972 52238354191930
0.2804306576707094 -1.8298867894210602 -1.0390905570359323 52238374333374
1.2315588816053173 -1.1848200760680987 -1.5990947112537461 52238394475289
1.3312187849717538 -0.8483321350732291 -1.000198620565497 52238414616578
0.385934500633653 -0.7854894385273328 -0.9222047948898975 52238434759221
-0.30476558308682766 -0.2607401836343666 -1.4007521171619182 52238454906552
-0.574977017250712 0.13856361481125656 -0.8848472991982848 52238475047111
-0.3611412817693198 0.22199591138025543 0.12606991454762229 52238495189546
0.7406035761470442 0.5124600103542036 1.451563939450598 52238515324220
1.4025658687301354 1.382709707502113 1.1020470499979784 52238535465875
0.36244576139035845 2.388736125376691 -0.4696929264078673 52238555607267
-0.9974457346377132 3.9671778651451035 0.019521537779956022 52238575748922
-1.2771313923976706 4.283935163209833 2.407487347411465 52238595890679
-0.1992441764181363 3.214428404005366 2.923157846679172 52238616032072
0.42491862370924105 2.5475803208605434 0.5732796953120878 52238636173726
-0.9766666635326073 2.136892381688435 -1.0815617906253299 52238656315432
-1.0141824519198357 1.103154042069498 0.6027559385934858 52238676456981
0.41361741737038127 0.11896122193684988 0.6744410789997888 52238696599780
2.114841687802555 0.38993216114323026 -0.934006707112669 52238716741383
0.983865537742044 0.27829094375833563 -1.057056439908885 52238736881734
-0.830107276837615 -0.9396597254620804 0.5006194965103918 52238757023388
-1.830443243345092 -1.926581295994664 1.5433911050208136 52238777164885
-1.2600577196760736 -2.590105368826981 0.30871190745415067 52238797306486
0.2698224766028914 -2.6758806817803347 -0.4602326224741793 52238817448297
1.0655039773760633 -2.7618227094867684 -1.2515479143855934 52238837589689
0.9506331623696005 -2.491184241808165 -2.325994190883475 52238857731760
0.4607506705206803 -1.8111480770402828 -2.73247504020678 52238877873465
0.5364960442290443 -1.7054736374134762 -1.6515439970091743 52238898015067
1.3047339447582356 -1.5236928747745315 -0.05215560776358941 52238918157294
1.3762090308065886 -1.538302444350875 -0.4040169666796216 52238938298843
0.511697205114021 -0.6886009398557 -0.4280841788124473 52238958440601
-0.0481373530962832 0.15986143561543997 -0.18674224539370787 52238978582411
-0.5482266793520265 0.22384862114860216 0.8353840357162838 52238998723544
-1.0859324177003713 0.3081804594188817 2.645577736385527 52239018865197
-0.831819664629047 0.4639027659726054 1.9028391422334217 52239039006799
-0.3690079777969877 0.8773600057468336 0.1964290286304875 52239059148870
0.40342643026241 1.3737752116287174 -0.17693880834561027 52239080165471
0.6409296207724282 1.7562223177404732 0.025428933792261965 52239099431917
0.6038935989616925 2.2519138893486286 -0.23399034905994043 52239119573673
0.3907320666693539 2.261516463041403 0.08769785747079784 52239139714807
0.014270223647983027 2.0781096548081237 0.9033980320703883 52239159856668
-0.13366438748786358 1.6014769816589993 1.3924694022188109 52239179998167
-0.6048196935840409 0.8648974056397005 2.119810482712549 52239200139715
-1.1462947197109827 0.5171742721680115 1.2921008275762889 52239220281630
-0.769660287487536 0.8680851208594103 -0.24592138872021874 52239240422972
-0.21456856202127872 0.6372537412187782 0.10555781089882466 52239260564468
0.18320354882047707 -0.15977708514997602 0.8807963463753099 52239280706226
-0.5148873562561183 -1.1436297735887315 1.563767936475248 52239300847671
-0.6295978732861447 -1.6442861430897349 0.7761852476176987 52239320989377
-0.038981033003915755 -1.8540275472842875 -0.9094228956558412 52239341131239
0.8090617556281174 -2.10178893235868 -1.6513298204309232 52239361272580
1.064876357627494 -2.0733745052619437 -1.9372259657197386 52239381414286
0.34407637907074506 -1.8243490182720556 -1.762366221794541 52239401555731
-0.7892286428371542 -1.7309513825863947 -0.9155448329043829 52239421697489
-0.35378281661347355 -1.7371658912253665 -0.05948664757350608 52239441839664
0.5418760904592212 -1.5843616192302932 -0.2598207633713048 52239461980588
0.40549794267987704 -1.4273525766342345 -1.198737958353294 52239482122346
0.35309708461265155 -1.1373166316198882 -0.2865782573076352 52239502263635
0.7157540348776212 -1.0161033052959105 0.5020972574351417 52239522405600
0.415694048214597 -0.2500408473617286 -0.6473456315518868 52239542547047
-0.3250375348658223 0.5374429080481171 -1.0078545325852597 52239562690211
0.04115405413859197 0.6522077444072432 0.3245757489317924 52239582830354
0.22454921987337362 0.9514781095882938 1.7384936069579338 52239602971747
-0.5852654092575511 1.7725594407956349 0.6505238894725971 52239623113296
-0.364684495374791 2.6731867127927575 -1.1647005173281726 52239643255002
0.5429447865126673 3.2369746632029575 -1.0152931287062883 52239663396551
0.4168265323351339 3.5810470157186156 0.8800384462537192 52239683538309
-1.149216996788143 2.714837612574893 3.2429223585654756 52239703679859
-1.4075816052430143 1.4092724338099138 3.0822895470086307 52239723821564
-0.11267417091316156 1.6817758572041814 0.48818271182565454 52239743963010
0.24668927655072093 2.0082746896695944 -1.5409601781957263 52239764069760
0.8177859915530767 1.6386387947044252 -1.1621870878690812 52239784211467
1.0057058440237114 1.2090433599822905 -0.9767833617015151 52239804352963
-0.5821174536872809 0.7255720903295817 -1.2677914354549622 52239824496076
-2.1297564629498247 -0.38752328476758535 -0.03614476945771994 52239844636323
-1.77240868598486 -1.482235424689069 1.653091020371324 52239864777664
-0.2493600542566381 -1.9951023045950045 1.6914303358283096 52239884919631
0.7467766050321898 -2.3296023514885036 -0.7189016297748525 52239905060138
0.38866884261950174 -2.0438820765033032 -1.1086540186636324 52239925201428
-0.22810301184189852 -1.634190133858894 -1.2517303438371563 52239945342872
0.3986333131827311 -1.840555232087116 -0.8543139625697247 52239965484578
1.068137607577435 -1.9731766075446924 0.5134116229129706 52239985626127
0.5368831329369479 -1.982886989160754 -0.20656806495087343 52240005767990
0.5733175415058083 -2.053582540547353 -1.8465288660231987 52240025909331
1.1164909472671467 -0.4108469894691318 -0.7856581514123089 52240046050933
0.21787537500121723 -0.5616487829815551 -0.1228502515985972 52240066192795
0.7603842843759738 -0.5561183427914935 1.2235459705961222 52240086334344
