-1.2576660156250001 7.320629882812501 1.42244873046875 169014013866453
-1.04034912109375 5.894052734375 1.1435986328125 169014034007534
-0.6864174804687502 4.7055986328125 1.1114365234375 169014054149188
-0.5655524414062502 3.7178846679687503 0.9906140625000002 169014074290892
-0.6328740820312502 2.9349766796875008 0.5672471093750002 169014094432391
-0.3640141093750002 2.450093160156251 0.2877698554687502 169014114573992
-0.1300052328125001 1.9980383953125003 0.2605625640625002 169014134715593
-0.22379178390624999 1.5467217318750004 0.3033719262500003 169014154857248
-0.25776877868750003 1.1668573659687507 0.33249246287500034 169014174998797
-0.12671062841875003 0.9245625529312509 0.1513821538937501 169014195140399
0.026256008983750023 0.81244056968875 -0.0469850971975001 169014215281947
-0.03457380609424998 0.7356336080947496 -0.07479510900800013 169014235423601
-0.29427281440665 0.609820363038299 0.2005643034186 169014255565204
-0.20999100543157012 0.3847679115243885 0.44878152085988 169014275706753
-0.0915157535640061 0.23437682921951009 0.3148601776254041 169014295848406
-0.05219209503870492 0.22120507665685807 0.022444782725323353 169014315989956
0.022980210687786107 0.22604853398173574 -0.08321604881974132 169014336131557
0.06637000839397889 0.19465718656038788 -0.0511797726495431 169014356273159
-0.06648407140981694 0.12013004612331102 0.031565947505365566 169014376414813
-0.0846936047841036 0.08071097049239917 -0.06189323808945746 169014396556414
0.10152001851646708 0.08512541701891863 -0.11616498109656592 169014416698016
0.044875682781923665 0.08948705236513455 -0.09046616456475287 169014436839618
-0.25997347721196107 0.032661419235857636 0.03801525194194766 169014456981218
-0.1407302466133189 0.014984115857435754 0.19543905702230813 169014477122768
0.05570193552184488 0.06661375752969789 0.1723058354615965 169014497264473
-3.2370548877413974E-4 0.09523436539875796 0.0019559964942772456 169014517405972
-0.06754412064101922 0.0893588790377553 0.04110337141417175 169014537547625
0.10278843395593462 -0.028024615519795404 0.18783875181883758 169014557689279
0.2094768409147476 -0.06652369632208632 0.25277344286132 169014577830829
0.019107351638047998 0.015909460911080586 -0.01885058164844411 169014597972481
-0.11076392337706165 0.02472708044761518 -0.19862538719375533 169014618114032
0.25230683004835086 -0.012957593454407501 -0.1419447433487544 169014638255632
0.5310202687261807 0.010092909611474354 0.07996227172724657 169014658397183
0.22464531654344455 -0.017853406685819806 -0.4064281318369527 169014678538835
-0.29362359051524445 -0.0068486433174062 -0.014473560157062026 169014698680437
-0.8261586380371957 -0.20759073106017567 0.3790949799993504 169014718822090
-0.3299698791797565 -0.22168781922314018 0.29779502696823035 169014738963588
0.33365593259369497 -0.07670328272226179 0.3999425645433341 169014759105242
0.30713470701245615 0.0589742878846895 -0.32401567492783245 169014779246844
0.15304419139121483 0.04743577796400089 -0.10161976650476601 169014799388342
0.02877080233172169 0.03616639580870107 0.0917510617961872 169014819530047
-0.2208554284471227 0.018813487740711565 0.11110836896819976 169014839671701
-0.20692115916394815 0.07525586831756925 0.08072019126830998 169014859813250
0.08518328751259152 0.009411237622805046 0.3979135553583979 169014879954748
0.1484200675100733 -0.06533477943300525 0.5488606294429683 169014900096557
0.027305389945558645 -0.06947973760890491 0.37769934339812483 169014920238107
-0.2333436763248029 0.23344208881912643 -0.1360119120002503 169014940379708
-0.4753834371535923 0.25263501871155114 -0.5621664631939502 169014960521518
-0.0880338005041239 0.1654869212192409 -0.24962330727391002 169014980662756
0.11715840881545092 -0.07346983802460727 0.1374351432433718 169015000804252
0.13065299658361074 -0.2236562415134351 -0.007593389311552734 169015020945177
0.19675872539188877 -0.2698307549294974 -0.2154497114492422 169015041087663
0.31770971468851106 -0.2940506390998472 -0.5991175816593939 169015061229266
0.4717703108133089 -0.1132312339361281 -0.760470823140015 169015081370711
0.7290886119318971 0.039651829257348226 -0.5573878889807622 169015101512625
0.8671820223580178 0.21599880715587894 -0.2974239830596097 169015121654175
0.23174610616766422 0.21584103791220244 -0.08691379582268777 169015141795620
-0.20390975569086855 0.2937787873610116 -0.0392575991581503 169015161937169
-0.24358434752144476 0.20214949473255928 0.2368678464547298 169015182078719
-0.12473808348590576 0.17581871687979778 0.5696334373200338 169015202220321
-0.35029095506997465 0.0031671805350885762 0.581976281106027 169015222361922
-0.2864095218684797 -0.22305219307192914 0.5102831733223216 169015242503784
0.14586017547396635 -0.12900327789504296 -0.2739389886858927 169015262645698
0.35609243725417317 0.08144093237146599 -0.9986067573549642 169015282787143
0.29957121542833853 0.0749305779284235 -0.7116173394777214 169015302928328
0.18208861296767087 -0.11739928765726049 -0.0027045161134271467 169015323069930
0.08552684740538663 -0.17366796528205874 0.16874703164050842 169015343211635
-0.0793446353569407 -0.062616012850647 -0.08474114421884327 169015363353185
0.06731042452694747 0.011540490500733469 -0.016230415375074747 169015383495047
0.25268867165280795 0.051627411931836065 0.3390664489499402 169015403636596
-0.13322503924025364 0.12712956626421956 0.2923224950974521 169015423778145
-0.2992924337359528 0.199555215511376 0.10659969529671165 169015443919591
-0.11240757980126226 0.21848206303410045 0.12229147498736914 169015464061296
0.04252022522149024 0.22798389261478036 0.23161003545864545 169015484203159
-0.031462335447807854 0.16593203596682393 0.1927709385231664 169015504344344
-0.30230609882699633 0.13767726939845915 -0.10001908902521706 169015524485946
-0.718395172030347 0.19322287020626838 -0.4546734743451737 169015544627704
-0.8152678954367776 0.22574528835251506 -0.24352393572613895 169015564747619
-0.22252681634942206 0.2016045314632624 0.3471486248565889 169015584889221
0.3544248359829625 0.17346624235810992 0.8607999545727711 169015605030875
0.5205393805051199 0.3401035602927376 0.606242502720717 169015625172476
0.3923958598728461 0.5307986685466908 -0.2568272868859265 169015645314078
-0.11368340975797309 0.5942312199936026 -1.0371024545087413 169015665455679
-0.6521161614001285 0.31740157755738174 -0.976288408919493 169015685597228
-0.9079722259951029 -0.404880007485346 0.09844925333315557 169015705739143
-0.6929671362648322 -1.2010402364570272 1.4511104768852747 169015725880484
-0.05284783010561567 -1.617546056353122 1.77109345963322 169015746022189
0.4386543531030074 -1.475762919301248 0.769206310675326 169015766163739
0.6018390098261559 -0.8877880698159988 -0.5479528225534893 169015786305340
0.8900405437984249 -0.15006199882154903 -1.1219682150740415 169015806447151
0.5270959116012399 0.19793135797401007 -0.45343394705923323 169015826588491
-0.46379690353150815 0.25634313325420877 0.2146454204776136 169015846730458
-1.0954882064189566 0.312557416759617 0.6497314731008408 169015866871852
-1.0665883190414154 0.17881790606394432 0.8651220925431726 169015887013817
-0.5244498544518823 -0.11503893686759525 0.755842791222038 169015907155002
0.31936833909474416 -0.2575584932440762 0.27823380329013014 169015927296552
0.7223647884632953 -0.30005314225151203 -0.2759969417428958 169015947438049
0.7079577487393862 -0.2226230802074589 -0.37941571745681646 169015967580015
0.418233874772759 -0.20007112041596642 -0.20671860912170326 169015987721304
0.086174013880707 -0.11996900570777314 -0.058319223234862605 169016007863322
0.018341066573315468 0.007906631371280781 -0.18940440202539 169016028004455
-0.03737792799134776 0.08696495353452427 -0.3856543809953119 169016048146161
0.004020997450671748 0.0917033104838687 -0.12792047745249935 169016068287711
0.1656313487417873 0.16972495307459567 0.1776196727255006 169016088429313
0.3162941414934297 0.35904656402217583 0.01461771083665031 169016108571121
0.15293765694474382 0.5030941848114914 -0.12868669070567984 169016128712515
-0.10063571428795504 0.5921237853491927 0.08848131149795613 169016148854064
-0.31625075893036403 0.6441580126543549 0.09606581091711508 169016168995875
-0.2804664274567912 0.5853581484047332 0.14856895732744224 169016189137373
-0.22454404040293285 0.5664432570050373 0.7072462791432041 169016209279025
-0.14579734169734637 0.6163259923227802 1.2815929217520634 169016229420575
-0.21766326398287728 0.7703435087019752 0.36224943505790064 169016249562177
-0.742331294780052 1.1558744163365802 -1.4550734988286798 169016269703778
-1.2322439420740419 1.0085252166630134 -1.2967492287504436 169016289845432
-1.4511638060029837 -0.31202748291958926 -0.14650582831285508 169016309987190
-0.9620907127711371 -1.208557533210671 0.463874438912216 169016330128739
-0.17562960146690987 -1.6224978820372868 -0.22506744105772736 169016350270601
0.9107170219514718 -1.6753176415673305 -0.6172976051899317 169016370411682
1.4544036956861777 -1.1749098749726148 -1.2885036114956954 169016390553283
1.5590795971739422 -0.11768668904059254 -2.0391402915403063 169016410694938
0.8262187558641538 0.2567051409550256 -2.1183727801072454 169016430836642
0.09648525859757306 0.30269077292027013 -0.8705893373670461 169016450978245
-0.8338225353094415 -0.18470285041378354 0.7919196433876132 169016471119950
-1.5305956259038034 -0.4959068115810279 1.7723540740850907 169016491261343
-0.7119032585355427 -0.5482513281710713 1.3486327709868227 169016511403206
0.30486704160906575 -0.25592283988060593 0.6102782871019581 169016531544494
0.5078096489122528 -0.4254658109669851 0.24975827421281638 169016551686304
0.5656959613173023 -0.4192422776798388 -0.228721212660997 169016571828062
0.7127862612413418 -0.15011550183137068 -0.7030941576287975 169016591969351
0.5661030324305736 0.0758060360349031 -0.9161008143842881 169016612111005
0.3288467814132088 0.26009551242167284 -0.6951609249449306 169016632252554
0.19216678059931702 0.4734450622810886 -0.4563484665184445 169016652394260
-0.019911595051796294 0.7038170849811216 0.32538753537899434 169016672535705
-0.45417390494768717 0.6556317929848969 0.9460888368969456 169016692677308
-0.30292652630189987 0.5982725242316675 0.8367172609238065 169016712818857
0.010368739895980195 0.8330979998540844 0.3260876759265452 169016732959885
-0.06420256667696567 0.7592030092582682 0.06476418370998616 169016753101434
-0.12193090099782244 0.6135513722503649 0.2352952336867391 169016773243088
0.045729204982992044 0.40196170326904124 0.49130015179314124 169016793384586
0.26559947726764355 0.41079055402148335 0.2910992034657629 169016813526395
0.34867342947036484 0.5607979705609374 0.10114108152261014 169016833668049
0.19315993498254191 0.4904718725424999 0.3123947988118383 169016853809494
0.015245721423533531 0.38095171678400064 0.15744757733072046 169016873950992
0.22964042479507696 0.2768438929584516 -0.05689105922917381 169016894092593
-0.27986187891393843 -0.0952118973519891 0.528034515897911 169016914234351
-1.4597659679749009 -0.9020850452253413 1.701321655687079 169016934375796
-1.1981350400049209 -1.7432500674302727 2.214975781580913 169016954517607
0.6048830812773134 -1.8054032766004688 1.11101871120223 169016974658999
1.5793410353343507 -1.1330189103428747 -0.7288608122882159 169016994800601
0.8135094493612307 -0.33302645639929906 -1.9453445092055732 169017014942255
-0.5131694912922655 -0.004507102619438541 -1.5923107636144587 169017035083909
-1.0810800266275624 -0.11227267428304977 -0.482906228079067 169017055225459
-0.6304646072395501 -0.2983630613014405 0.3445588065992462 169017075367319
-0.048036236572890134 -0.4440249216974017 0.6531006585606471 169017095508713
0.20815304199168794 -0.45796651938917243 0.4239575776297677 169017115651199
0.21414206249960044 -0.3582311256675883 -0.013287551177435741 169017135792854
0.29439714609343026 -0.20333294740906993 -0.5519386346919486 169017155934404
0.48122084187474434 -0.018122900896006655 -0.6585186811910586 169017176075640
0.35182237662479543 -0.03689822306055568 -0.034285648077847064 169017196217398
0.17679481536233643 -0.1683857659484449 0.6863532198189723 169017216358895
-0.05517059302263072 -0.041886347133756274 0.7379985914801779 169017236500445
-0.6164020994181045 0.14105146916799427 0.09739350209039266 169017256642203
-0.6628848631282336 0.3683831675218947 -0.41483422176518614 169017276783648
0.03946750012241318 0.5436323152675158 -0.10486542428714873 169017296924677
0.32664235947293063 0.5409361256515126 0.1769597113515311 169017317067163
-0.11269734289040567 0.7901707755212097 -0.10406211373127494 169017337208610
-0.7980069954060744 0.8955033196357185 -0.13742449567252013 169017357350471
-1.10455549866861 0.5146082221148252 0.20747983705573425 169017377491916
-0.10970641065363784 0.3690230034731101 0.5614428540195875 169017397633465
1.3734287191333399 0.5441563910597385 0.16354637305942 169017417775172
1.756543268275422 1.1050394683165408 -0.895774229677464 169017437916616
-0.40587378381716244 1.0929671215282326 -1.306780516554471 169017458058478
-1.7760295934599801 0.11637809175383573 0.200803614100173 169017478199820
-1.956443791955484 -1.082202702378181 1.7668440631551383 169017498341577
-1.5802917523143876 -1.7813017126837938 1.3969713442741112 169017518483179
-0.2953857456015099 -1.6485765263970347 -0.804395580830711 169017538624624
1.0018505832062923 -0.7218153226801274 -2.175498886539569 169017558766383
1.2531162087525338 0.11937391373089845 -2.115985046731655 169017578908088
0.7388821271582771 0.6232212989534691 -1.3818627444165745 169017599049585
-0.05303492327337844 0.561394421975276 -0.7533783791270097 169017619191083
-0.9466759854937026 0.30069024461147187 0.2031444646671423 169017639332892
-1.119083952457462 -0.11612505040457322 0.6983920365774641 169017659474286
-0.06669050180971992 -0.2834029700111582 0.6575539612932213 169017679615940
0.993510391520974 -0.4359264775714262 0.3033747120033272 169017699758271
1.2943078249355295 -0.6196518265883917 0.0582515274151616 169017719899142
1.0754364943234238 -0.490399195645713 -0.1745413561928708 169017740041005
0.46906501577123905 -0.2947363487040704 -0.21878347557929678 169017760182449
0.043782286054491415 0.04735301088049404 -0.019716721869687426 169017780323792
-0.00994487428140678 0.14048250636064452 0.43108941547300006 169017800465758
0.18766177635612458 0.1684406925885149 0.7212143058159 169017820607098
0.03103762420989975 0.23531407750831157 0.3119079680902199 169017840749430
-0.3335073029758302 0.5093450120066496 -0.2067602466215741 169017860889520
-0.09108562753691407 0.5687064783553204 -0.19603563870350915 169017881031018
0.1488722206267188 0.49851987018425703 -0.1334032179940574 169017901172776
0.3071226788451251 0.4447875758349067 -0.07882950798899602 169017921315627
0.1600536118261 0.42331052941792535 0.233725944390053 169017941455926
-0.0010220519453698618 0.4139169782218399 0.3869197203557926 169017961597477
-0.025878676712546067 0.5790828013274716 0.29897669425338425 169017981739182
0.08137225394246306 0.6680880184057276 0.14982588665270757 169018001882398
0.21961440471647053 0.6592628951933328 -0.6304810875528339 169018022023583
0.07471496127317656 0.7901788708421655 -0.9582911200422672 169018042165288
-0.6424008825439589 0.4114155576112335 8.231586536862068E-4 169018062306630
-1.5538132841601673 -0.5429989015672625 1.9504998355166991 169018082448440
-1.693868498421884 -1.4832394532850603 2.9027826809133597 169018102590562
-0.3444868885812573 -1.6660471290342986 1.436398508011938 169018122731487
0.9805140047599945 -1.102283504008689 -1.2038475021841997 169018142873504
1.1039912819329958 -0.25658266258195184 -2.5471356189348597 169018163032086
0.5484762286713969 -0.01931642303431147 -1.3261606435853879 169018183155666
-0.13150710300038249 -0.3724599743649488 0.9670744148191899 169018203298727
-0.6407891784940563 -0.5729923935544594 1.801308457636602 169018223442775
-0.6939667920139949 -0.4480301453123179 0.7495916879842817 169018243581252
-0.20280526954869593 -0.2259778271873536 -0.6241669816438247 169018263722697
0.20894719061104317 -0.13683694924988288 -0.9534717689088099 169018283863153
0.19487992045758462 -0.1954192664311556 -0.4019986065332981 169018304006005
0.17605774495981752 -0.2918700811136752 0.2728713296171117 169018324147815
0.312794438155354 -0.32115475629719015 0.30412470041243944 169018344289104
0.3782995153680333 -0.16451657847525247 -0.38256693888879845 169018364430809
0.25926803026317646 0.13105763565729767 -0.8122425159547886 169018384572672
-0.01107922813320883 0.2475463038383392 -0.5218032901075809 169018404713908
-0.13516953485031724 0.26263665244567136 0.03379027807018531 169018424855510
-0.0723201981927537 0.29350775945653673 0.4343442341748984 169018444997320
-0.007929400741702786 0.40093169584647903 0.5930564420274189 169018465138661
0.05536302237538804 0.5707575637084332 0.7197332395594351 169018485280523
-0.31766026569343975 0.5827657189354962 0.4517021189912982 169018505422072
-0.5988303609922516 0.7239396259296473 0.008541870974288823 169018525562372
-0.08331233566880147 0.8726453530874689 0.09585937568568115 169018545703973
0.6942998384962089 0.8298545637199748 0.0806791997672951 169018565847659
0.8342484645469672 0.9295818931634798 -0.777277929248664 169018585988322
-0.3259606033624265 0.8070077996870335 -0.996846757461431 169018606130185
-1.9966205334711913 -0.0033805766566228357 0.002937633093355263 169018626271579
-2.435699747089453 -0.8495306332002972 1.1352724697559342 169018646411981
-1.5301027664215625 -1.4734843698414881 1.448672077367248 169018666554990
0.6366599743627499 -1.5841585896231898 0.9391378572062985 169018686696643
1.7476458505839498 -1.5321340006048025 -0.01015211657871129 169018706837933
1.98456687577966 -0.7617789778275927 -1.6992593885754692 169018726980001
1.3848580904674779 -0.04284603382457419 -2.5259846592978756 169018747121187
0.5166267067489825 0.32541555575284065 -1.9707266922820508 169018767262737
-0.5441571306945643 0.3535697492897718 -0.10769707648189053 169018787404390
-1.7371201381494012 0.18920345568181673 1.1783931200644875 169018807546200
-1.6035144698945212 0.3047441122017034 1.2441549257390898 169018827687645
-0.6004995641968671 0.1753260514801127 0.721605678872522 169018847828154
0.6684162666112563 0.03310752087159052 -0.13492248815198238 169018867969546
1.2326578179765053 -0.08363361220897758 -0.4627353538028358 169018888111617
0.5724910004749542 -0.06719985851718135 -0.5308328142922685 169018908253218
0.1225191675674635 0.05891101162375456 -0.12314037252756505 169018928395757
-0.1825022440710291 0.10816396554900365 0.19157559260294788 169018948536057
0.0672916617744268 0.1705887896267022 0.03778195845735821 169018968677762
0.6580203411382914 0.2778406606076125 -0.5152944527653633 169018988819208
0.9380495736918832 0.2512642277048407 -0.7959269684622907 169019008960757
0.6748415144222566 0.23065005403887362 -0.3899642310198326 169019029102672
0.049651043569055364 0.22783059010609819 -0.01762324028461615 169019049244586
-0.2774056299885057 0.2561048041161289 0.4540898843348071 169019069385666
-0.03490057820955439 0.27104595266790277 0.5403959309053459 169019089527164
0.007650826494856489 0.19631674260307186 0.22632309238052684 169019109668765
0.03813970416463519 0.16601335501995784 0.3401649192169218 169019129810524
0.2748232867692082 0.1687970121409652 0.9349981463110373 169019149951968
0.6998024770716167 0.4586215940877718 0.5921757631425799 169019170093622
0.4348786027510434 0.9705960057389671 -0.799391713704686 169019190235327
-0.2746435045179152 1.3101315897474244 -1.0544059490887487 169019210378075
-1.7562382411143322 0.4169163069541888 0.188189107916501 169019230519832
-2.140476432735216 -0.9725216419366483 2.276979508989451 169019250661122
-0.35939042353192274 -1.6539694619868186 2.7747696423478105 169019270802776
0.7725706689869618 -1.5933659992769549 1.085513956065748 169019290943700
0.9146873945645697 -0.7489237564528146 -1.1153168624911518 169019311085510
0.583288001589156 -0.1285823645372517 -1.7514820056179214 169019331226955
0.016813506740074757 0.104372877901449 -0.807814022463087 169019351368401
-0.6562147219516903 -0.12072533049134115 0.5014050320295302 169019371510054
-0.6881431642801021 -0.3820538972055729 0.8587412131236238 169019391651760
-0.1453997853303317 -0.4214146021394587 0.12827715018639907 169019411793727
0.5140756795482346 -0.41686800983656624 -0.6655545493821307 169019431935849
0.8544856412948376 -0.304502708650503 -0.7333957879432047 169019452077451
0.39798060287962 -0.27717150285790204 -0.1324807905108134 169019472219104
-0.19783866222755409 -0.300045307755072 0.236385973060099 169019492360706
-0.36719426962579327 -0.2274874180790576 0.14302723547932894 169019512502151
-0.09684379460688453 -0.08926532508824536 -0.27687459833528694 169019532644064
0.30345758150199265 0.058360689148154066 -0.43083805757447946 169019552785666
0.19801508863909412 0.2441372817872729 -0.2601977898095833 169019572927112
-0.3442612689324749 0.39401588011731903 -0.16586086856641646 169019593069183
-0.27131965967723026 0.4893826259688545 -0.027927952665633082 169019613208909
0.23525140116446597 0.5451804171813333 0.2627528527112437 169019633350770
0.3319877420253228 0.6073113259325655 0.3173189813877446 169019653492164
-0.1992779704422416 0.6666229865273028 0.1992165132351955 169019673635016
-0.5735947396350434 0.5848608892218419 0.07927067152565614 169019693776668
0.0019640520419654806 0.46755912153372314 0.24730325597052483 169019713918114
0.9482387221023223 0.48868352769572887 0.53436604227642 169019734059612
0.9892062120568579 0.6582808065315842 -0.05352523258511388 169019754201734
-0.3630783897295138 0.6960826530377666 -0.6001688188805909 169019774342711
-1.737081364127361 0.14946866149271365 -0.08463944963572256 169019794484677
-2.153300345208139 -0.471770285649578 0.8779915652914223 169019814626591
-1.5825401785102615 -1.0923088066446631 1.052381045201888 169019834767827
-0.45834171312070904 -1.3288397210969816 0.6671489767865104 169019854909533
0.8501967466909326 -1.038914062033836 -0.6200894123207918 169019875051238
1.3464659911027463 -0.27817714806456806 -2.2148947720441337 169019895192944
0.7588378319446973 0.2666428518608459 -2.6915081027915573 169019915334442
0.16839839055575778 0.473531566644926 -2.089632263483246 169019935475887
-0.6340312875553935 0.2024214447221908 -0.5042131350053467 169019955617750
-1.073460381606815 -0.18175180906599664 1.016917577933223 169019975758830
-0.4189123482542021 -0.26974226756529696 1.7386073045340784 169019995900432
0.3662128948341383 -0.23417760311473756 0.8701338905022626 169020016042553
0.6518082064923107 -0.12309647702304005 -0.36363409853569006 169020036183688
0.8324573073813486 -0.14634095114968204 -0.5013931186723022 169020056327268
0.8895742443425787 -0.228352057794746 0.15347534881215807 169020076466890
0.514113008755313 -0.1690219782670468 0.6607563532684768 169020096609013
0.10533337575425028 0.07824677285511328 0.6256753951147815 169020116750562
-0.19390712752159978 0.13240943000284133 0.5028596520293251 169020136891696
-0.04578732311102973 0.2166575244710227 -0.034650754939039796 169020157033556
0.4916416258861762 0.14489584379556852 -0.565476951607482 169020177174950
0.7058255077401911 0.22419304222395553 -1.0434338073797358 169020197316447
0.283971929629653 0.30097308612291407 -0.16119968262253836 169020217458361
-0.019123725827527416 0.21478969936708125 1.2649001171832195 169020237600068
-0.17031607050577202 0.02931466964991536 1.941900562496576 169020257741564
-0.4042826415608678 0.4213765404074312 0.6394579499972606 169020277883427
0.3188468359700556 0.49465738466969533 -0.08711528062719154 169020298025028
1.7458367461197946 0.6274031538295066 0.18205338096699686 169020318166057
1.3449237914270857 0.7459654918136049 -0.46940856475765225 169020338308335
-0.4939828418583314 0.692109307513384 -1.3744282189936219 169020358449365
-1.7922810000491651 0.14093109835445716 0.2245663115238523 169020378591174
-2.3699698195705823 -1.008885980691435 2.676369357812832 169020398732723
-1.1657146251877162 -1.6604779251781476 3.227557888594016 169020418874377
0.8315518350060773 -1.4584970862362674 1.0194364475939626 169020439014676
1.4413401008173619 -0.8617195439890146 -0.9888331661435803 169020459156122
0.9960530376851398 -0.0939166508162117 -2.0898458297898643 169020479298036
-0.06653647610188829 0.12270603481578135 -1.5531144568006416 169020499468440
-0.5515079894752608 0.056392366915124725 0.3268809931532366 169020519580926
-0.6504471142364587 -0.07107262990539986 0.7814266695225891 169020539722528
-0.5927087656079171 -0.009494822674319892 0.2615793238993209 169020559864286
-0.2848603718613334 -0.26047671751445556 -0.30429855259929317 169020580005732
0.4581834798546831 -0.47698488963656516 0.2877623297955658 169020600148062
0.7291688541962467 -0.4422080288967525 0.9281224614927028 169020620288935
