0.08338591763727932 0.15021540703564185 -0.22146976696601461 52156538997135
-0.001113531515176458 0.8487367787535138 -1.1832060870103118 52156559138737
0.054797651350358745 1.2610084659715612 -1.3797069594519995 52156579280286
0.10619163670528708 1.3710138040272497 0.04360992071965031 52156599421888
0.0495407117079798 1.5294648518155496 1.4815310029819704 52156619563541
-0.030203856414866115 1.9289673892649395 2.0385817359793266 52156639705039
0.30434033283685724 2.6276465676619516 0.9986022051897114 52156659846588
0.2198150397069858 3.521782781473311 -0.8354566147544809 52156679988450
-1.4282739447969117 4.0909735884598994 -0.4124082605535846 52156700129895
-3.132377456618779 3.745923402017919 2.5050099149946323 52156720271549
-2.8883726684200237 2.409873487239336 4.674210568714456 52156740413515
-0.7978197167672691 1.0686702741664682 3.3012458963778153 52156760553189
0.831238855492435 0.45072479355192385 -0.34719908367899777 52156780696301
0.14054040080019803 0.22129760827903766 -2.8018193255369486 52156800837538
-1.7026677770160918 -0.2940678704080213 -2.152014542460809 52156820979505
-1.7403568778628733 -1.104700097107667 -0.02701934881239687 52156841121418
0.18784145083470172 -1.9615188667486336 1.2054230951688325 52156861262864
1.5033371255115116 -2.374036870742657 -0.28135244183368435 52156881404362
1.7164270246279592 -2.3102646528441255 -2.3656581253419473 52156901545963
1.3440278501711171 -2.4537537144628008 -2.587130992461058 52156921687669
1.1412012840431438 -2.778469280163991 -1.2777248135000965 52156941829010
0.9737764569220149 -2.730624545224943 -0.8535885422063272 52156961970611
0.7140431381938619 -2.431801882273705 -0.9908542322025617 52156982112421
0.6806461316488397 -2.2145821308189646 -0.4447341670120495 52157002258450
0.990769346725322 -2.013242853092672 0.14079469764036046 52157022396405
1.1013435047240077 -1.6433701613803882 0.10302882451853845 52157042535612
0.8956377920604561 -1.1369617541043109 -0.9029895380414192 52157062677213
0.4769594523983649 -0.6296011415646987 -1.1156899702768854 52157082820168
-0.22062970370630808 -0.02772876481425879 0.30466482065349165 52157102961719

