0.02923414925904355 -0.15496431213791695 0.5604751370162522 52152268976875
-0.3717298680927652 0.7326325541959164 0.19800169164425174 52152289118788
-0.1952720780679622 1.5278174691379833 0.07822557206540148 52152309259973
-0.06692322886061985 2.4327520221853867 0.005683484996071186 52152329401835
-0.444285653400996 3.15621138337331 0.9017757919031069 52152349543072
-1.601021784439547 3.459209829354899 2.485727274147486 52152369684882
-2.376435103332888 3.3705538986401695 3.386811799786739 52152389826484
-2.1141973990725607 3.2713576696933853 1.9987804945168914 52152409968502
-0.9003056731642984 2.7189293974734596 0.24344578233226333 52152430109635
0.19292684818731143 1.6949799437600177 -0.5329045069466893 52152450251185
0.9320514394873491 0.7593042675080142 -0.5279471407136018 52152470392838
0.3366445695586293 0.31778276947516204 -0.9896306617896315 52152490534492
-1.5824665709155967 0.22347670386137963 -2.1466361700567056 52152510675989
-2.0815738426699775 -0.647170785348397 -1.7334954594828647 52152530817695
0.038512898520267846 -1.9060789134349676 -0.07825144571129172 52152550959192
2.1602170570974644 -2.6143162557479744 0.26313126530596653 52152571100898
2.3999509894279716 -2.330515504598381 -1.0153861010364769 52152591242552
1.2434959477923773 -1.9021931653974544 -2.7755779237979317 52152611384934
0.329599004327652 -1.889039688567964 -2.5008334327883457 52152631525702
0.3956005901808717 -2.1874890750731204 -0.38491967591817655 52152651667407
0.36237890964469743 -2.216177783495997 1.572984669421709 52152671809010
-0.03767255587799223 -1.8305227932030474 1.4852554113186172 52152691950456
0.11877552951635595 -1.4036882540936881 -0.2643957686013563 52152712092005
0.8698739392380848 -1.2030287282749503 -1.887847181287335 52152732233919
1.544641827171718 -1.2049034513699608 -1.839501377842368 52152752375467
1.4283770359561245 -1.0809149485959688 -0.050043485086394446 52152772516914
0.42104635532739976 -0.514829615126775 1.7715252705246345 52152792658515
-0.5324011969880802 0.35186921805482996 1.6764975601697076 52152812800012

