0.05199674389186759 0.39295805970446995 -0.5329925644770248 52153880304895
-0.059977311917756015 1.1494982837010754 -1.0487207117378698 52153900446652
-0.40895597062795486 1.6304262636796096 0.03601122357845421 52153920588202
-0.4045329405648639 2.141230659381188 1.9259159124565135 52153940729803
-0.1300838719831412 3.186690582192451 1.937864077621461 52153960871406
-0.3889425858677631 4.126513110285211 0.15167065662841894 52153981012174
-1.1571013343192105 4.181886757759418 -0.32077773250976493 52154001153723
-1.6414037237053685 3.5633804999575354 1.9469422671171879 52154021295377
-1.036169853964295 2.6512903374660297 3.869382426975 52154041438697
0.35990689026606404 1.840710004347823 2.5702129728300003 52154061579778
0.33697336377535114 1.2122408550407577 -1.0445864576734998 52154081721536
-1.055702070698469 0.19258321137635548 -2.52484152942005 52154101863086
-1.599590953433775 -1.5437849933989156 0.007678045995210159 52154122003384
-0.4211522549345199 -3.0604796548753814 2.3050438039836685 52154142144934
0.8860396218336342 -3.5171215168690555 1.0479779142806853 52154162286588
1.1483946857481575 -2.962928170526494 -1.671102531856702 52154182428293
0.6829735610985259 -2.3889094309524452 -2.789445502047862 52154202569791
0.5200604895038206 -2.401984478355706 -1.9476696828882898 52154222711444
0.5185264189468064 -2.6617487154970654 -0.2884580119356319 52154242854244
0.07412289296994512 -2.7108564919289027 0.7238112271702448 52154262996001
-0.30510598249904364 -2.362703748230622 0.2683800364236957 52154283137344
-0.2157278524054851 -1.9305072368657479 -0.8531060294547936 52154303279049
0.3869147883881119 -1.6540981723050985 -1.1594867766888348 52154323420807
0.9476665963354896 -1.314294162844079 -0.46798248775731777 52154343562200
0.8990634528496417 -0.5883615998065137 -0.3046960487996042 52154363703905

