0.6502738366115162 -0.20680341282811732 -0.502287296954198 52157626642004
0.09213069038296307 0.37009193770625615 0.09939086556164156 52157646783711
0.4926498648063704 0.8508831204775049 -0.19789209270693675 52157666925311
-0.7698205378424037 0.7638119651320032 0.11079032974070069 52157687068215
0.2614018705073271 2.155019298668103 -0.24646295105118954 52157707208672
0.23830850812461168 2.618729794403232 -0.17667475537220145 52157727350013
-1.922060713031561 3.3226449683350854 1.022893594139739 52157747493125
-1.4775655626127486 3.4952131426368176 3.6734906565617913 52157767633320
-0.5542814539964489 3.3887120180157044 2.908494673686933 52157787774922
-1.7884569014784093 3.126606821443813 -0.13111441730045348 52157807916366
-1.4219154235264777 2.3046423907488016 -1.3905971002466129 52157828059322
0.39514588383506766 0.8387944790052924 -1.4000631294160404 52157848200976
2.2394321367555543 0.970779235547985 0.7016780120921675 52157868343150
1.9279959047169437 0.7849729978133873 -0.0603494848575159 52157888484284
-2.6176008348201956 -0.6905762892492895 -0.12056962694851281 52157908626302
-4.650587015512407 -3.055427339993182 1.1912640250036897 52157928767486
-2.4206405108474263 -4.013372633713296 1.0613486223467015 52157948909139
1.4969226499158097 -1.9273362905643854 -0.30325264509138883 52157969050794
2.930057651182648 -1.343529188701508 -1.7141109051356112 52157989192447
1.8150422146961187 -1.6732486439299556 -1.5362545444209892 52158009334257
1.1059156076943948 -1.4791384659252138 -1.4299924050680417 52158029475755
0.5310215486555161 -1.4289650696151721 -2.3407468537419334 52158049616940
0.5590579615806632 -1.5259357275671377 -2.742763498618547 52158069758437
0.7615163887957808 -1.4191128398662105 -1.4407440020198377 52158089900195
1.2961271735366247 -1.236852771892968 -0.6808422719283701 52158110041692
1.0001097466417999 -0.8154709870456252 -1.0522299698864461 52158130183346
0.3111839887196899 -0.9048914380740003 -0.4815300696591569 52158150323749
0.2114716050382519 -0.9228145176466995 0.39852838567892446 52158170465351
0.16129154184310157 -0.4902535672423598 0.8544306186993895 52158190607317

