-0.054988690547549623 0.022707091769591514 3.333864353733951E-4 52151120904700
-0.22923265165678974 0.1606217281031732 0.08260313492954863 52151141046354
-0.2155638557004318 0.24052130826378892 0.3544614141936391 52151161188007
0.02354500918965452 0.23320073801728114 0.42217997119866135 52151181329556
0.13404596828922366 0.26036430135132527 0.3587156566464289 52151201471158
-0.008205119899870938 0.40317669498731057 0.07176256437964312 52151221612811
-0.1437955412323968 0.4711253403648481 0.0987064382224645 52151241754414
-0.09446758532966748 0.4963826941668792 0.4269876115154716 52151261896119
-0.09523959560748407 0.5693595733022541 0.6723762220248775 52151282037669
-0.47572780929848735 0.7709539672355525 0.9073589854324022 52151302179219
-0.8654333216575398 1.031191884725942 1.2407431453771718 52151322320871
-0.8081791768572817 1.220046281218254 1.2059490084892373 52151342462421
-0.34483435711082544 1.2667474741933535 -0.07180085180236029 52151362604179
-0.05633623568866053 0.9777046199796828 -1.3721867751918886 52151382745520
-0.6027227971446782 0.3433941647337466 -1.457637115466011 52151402887226
-1.6596196439657427 -0.5386513674317541 -1.120760571279059 52151423028827
-1.5171488401725943 -1.452100293164154 -0.528493222648247 52151443171159
0.17755290051817418 -2.115769590000074 -0.10554604296234782 52151463312760
1.5025891954145396 -2.07544037903131 -0.4809944515573781 52151483453997
1.3520713563316318 -1.4623786704125479 -1.4906549362459025 52151503595390
0.4197186085028053 -1.006450787892538 -1.8494087146217222 52151523737096
0.003951156333494188 -1.0281708842202804 -1.1112896670098777 52151543879217
0.12646414772304548 -1.300979090188724 0.24385400857959771 52151564020820
0.2520013963034362 -1.4339473346509788 1.2561427771761782 52151584162369
0.25200394907399915 -1.2262472231895334 0.8029000615846926 52151604303919
0.6577677100404493 -0.9009196535516271 -0.35124684526349603 52151624445521
1.0127986406886096 -0.6583089650288017 -0.806095132460797 52151644587017
0.6174898891133878 -0.41816328530429203 -0.6842193676873876 52151664727995
-0.12583230745928975 -0.08079527668093345 -0.16590576758741005 52151684869752

