1.143365825606452 0.23745184397460584 1.3946549807954094 52170678401251
0.5064285003289115 0.19920219783593396 -0.3129259177074224 52170698542697
0.5342321557318792 -0.016688046418753544 -1.3667713982284377 52170718684350
0.7672783027105033 -0.6007527808850028 -1.4674161420202503 52170738826005
-0.41410704533159737 -0.7618400176767519 -0.6624949253349504 52170758967658
-1.616197745640278 -1.0505242602351519 1.16569497770079 52170779109208
-1.4395524347934727 -1.6196796620943719 1.7687010016918823 52170799250653
-0.13175669392852818 -2.201676346862996 0.0018870708847558149 52170819392358
1.0553124182946776 -2.441944104834146 -2.3766153432921957 52170839534064
0.8870966143232422 -2.2698760846485673 -2.9400495988525064 52170859675561
0.24805619770859377 -2.134333484906353 -1.3889659486132553 52170879817215
-0.09983385042687498 -1.9653647371438323 0.6134366161093958 52170899958817
0.03979844700224988 -1.7538225514338155 1.3669577889812667 52170920101044
0.7864041872893 -1.3038637052095527 -0.5438727336587368 52170940242019
0.68627667014394 -0.7578004368238922 -3.5294585384894894 52170960383518
0.12443637517765194 -0.22390392367786394 -2.6723095065728417 52170980525535
0.06707839701712148 -0.05417196706729044 1.2912905783354764 52171000666877
-0.021764528480052836 0.4842259029086673 3.8140749431371317 52171020808686
-0.2174238298152923 1.2376614840456837 2.019814642009705 52171040949976
-0.1992442396334838 1.805046179424047 -1.349199555923486 52171061091577
0.28567296766821293 1.9591126271329884 -1.1201555431762888 52171081233126
0.5190168897595704 1.77418707436264 1.505535721708969 52171101374781
-0.9782557264735938 2.325209034490113 2.7972996711171754 52171121516434
-1.9298335850851251 2.9244372471233415 1.3211649322062402 52171141658036
-1.5971383524431002 2.492772453948673 -0.07961590579750766 52171161799637
-0.2900886116419801 1.542704291283938 0.6249425292682438 52171181941186
0.7285736419364159 0.6769368705271503 1.5259916210708449 52171202082840
0.32859865964288293 0.4174772307967203 0.894023277325426 52171222224338
0.16611379099555634 0.3169407690123762 -0.18887073360840922 52171242366669
0.487566325765195 -0.11004601760259902 -0.5384378954804774 52171262507645

