0.487566325765195 -0.11004601760259902 -0.5384378954804774 52171262507645
-0.2747540682940941 -0.2955929664258292 0.24537273049061792 52171282649143
-1.0081699538540252 -0.821594002046913 0.8927947664237443 52171302790691
-1.2172659435519702 -1.57622051413753 1.1365258522014954 52171322932293
-0.10186451265407603 -2.431130219903773 -0.48459035339505396 52171343073947
0.8733667883142393 -2.9312811290480187 -2.4559706225597933 52171363215601
1.0245723369013915 -2.9570122079259153 -2.2912535488290846 52171383357203
0.6670943929586131 -2.795980860090733 -0.6669872140632678 52171403498752
0.11210569014814031 -2.591496602135086 0.31171052171813574 52171423640561
0.06729685680601216 -1.977909195770569 -0.2982267974692414 52171443781955
0.17565145028855955 -1.5509919073977052 -1.1032420825066431 52171463923660
0.03856803523084773 -1.3433570024806638 -0.8157235488178145 52171484065158
0.20373040474717818 -1.0367705629220314 -0.35779124139800156 52171504206759
0.8026205542664926 -0.7437719190876253 -0.6619654149934011 52171524348309
1.1480168535694442 -0.13378706652010042 -1.299420964807221 52171544491160
-0.004242767144444604 0.6437882178776704 -0.023911771845776864 52171564630835
-0.9296881590280557 1.5198035235208867 2.8065541762733788 52171584772332
-0.3458623436286945 2.5903667445979597 3.0023844542999534 52171604914038
0.3833687188470445 3.8618319698971177 -0.7293058154662875 52171625055587
-0.8923406694536145 5.0818361813864446 -2.09617658596678 52171645197293
-1.3796806410316416 5.423012890421656 0.7259640046640761 52171665338843
-0.6293792784503132 4.385236484212324 2.579660363887511 52171685480393
0.026477045989749648 3.2287946561198595 1.5379470411100087 52171705622984
-0.04505371477070019 2.2787388498958876 0.3140856602317572 52171725764585
0.43558788755844 1.6054861971042111 -0.7728769796270942 52171745905822
0.7076622045780021 0.5428118092458689 -0.9458040251079254 52171766046850

