-0.008691984009697576 -0.013228260518234336 -0.23342511813617328 168896044495600
-0.20874802080150806 0.14538662986666218 -0.5556731999776887 168896064637202
-0.4744569127349565 0.25783762420583045 -0.37239500529465097 168896084778543
-0.2775147489379652 0.27086970873966365 0.2944790152955292 168896104920666
-0.1512476389941222 0.24840963417923057 0.7996090911426736 168896125061954
-0.14354449791404778 0.5330782932808837 0.41880104244538874 168896145203295
-0.31643471942498824 0.8460182986872073 -0.16836492776243905 168896165345158
-0.5496321505399906 1.1660968655122659 -0.027404344553701332 168896185486550
-0.8591149001194925 1.2806313986598123 0.4343265243570389 168896205628309
-1.206151783376844 1.1405207439278513 1.1893435437043811 168896225769806
-0.35931839935772514 0.7890889584235321 1.451120831057255 168896245911460
0.7919886398888198 0.5797330808013257 0.4055011570333038 168896266053217
0.2956148376923059 0.7909593162035602 -1.2883920431233569 168896286194663
-0.13122053218990537 0.6066810271815992 -1.3645759391861856 168896306336316
-1.0853353124706744 -0.07052676028597205 0.10118592833855145 168896326477814
-2.0178043827890395 -0.781592306666278 1.4705605590770912 168896346619415
-1.4075052249812319 -1.6132987476767724 1.6232257910116732 168896366761225
0.6299894723587645 -1.8181170254851668 0.025973210934338464 168896386902566
1.0457030036682617 -1.6795180344506342 -2.1203835406275293 168896407044428
0.7913353521533595 -1.394114915841758 -2.974553902814524 168896427185769
0.5655389848476875 -1.4660487686109072 -1.530741755064119 168896447328516
0.15553177381564987 -1.5640865734824754 0.07413706469870496 168896467469441
0.32872229405251985 -1.328832735348481 0.241450765040214 168896487610523
0.2463762727420158 -0.8642624773412848 -0.9494663410928288 168896507752436
0.17263812756861263 -0.6148352748417771 -1.343105787718013 168896527893882
0.1806642129923901 -0.6460186104984214 -0.6819065051744104 168896548035899
0.17016613601891217 -0.7299496540237369 0.10123993257922165 168896568177449
0.36132822131512976 -0.7417233950939899 0.8191145046571273 168896588318529
0.5530152137708539 -0.40941875513769155 0.38457627169445185 168896608460496
0.5148486944541832 0.1444132380773464 -0.46057628733193856 168896628601994
