-0.20624442810010457 0.43660095530774523 0.240888519583285 168901180604572
-0.2397514018550837 0.9204477564336964 1.0055648195728781 168901200745704
-0.17045102382781696 1.4251887715532074 1.2376061525333026 168901220887515
0.047257345000246476 1.9677999430238158 0.07847603530789216 168901241029167
0.6076545088126972 2.3962004036378026 -1.0312133123786862 168901261170457
0.5023833726751578 2.6762010455664917 -0.5661571733404491 168901281312162
-0.12964847764112386 2.7411073208281937 1.0310830503901407 168901301453972
-0.2408403641441491 2.5613673019750554 2.2841559910933626 168901321595262
-0.5581508069403193 2.4399996032987943 1.5327813358434401 168901341737123
-0.7843380283647554 2.5012672607640347 0.23439157258100218 168901361878674
-0.06603243441055429 2.297156386736228 0.1449473400960517 168901382018972
0.5773498337215566 1.8250420039202329 0.7757479111393413 168901402162085
-0.0742407384915047 1.1027093843861877 0.9584767468802231 168901422303321
-1.8123222782932038 -0.2867900120222995 1.7661222178166787 168901442445132
-1.9793866312283133 -1.8380379666490896 2.5258494344095928 168901462586525
0.10671286298609939 -2.7329547873817717 1.2094246647151743 168901482728543
1.4480900169513795 -2.543504943186667 -1.7198015768216108 168901502870092
0.4296390057486035 -2.1586076654868336 -3.352306105207289 168901523011381
-0.41811740868236735 -2.365301659733218 -1.5693204701033316 168901543153452
-0.11099539178964402 -2.7863331246615743 0.7563112020423346 168901563294636
0.4134741943807847 -2.729750093479259 0.6918531608526179 168901583436238
0.7874566015983777 -2.3286487075959075 -1.1144251861616556 168901603578308
0.8028656719037022 -1.7800942590454758 -2.016332629398075 168901623719337
0.5088941000229618 -1.4674958173926305 -1.3752365136747098 168901643861303
0.31258403001836943 -1.2096167711016044 -0.30044555859601774 168901664002592
-0.1493224244228044 -0.9437066004750339 0.8252197249981859 168901684144246
-0.41086418953824344 -0.39123237022377744 0.3147778307797988 168901704286264
