-0.5487475039743448 0.2666771897584779 -0.869881836938661 168901724427293
-0.19428364771072593 0.427074661963033 -0.3966256843946787 168901744569311
0.07129427323766935 0.4593843389454264 0.566219960296757 168901764710548
0.19951588734013548 0.8402003422500908 0.7820287026124058 168901784852618
0.6842831200283584 1.519657832393822 -0.1536250847850753 168901804993751
0.5556906561789368 2.199429879196307 -0.7532833686093101 168901825135561
0.3281340679118995 2.7124003486695454 0.12771998480005187 168901845277110
-0.6488696987954805 3.017613150029387 1.4619904409650415 168901865418556
-1.0734780832551345 3.017130070804761 1.9085449894907835 168901885560521
-1.0545710408228577 2.7641190957063095 2.137297417373877 168901905701811
0.08012246421671376 2.375284534377549 1.7147695745241016 168901925843516
0.7223987526233708 2.0006426665645396 0.3780412455567812 168901945985378
-0.48841400571380333 1.6185561254391327 -0.4925010855858254 168901966126564
-1.939010013164793 0.7401818144138055 -0.1806341692499105 168901986268530
-2.5109248074068344 -0.6852837476877056 0.25861766460007196 168902006409767
-1.4467769553004675 -1.8543305137751656 0.15423299886755748 168902026551472
1.0665408381033759 -2.4770923407076335 -1.045473464187204 168902046693178
1.7736306197014509 -2.1807461381911057 -3.1528826775997634 168902066834675
1.0539752965424107 -1.7108078480528857 -3.674747548329811 168902086976590
0.16279693645267868 -1.7094665909423092 -1.1147492105388488 168902107117879
-0.06088793911910706 -1.956623565722598 1.6669774870376712 168902127259428
0.01867246120471444 -1.7184482666405785 1.307080524786387 168902147401239
0.26985740255752155 -1.3531277539374624 -1.1272847989208905 168902167542631
0.5522628751710172 -1.2267404843999703 -1.8553678781992125 168902187684546
0.7417248509180638 -1.2761555711137262 -0.93990953693437 168902207825782
0.543514158078201 -1.2333756287659803 -0.15903212173499592 168902227967436
0.35373222490006073 -0.8919251123877849 -0.31492100988799676 168902248109350
0.20342035023254867 -0.4194238789727285 -0.9684651282228974 168902268250535
0.01631294034228903 -0.2387739664594335 -0.5808756182033179 168902288392294
-0.06580706960116878 -0.2446690755112968 1.1903898374685957 168902308533894
-0.45514809708718507 0.06460409505971221 2.1794969285686268 168902328675600
