-0.45514809708718507 0.06460409505971221 2.1794969285686268 168902328675600
-0.3824778526697481 0.7733263424540198 0.6483338709799014 168902348817410
0.4774649834892015 1.5364833395882158 -1.0593114188410788 168902368958648
0.9003557758538612 2.239806788858072 -0.9273929827291132 168902389100405
0.21164204255808894 2.5980099818677083 0.7115157895979595 168902409242319
-0.6601785534535289 2.6984031026816666 1.8142077488658677 168902429383452
-0.6169856162003233 2.8219915251140844 0.7259511600301942 168902449525678
0.4404447101647415 2.7706059154037668 -0.6110115329133448 168902469666707
0.5893430728192932 2.3764456698230134 0.10751645726307424 168902489808360
-1.1258399948695654 1.8943083913271614 2.1706323064354596 168902509950171
-2.6334356677706525 1.1748705411867295 3.2540717631171177 168902530091407
-2.569272948279022 0.01706928451188361 2.5016582893999444 168902550233425
-0.935130272685718 -1.1916058028592431 0.6189413776137056 168902570374662
0.9148230279451757 -1.9833017321311441 -1.2498298080652859 168902590516264
1.440916039543641 -2.2184529091424157 -2.2344951941084785 168902610658126
0.9133285347599127 -2.1928287335639336 -1.6086654912242828 168902630799728
0.18253050358918022 -2.3301174790386465 -0.16652223672942634 168902650941382
-0.06724464009740583 -2.333991444168417 0.4330785973352089 168902671083086
-0.009960262859174396 -2.2246516514284824 -0.15956739556933286 168902691224480
0.20549614518141057 -2.1234835281740363 -0.7276661234867161 168902711365977
0.6031054122388784 -2.048615924101729 -0.6640786995706229 168902731507423
0.5977919469786028 -1.7913951806876334 -0.5417854205939985 168902751649494
0.4454576786766322 -1.3013778633001065 -0.7464044106939489 168902771790782
0.19595354528505582 -0.9077770953275852 -0.5485639582426594 168902791932489
0.17393812919679474 -0.7071176723558175 0.0755165091871226 168902812074038
0.12215831585743575 -0.4570393527284038 0.2993902581309482 168902832215483
-0.2231351637203014 -0.1450748415577232 0.5195903315047585 168902852357084
