0.07816911511750901 0.4071334861288207 0.3803573237975568 168902872498842
0.019029432719007033 1.056358644371807 -0.4712512503369546 168902892640339
0.25339493289395554 1.4582216811224455 0.013978003636686331 168902912782097
0.3771055947526645 1.5698976573979566 1.125525664628099 168902932923491
0.5050414093958815 1.9057960556058653 1.1923638910774796 168902953065248
-0.030830153733294896 2.7520660437034437 0.021212890205733803 168902973206954
-1.021612365174136 3.370354006837754 -0.44130605502291287 168902993348295
-1.4742845210455588 3.1287417015639534 1.0726021286379197 168903013490105
-0.8629115035551971 2.224258009688663 2.633374671660336 168903033631446
0.20414101199959234 1.7597164663446812 1.8054790342032687 168903053773101
0.577546208037174 2.143210184794496 -1.5661880616998856 168903073914910
-1.4155265101327608 1.9671560384605975 -2.4445398048286586 168903094056303
-2.461986637793709 0.849261940143478 -0.19741651183167708 168903114198166
-2.1436371617974674 -0.5988741392914676 1.8422743100659082 168903134339610
-0.5830615849067238 -1.6217628856519237 1.2298619285214767 168903154481473
1.2136044430121213 -1.9808819882090383 -1.0546968829640688 168903174623021
1.3245822848784474 -1.9111093991609813 -2.6780470571525052 168903194764259
0.974961238059008 -1.9104793162037854 -2.530377098847004 168903214906173
0.6365729943534562 -2.284779937338028 -1.4535375189213533 168903235047931
0.8745293915765151 -2.556986547526673 -0.27695355029333246 168903255189116
1.0510883570112122 -2.4494954880213378 -0.038432957422166014 168903275331134
0.7777481270152198 -1.8893449255733206 -1.292355252656483 168903295472632
0.500958267237176 -1.4446424443649066 -1.7798925029064363 168903315613920
0.5155981567584909 -1.4413340726794255 -0.5557377327938992 168903335755730
0.5768217871255428 -1.4819857151747904 0.29171352470238066 168903355897384
0.8908641679816842 -1.385136911983583 1.4056120306994047 168903376038725
0.7402426039165975 -0.7517984944306164 0.46959460502827377 168903396180743
0.05088548938327797 -0.19894856116949278 -0.37155331988363105 168903416322032
-0.5175557686496277 -0.038101720029343866 0.21586769565559516 168903436463843
