0.5148486944541832 0.1444132380773464 -0.46057628733193856 168896628601994
0.2641372563445966 0.550918774055627 -0.3612832954905508 168896648743439
-0.05662232383057275 0.9208497653382519 0.3183097893888094 168896668884989
-0.35666260515820825 1.1922340114893508 0.7869964643235475 168896689026954
-0.32710254506406666 1.4445464865352307 0.336970218333838 168896709168296
-0.06898184073875324 1.6441747868844345 -0.8448281222079297 168896729309897
0.17090095319024734 1.6704667826325483 -1.2083942360475937 168896749451394
0.0812398055209479 1.662398816731038 -0.314176326338075 168896769593047
-0.20513755011449164 1.720910264322331 0.8807146029920401 168896789734650
-0.5203478330603433 1.8362496958328638 1.500287014424882 168896809876512
-0.43943500472952457 1.8114191902600414 1.2627540256024057 168896830017749
0.28965072668513037 1.6101827154892838 1.0324566384506746 168896850159454
0.7242620852543543 1.4534293755164285 0.7576669709167896 168896870301056
-0.11058056617151657 1.2813470160381417 0.02681228767093158 168896890442658
-1.7616944334059634 0.5909223393930141 0.22649133404299526 168896910584414
-2.027202226412271 -0.7156654487980898 2.1244547859843963 168896930726173
-0.5719815076923167 -1.8204937848197211 2.7783235944125173 168896950867463
0.5161086415023965 -2.246543953637026 0.8457057505300138 168896971009220
0.6070763663269174 -2.1901184636908706 -1.3149759269197387 168896991150665
0.32832466728028376 -2.1824048295464475 -2.2254792766920413 168897011292318
0.30965680413672714 -2.3672617542621595 -1.764563108853633 168897031433869
0.6940633339343818 -2.531797684659727 -1.0584888659891565 168897051575418
0.7706437335537555 -2.4674913703840318 -0.8173599404475753 168897071717175
0.44898568996800436 -2.0340394830259747 -1.0384582648580603 168897091858568
0.3253262472869035 -1.5062843207957801 -1.2979785259489482 168897112000483
0.23438209157952283 -1.229063101167874 -0.07262354341540855 168897132141929
0.2261897552948683 -1.048106437965549 1.4730901301114234 168897152283425
0.40788051517339463 -0.7066003847474391 1.0518973970578889 168897172425132
0.48692452932621566 -0.16752640154795184 -0.546055324541189 168897192566577
