0.30243670296362435 0.20860062581113326 -0.9280580805152602 168897796814050
0.35861196002714946 0.8389019850239068 -0.9987697065997082 168897816955600
0.05950919692796952 1.2789585020816254 0.06419224253273345 168897837097201
0.17155755285487562 1.5743508836965505 0.6383655127761868 168897857238699
0.37036371806515056 1.9435993593009897 0.2704336211584495 168897877380352
0.06916695101462045 2.2006680616595418 -0.32488845463574045 168897897523100
0.19793609987419636 2.2448972422963838 0.2859632597289077 168897917664234
-0.002161374006892869 2.183210274305857 1.1828843773143762 168897937805574
-0.42075986092426443 2.1308943913196856 1.740301642476501 168897957947332
-0.09437156061441154 2.1544835794619974 1.2712208061687007 168897978089350
0.3815828296334708 2.114224070600848 -0.11415128475253944 168897998230796
0.2716969277692767 1.9135960533556773 -0.7247805004582817 168898018372345
-0.6629281023158287 1.4083914911220425 0.7531589980708748 168898038514051
-1.842207716227663 0.4320598725851337 3.37670932736295 168898058655495
-2.3537710557946303 -0.8003481956818934 4.07677029392161 168898078797045
-1.0050017079169544 -1.9123244549830147 1.9655300046685387 168898098938803
0.8612208016351866 -2.451160833517662 -1.0788577345464194 168898119080248
1.2917720514643993 -2.4584140183766294 -2.9542360899808857 168898139222111
0.7222237935152696 -2.566950941263805 -2.381919145422209 168898159363972
0.3039997379372157 -2.8350304795735433 -0.970208167900267 168898179505157
0.3634268411310224 -2.8866401063150846 -0.3450019835389635 168898199646811
0.550177508061068 -2.585544995208318 -0.40128234854992084 168898219788725
0.38886026816760433 -2.0935702735104043 -0.9131401366524368 168898239930066
0.16318782390908348 -1.6685329766208232 -1.0654242186969496 168898260072084
0.3489828763147669 -1.4253659320779093 -0.34828664058255976 168898280213478
0.5476555393330635 -1.1259861050373274 0.3645103359714523 168898300354766
0.26487003693520095 -0.5557327316861125 0.131891471902162 168898320496264
-0.06980563060808931 0.13928832636985966 -0.7650434631032703 168898340637918
