0.4453237803336716 0.06987566387407806 -0.6196870306436355 168898924744728
-0.07547925698306268 0.38672328500551245 0.36108631298509164 168898944885704
-0.4263868235552002 0.5403112451919103 1.2064837964818234 168898965027983
0.05781632240583989 0.7908549531847786 1.0473403574979587 168898985169740
0.840149542299672 1.2284847437978232 0.617657442248367 168899005311863
0.6578129932147376 1.72260713097576 -0.04310549151380638 168899025453047
0.5378592812905401 2.0289768180618584 -0.0711543150860452 168899045594389
0.29455744456368205 2.4198123138244867 1.502390512774914 168899065736303
-0.45449076309905445 2.8933571752783394 1.7708821367824312 168899085877540
-1.0643250323542437 2.8733405253789215 0.511615377394695 168899106019506
-0.861982486820895 2.194729549209388 0.5303738448845061 168899126161160
0.20660541679328404 1.272018990930011 1.0080026891888547 168899146302606
1.4542980053096273 0.5297489818065095 0.7686702177573341 168899166444154
0.7088485604977018 0.3221634432577076 -0.1950125562628826 168899186585600
-1.7205554289455887 0.22367313741866646 -0.8830486192290561 168899206727202
-2.425296882218971 -0.6639325838150683 0.1905581749292553 168899226868907
-0.9735627010876771 -1.926898020177056 1.6778737860371544 168899247010457
0.5621532570986085 -2.7662010333291445 1.3157975639859734 168899267151954
0.9736850080226369 -2.7080169790070645 -0.4396837261549713 168899287293765
0.8996999595431097 -2.1303173917994016 -1.9254896567052273 168899307435157
0.34908125669698764 -1.9957822337520206 -1.496959108176682 168899327577019
-0.0325758149549098 -2.022553521376617 0.11420029158365441 168899347718777
-0.513316511338928 -2.001905121788793 0.9910428504544235 168899367860431
-0.3066981309461425 -1.7606915778997845 0.4415647491135388 168899388001721
0.04906288196183595 -1.2755576568510776 -0.6964674389904189 168899408143218
0.07985089150696867 -0.8595452465746121 -1.0333946543173351 168899428283830
0.13578012726807498 -0.6109394199159395 -0.5670843757976183 168899448425535
0.01881697290821016 -0.3828921609327516 -0.06724171938809476 168899468568699
-0.075022105267182 -0.14431421702745162 0.28502498386452424 168899488709727

