-0.5727884613281877 0.06676864347019418 0.5839025582414294 168900032532866
0.06122723874994973 0.501498410869905 -1.3400190666881067 168900052674624
0.29877427146870983 0.5310693341646742 -1.0258604681942354 168900072816485
0.37838709295621786 0.4052509751442397 0.07634531685086166 168900092957618
0.36982393217747433 0.7098453113653918 0.31907185894943924 168900113099376
0.7738254543357295 1.3180349404985634 -0.5512366534654486 168900133240821
0.7527761837810836 1.9746183820863514 -0.9134014321473589 168900153382527
-0.011475342037633118 2.3981029087940815 -0.5545370636866372 168900173523087
-0.5569463869113565 2.5696175809415145 0.8792951537381903 168900193665001
-0.8159794728103351 2.6604548069407112 1.2078062401780523 168900213806082
-0.9309574063732682 2.715375564302569 1.0939183319861918 168900233948100
-0.36300322978611455 2.495933263942055 0.7580082007452034 168900254089233
0.25682642007735823 1.9391294236536432 0.6858499199711627 168900274230938
-0.2744460905006134 1.2248997303291649 0.9860578656644305 168900294373686
-1.733253161462991 -0.1139400790179188 1.1807286167502946 168900314515027
-1.7912289940141428 -1.6386862429018354 1.9240384598064857 168900334657098
0.5727052813511859 -2.6010612990089683 1.1041111389389382 168900354798855
1.6375099282059489 -2.826332437644675 -0.7796261279113494 168900374940301
0.9151593097522592 -2.13943509074074 -2.5671823476415794 168900395081903
-0.7893203061044427 -1.6624269788425927 -1.1031965617070136 168900415223452
-0.8697985300398043 -1.774228692449073 1.3739368912593894 168900435364845
-0.3563368709068433 -1.7269879344280081 1.4742715833200117 168900455506498
0.29873177280577545 -1.6968735506674069 -0.5202165224064905 168900475648204
0.6809287776196205 -1.604727844440176 -1.4267200929251924 168900495789754
0.6879925338144464 -1.4042046388333906 -0.9045474610589039 168900515930157
0.30887791377030727 -1.3354486720042127 -0.20793972665962324 168900536071707
0.3175124872662458 -1.2815303243221203 0.3191462655473014 168900556213725
0.5510558882504966 -0.8688399821139461 -0.14585486256215896 168900576402774
0.5470458824753974 -0.22390499350365722 -1.8484709994247273 168900596496667
