-0.22062970370630808 -0.02772876481425879 0.30466482065349165 52157102961719
-0.15420151687129646 0.4954317342423433 1.4947938682415434 52157123103320
0.8422882005654628 1.2411940202063745 1.7763648797494849 52157143244922
0.04325194717112013 1.8055162513213494 -0.1895404204191622 52157163386418
-0.34758838366935385 2.50897598933833 -0.41527979727282993 52157183528021
0.20813534775201692 3.1375274711581636 1.6461819239004862 52157203669674
0.2058393328891135 3.6137451214577823 2.506081281307889 52157223811223
-0.1528700375949592 4.1275683627912265 0.8065862164525615 52157243952773
-0.9860777683572173 3.967997073045481 0.47070842628704934 52157264094530
-0.610993562342024 3.2144367209363853 2.07143978790464 52157284236133
-0.8389901623736193 1.9553994744053593 2.547959935792462 52157304376432
-0.8937995517738955 1.278028075618037 0.2604382611339693 52157324518085
-1.6325201101691165 0.3013165034631786 -1.227098609842825 52157344659686
-1.1418681389165437 -1.6457143753544567 -0.24797527459300994 52157364801237
0.26913488339801495 -3.670660855752315 1.2813194873568419 52157384942943
1.227307418437162 -3.846843626008102 0.8794012930104733 52157405085637
0.8412209347497299 -2.128720017993981 -1.1067816999666213 52157425227395
-0.35728448266896606 -1.8311620495514358 -1.712610418567047 52157445368841
-0.6099242658226727 -2.193555127922398 -1.4033402879786379 52157465514556
0.02923588031061186 -2.5227518171816676 -0.43187633194541064 52157485651939
0.6345215167484897 -2.3363655162453343 -0.6283990147750789 52157505793697
0.339233424336292 -1.8317633114337681 -1.321640110257563 52157525935664
-0.0606689245934664 -1.6697075241470145 -1.1792969514873004 52157546076848
0.1911743329814768 -1.6340936560363621 0.23120843490390985 52157566218450
1.0049902476351813 -1.27714797170409 -0.22737456067062212 52157586360051
1.131262705920645 -0.7979634945507721 -0.7674465235364978 52157606501758
0.6502738366115162 -0.20680341282811732 -0.502287296954198 52157626642004

