0.21741093352605367 0.024771125746340772 1.152532777837115 168922510560528
0.42567435228959294 -0.6868237244029274 0.08490464023844169 168922530702234
-0.2400513384808256 -1.2798789013973426 -0.9203087096842468 168922550843731
-0.6018189028159107 -2.111036910180374 -0.9000409130598972 168922570985385
-0.20517338397147844 -2.80461321955055 -0.7410654452916678 168922591127091
0.40594185922906734 -3.0983902826716907 -1.1239802859208345 168922611268432
0.6293921592582541 -3.121473456606102 -1.949806787330418 168922631410034
0.9190166570941034 -2.876109429347382 -2.5873844923643343 168922651551791
1.1258627397377827 -2.4686243598841564 -2.364792847797718 168922671693498
0.41240894179022614 -2.0371919683760753 -0.9624397469881741 168922691834994
-0.47417440906781905 -1.5804615825133608 1.0691229094407106 168922711976440
-0.5061827889730053 -0.8990250277294392 1.7853764525525686 168922732118198
0.034201718040345774 -0.08767705343355203 0.6117606346983049 168922752259799
0.04464653068227653 0.45002437287815855 -0.4795734258351061 168922772401297
-0.4416265254541787 0.5667089514275263 0.12683930620691508 168922792543054
-0.8599784664570931 0.500889133798271 1.5276066988717822 168922812684605
0.20596253933432562 0.765274295319867 1.642153718472426 168922832826310
2.350963879123711 1.6248781276621438 -0.27618181037830913 168922852967859
2.6852754978302187 2.699438634942215 -1.7554303115838974 168922873109304
0.44465594513917495 3.4676197556100234 -0.862889171142118 168922893251271
-1.55430942357616 3.674620706831769 1.9566124912113056 168922913392561
-1.0815334763609281 3.3542595537466653 3.555683059375295 168922933534265
-0.4903122303074925 2.9388397719035826 1.894790588125236 168922953675867
-1.1096448037772442 2.4543310948666175 -0.543335009968561 168922973817208
-1.0369345930217955 1.726331086830795 -0.8361450587560988 168922993957873
-0.2836004087924364 0.871653248370885 0.010234343620120878 168923014099526
-0.6587650926589492 0.11545004010295834 0.1809413811460967 168923034241544

