-1.5794788275618488 -0.0754367392744264 1.5911938607912028 168918401673498
-0.7113613823619791 -0.9570534929820411 0.38037696363296236 168918421814942
-0.12890355901458328 -1.8178156459481318 -1.0053419837811304 168918441956649
-0.049595015180416535 -2.6152266378522544 -1.3296397979624044 168918462098145
-0.05953685198808323 -2.935320958719302 -1.5230013891511738 168918482240008
0.8359398543470336 -3.002040946662941 -1.3941091191334392 168918502381452
1.753859305352627 -2.8645600034241028 -1.1162760648380015 168918522523107
1.8826284599071017 -2.504343315239282 -0.7542879417141513 168918542664657
1.2642448577694314 -2.001216351410176 -0.43547381040257105 168918562806309
0.2095160034030451 -1.2632167334718911 -0.22383070847830688 168918582947756
-1.027479970715064 -0.6092672344337631 0.26314734727985467 168918603089461
-1.3251211836033012 -0.34676437348451117 0.8813186590738837 168918623230906
-0.4421770250076409 -0.19798034644385876 0.193482661634107 168918643372664
0.3491758604626374 -0.049143554498837005 -0.7502675816302145 168918663514161
0.2207957664951099 0.07838535171343075 -0.7275211942104216 168918683655659
0.10891200382108779 0.34688796887074425 0.3549337282254128 168918703797521
0.2853595835256202 0.885054320409095 0.6983512794553304 168918723939435
0.4756021199454963 1.5549428703897767 0.0484271173142643 168918744079890
0.23931958658139707 2.0826505853743216 -0.2381015678673386 168918764221440
-0.028038959641132344 2.4647044526744573 0.24906952695612916 168918784363354
-0.3321601716191559 2.903489636358316 0.32851587547115324 168918804505685
0.06361756582967537 3.426502646586652 0.04557637225192246 168918824646869
-0.4534028223362597 3.3990634453943223 -0.3229016951672121 168918844787847
-1.3437159102127578 2.9589114008467075 0.1562294251162304 168918864929449
0.1253080335485437 2.1120998238023656 1.3334796338429844 168918885071102
1.2177146885575851 1.289338062166891 0.8237050937931376 168918905213173
0.6323626688148181 0.8449592192647621 -0.45669754605923973 168918925354721
0.4934267561456045 0.11007382072430971 0.015415888933858035 168918945496271
