-0.674460507212691 -0.44440086345969476 0.7694457356997684 168920979799435
-0.33794487061390277 -1.2135162962365058 0.4999682096535647 168920999939838
-0.20120306445987213 -1.7487671385517043 -0.9000742604021483 168921020080815
0.2964472164008525 -2.529616738185114 -2.0102205411342187 168921040222469
0.674853085620682 -2.903417511641841 -2.2811744797823748 168921060364018
0.7949239724027957 -2.9647994390009735 -1.85993714241965 168921080507182
0.30931564276598644 -2.9099987308882795 -0.9552470772169701 168921100648315
0.2645057368690391 -2.681331504241875 -0.5664315484923261 168921120788875
0.8076861324639812 -2.2597136408934997 -0.740364477075111 168921140930476
0.911981425502435 -1.7301830220897996 -1.1183413863475888 168921161072078
0.609126156026948 -1.1144808903280898 -0.7795730114218211 168921181213627
-0.20981821580344162 -0.5470168411687215 -0.10468868257495689 168921201355282
-0.9591875804552532 -0.08850458621622792 0.8510024719087845 168921221497090
-0.7821694003017026 0.23254105758951749 1.8363805908082778 168921241638432
0.4467254172586381 0.8535255218528643 0.9985234179591223 168921261780034
0.9413525017756605 1.6743121167010413 -0.45923790625770233 168921281923042
0.07686129829552846 2.2961269394545827 -0.666914250787412 168921302064487
-0.5637184808948272 2.6641964734386665 1.1182508259325705 168921322206141
0.25427423872163823 2.958468995157183 2.0669395279335565 168921342347586
0.7043593323835606 3.405495899250747 0.8667718371905955 168921362489813
-0.4064832372181515 3.6685861725255986 0.3520356338149764 168921382630789
-1.2402988944620212 3.283306438020478 1.2332642492394812 168921402773067
-1.678518412444617 2.3173067715101325 2.521145090797835 168921422914200
-1.7035202963619436 1.078027546114356 2.419247615607018 168921443055803
-0.42160529958955495 -0.15272688888976482 1.1798561002981147 168921463199070

