0.4295221702155696 -0.389730200204621 -1.4230504626372897 52173377427945
-0.5135111700775443 -1.0519697070386975 -0.09870648339108179 52173397516525
-1.1856258305932856 -1.757054281255959 1.3599874500058844 52173417659532
-0.39566863322462886 -2.650162467973516 0.7283097842234572 52173437800874
0.9193049371702968 -3.3322149353163137 -0.9934385984024843 52173457942527
1.4346016645799877 -3.4592778076280517 -2.3047240232532378 52173478084025
1.1352423668202403 -3.274587773446193 -1.8974901561025903 52173498224533
0.45995170595619217 -2.801994437506954 -0.30241595300707225 52173518367540
0.08312249757745382 -2.1807679132868127 0.3709700696255922 52173538509195
0.04017963868696306 -1.6363867915669497 -0.3162610536745263 52173558650587
0.2346095312620704 -1.1812285738785597 -0.8057310109083713 52173578792137
0.5863692656346564 -1.031652780977848 0.09816421471080305 52173598933687
0.49674433828897513 -0.8212572833760277 0.7300694577061426 52173619075392
-0.08469681452506994 -0.1677968423258216 0.36509804663366396 52173639217046
0.066178095254944 0.5625154558268424 -0.12230144550556887 52173659358544
0.11469784729770516 1.2210206654427243 -0.3503924259357052 52173679500302
-0.24963576513058583 2.1448096964166794 0.2856040280014358 52173699641747
0.14450525508303125 2.967959573539593 1.3266399606823986 52173719783400
-0.6296472607773251 4.138784162737924 0.9366537654209188 52173739924949
-2.26997757424686 5.458256334096589 -0.575676987663265 52173760066447
-1.105117801584988 5.168863368058522 -0.8685738166931121 52173780208152
0.9043334931070095 3.4435989952280686 -0.9688092486669899 52173800350118
-0.33427246332689253 2.112362106338704 -0.726536656746092 52173820491304
-0.9678208026927639 1.270419470227214 1.1655113972593765 52173840633322
0.7139269515957889 -0.06224108397447736 2.2537958365575013 52173860775081

