-0.22016174024384827 -0.2801304354158063 0.4519871510074096 52171786188453
-1.0199282203200786 -1.2681229030201457 2.5877249747121778 52171806330105
-0.6110719707873127 -2.1265832833536162 1.8060808586759922 52171826472333
-0.045974275848600143 -2.690805200901643 -0.9165977154029563 52171846613934
0.31302526682112 -3.1143995318150637 -2.6153094223223654 52171866754807
0.8573782212693961 -3.4024815395145502 -2.439037088639142 52171886896408
0.9167253309217669 -3.3368411886428895 -1.8214933427863138 52171907038009
0.7446107334874135 -2.9075833024768123 -1.3993821742290513 52171927179663
0.8250587039774309 -2.476225333387701 -1.3837757589144912 52171947322202
1.0229253811506949 -2.126500286241411 -1.060780372756593 52171967463960
0.6493095432018058 -1.732962924305629 -0.0341955872677745 52171987605353
0.004201052530194649 -1.197161355069503 0.8267572997170305 52172007746642
0.033329103742905763 -0.8274922676493528 0.41528767571112446 52172027888505
0.4476105486193246 -0.5574772125569822 -0.15601448833735043 52172048030054
0.4065869740517097 -0.0011209302018357903 -0.17184528207613026 52172068171656
-0.025914502789882277 0.7551335292760317 -0.3079352100359042 52172088313309
-0.10419107488815582 1.355669323420825 -0.4119975820912234 52172108454755
0.06352214008947532 1.73169122045541 0.31011140698327133 52172128596564
-0.36010758089716977 2.1096571755830773 0.8609553365241172 52172148738009
-1.004663213155236 2.596514802966462 0.8478707145317939 52172168879558
-0.8691846720866887 2.8251854751856698 0.7021613177191852 52172189021368
-0.42193465173185096 2.5547162512422865 -0.0016010239496517809 52172209162866
-0.6248524088854808 2.3840562041188296 0.05786224724652844 52172229304624
-0.5411661067958846 2.0575257250138126 1.702832766547223 52172249446018
-0.29307692840545774 1.4847168690735497 3.4040020530815287 52172269587723
-0.5866710153806163 1.143107967915089 2.4749716619964732 52172289729273
-0.5653939412107432 0.7788540501133223 0.05743094287842876 52172309870978
-0.023469938124844658 0.005907947121908563 -1.542812569916007 52172330012423

