-0.05059230935285375 -0.012685972853306637 0.6220883515160756 168989541803845
-0.30449972638853295 0.28325942484235433 -0.4426369359746394 168989561945811
-0.3126061287670764 0.35924914143638453 -1.0728595487797117 168989582087360
0.003381893861338914 0.29740907877410727 -0.4317495530862694 168989602229274
-0.06318803959842889 0.07833253645678617 0.5071516270622345 168989622370824
-0.35623890824124316 -0.05078611927207177 0.8776573368060374 168989642512373
-0.3366512828429946 -0.008622059480156707 0.4731341702260803 168989662654287
-0.4679660458056456 0.10560235241587534 -0.0672934450691356 168989682795889
-0.3331252780507665 0.39045112021395134 0.0947858494134417 168989702937179
0.7787756564656367 0.5917432203899118 0.7194444021870035 168989723078831
0.9964091970475095 0.7686460411556801 0.4545350139371025 168989743220433
0.10070401779425764 0.8348875360495445 -0.10291251619406783 168989763361410
-1.280130145139594 0.32788317337088557 -0.3228939777990041 168989783502856
-2.064118764549175 -0.4188946331782919 0.031198977917046733 168989803644561
-1.43936874210809 -1.0562338706051335 0.4814777370211374 168989823786110
-0.5593563218114719 -1.3023113152341068 -0.08992767366433974 168989843928494
0.2745608409883227 -1.0495028607810344 -1.233502197525222 168989864069990
0.7673049227906581 -0.5812160581560768 -1.5051855470826776 168989884211748
0.8959728444825266 -0.12272431136861073 -1.1695781251661421 168989904353401
0.46625337324227134 0.1571306094988607 -0.7480526368516638 168989924495108
-0.18240501624993288 0.19593153838033928 -0.2646652540125811 168989944636814
-0.4614757708124464 0.10618370726677107 0.17542599991493524 168989964778259
-0.521487745556207 0.04915595018841579 0.3626796671194481 168989984919860
-0.4678615831637156 -0.03027973203676737 0.1545358235393084 168990005061358
0.1672146397190275 -0.1292897035981646 -0.029899173199803286 168990025202907
0.847028547712722 -0.254408325378531 -0.08478359637234245 168990045344716
0.9643782092639277 -0.19269902358407442 -0.15232394741037392 168990065486110
0.49207141506739216 -0.06123929699225883 -0.4419397243345491 168990085628129
-0.21880624685233618 0.023347429593693292 -0.42211867399888936 168990105769365
