0.19304645190740932 -0.051264840562618375 -0.3313209897671321 168994315526332
0.2790343294946773 0.12671273692490637 -0.823381987126206 168994335505121
0.17811027609574204 0.10425104891492509 -0.41079299204471464 168994355646879
0.04694378728284376 0.08738033131944078 0.1794954891767282 168994375788219
0.224688818888775 0.22035592521180192 0.22118428196638273 168994395929821
0.3728418754235199 0.4271026112631908 -0.12698323848939364 168994416217256
-0.09502483950493401 0.5220775968230527 -0.2195431337602649 168994436213129
-0.3877874497289473 0.44667819073969284 0.13322779767928816 168994456355824
-0.08626755743940784 0.24234011118550391 0.40206563658093053 168994476497165
0.12771446967347355 0.09591066316715313 0.39163541942099434 168994496637777
0.3393053648012787 0.25958985865872286 0.21919212459929538 168994516779379
1.301742143403523 0.6689878048957283 0.5924191293669363 168994536921137
1.2763424451915686 0.959445615010333 0.1428195808372994 168994557062477
-0.5138015321279952 0.8422757302895167 -0.8108664056426607 168994577205485
-2.1427062647648962 0.1777878693878634 -0.3309074799828786 168994597346932
-2.361149875093167 -0.7063903099584596 1.1931597582011975 168994617488584
-1.5729286891370338 -1.3211425214042674 1.7914662831234578 168994637630135
-0.49459783412212666 -1.5083666538421632 0.5044865030612664 168994657771631
0.984778275671049 -1.1227821902612316 -1.4046261295822369 168994677913546
1.9406424447555892 -0.43376042017773564 -1.9741647708532897 168994698054886
1.7176140534607214 0.14478853885781184 -1.6934797659013818 168994718196905
-0.19537897207517285 0.4056257529612495 -1.0979234611586055 168994738338141
-1.8360883339101384 0.3961192547127492 -0.11723037048938445 168994758479847
-1.800035217909361 0.1835946225202001 0.9022484184522424 168994778621450
-0.6717420415149888 -0.070397251202591 1.0477630902305437 168994798762894
0.297164472256759 -0.3009467072120735 0.017458519059434963 168994818903402
0.950573374680407 -0.39975394780090845 -0.5374369933462022 168994839045211
1.0251925864630755 -0.4570223965219764 -0.4940365087394618 168994859186605
1.0832277996392106 -0.30253197971758006 -0.03886934371031936 168994879328207
0.6869069467426185 -0.14513837674281405 0.1882648765942445 168994899469860
0.5262345417690948 0.09366713063699805 0.05683748721289561 168994919611462
