0.46610482265259434 0.0320819622167825 -0.18323373756895234 168996148239904
-0.12267278250292457 0.1770937924296767 -0.03208503693016196 168996168381192
-0.5711362728773399 0.28577903784999137 0.38105804467462034 168996188523106
-0.8462400729893718 0.33210223418624274 1.1170168458959466 168996208664396
-0.8824241872977474 0.46607241234899455 1.2539406251542573 168996228806049
-0.754877338119448 0.5894106642541956 0.7514679298109059 168996248947755
0.14764842247319176 0.8627638829658562 0.4208764922862249 168996269089512
1.9409458864160536 0.9887584696539342 0.8357368383602299 168996289229813
1.500388545070343 0.9145175179106477 -0.5490863105618162 168996309371361
-1.0792790076937258 0.5647561041722682 -0.794969732043203 168996329513276
-2.5058182256862307 -0.4394060541621858 1.4765852495216878 168996349656127
-1.8114050688302346 -1.214964784735999 3.1639342152423504 168996369797624
-0.44067678943918764 -1.2752188981012988 2.09206045813138 168996389938862
0.2775611075111497 -1.0309173059810401 0.15353117900510416 168996410080567
0.9188262297589196 -0.812075153378581 -1.016371834139667 168996430222065
1.3358544408383857 -0.5027973297341148 -1.4804314516867336 168996450363718
1.0531195878269586 -0.14487702394354152 -1.3187689894743873 168996470505841
0.20585016244906695 0.07320970897016643 -1.04858208611076 168996490647234
-0.6733447723844965 0.032334857019883145 -0.459397895451108 168996510788940
-0.7504311890013473 -0.13472781750909313 0.12628051176411326 168996530930021
-0.35560618166982794 -0.3086855743197745 0.7221303664425407 168996551071674
0.023290933570387473 -0.2699709203933196 0.8308659142477826 168996571213589
0.08357415310630989 -0.09195329881465497 0.10109409858572604 168996591354929
-0.10868999392120227 0.013412458604525668 -0.5342492328501693 168996611496687
-0.02299935841821199 -0.054760755772630176 -0.48596872221763565 168996631638185
0.18330949764043059 -0.1401709093056045 -0.2617852316803586 168996651783588
0.24477992233109447 -0.10503223525698324 -0.1150190056567868 168996671920606
0.2859728636461254 0.030695891481913762 -0.24295514593167944 168996692061843
