0.3525651109342971 0.006359913728148925 0.10584623475655253 168992542902269
0.1823206434349378 0.3000464270762695 -0.364236586413508 168992563043924
-0.07822795790829984 0.4238750322860163 -0.3634595816308064 168992583185680
-0.1725310967953897 0.4314950453600641 -0.08058700124214502 168992603327438
-0.11577145946756184 0.41907298941305093 0.18826477400628394 168992623468727
0.04848390664470048 0.41831503215544075 0.3006118192050271 168992643610382
0.07961964484701034 0.475484545255604 0.21854121317652164 168992663751932
-0.05327205755989173 0.4672040424544832 0.14886861507246718 168992683893792
-0.027053681204163293 0.37814555818233586 0.3240631537767238 168992704036437
0.03599865659916923 0.30351742310836904 0.5779883159901291 168992724178663
-0.09998525440816475 0.34786764942419524 0.4733403598233532 168992744319952
0.3886397261609682 0.49450505703935654 0.33882853785868283 168992764461448
1.5776476207725247 0.6674668386002356 0.5475765021619461 168992784603415
0.8824916317742698 0.7759290372864385 -0.03591340764544304 168992804744651
-1.5610110891118343 0.5109898118604015 0.07800755513364566 168992824886357
-2.7925832853519674 -0.4676485801991781 1.6812659073881666 168992845026658
-1.761092995469074 -1.3512184735343435 2.7128105774730336 168992865169249
0.13173839659349085 -1.5977106186712255 1.2993500244784268 168992885310798
1.2614576118060428 -1.2102119519682297 -1.0290990819797585 168992905452452
1.2930772222573343 -0.5453668271995831 -2.082861785115057 168992925594002
0.5119031840558674 -0.10470166488466681 -1.3301444085607956 168992945735707
-0.276012120724056 -0.12807285534523416 0.1773151372138635 168992965877204
-0.5395230754854947 -0.2805710772449377 0.8506289652398409 168992986018858
-0.45268779632589573 -0.3116394789834498 0.32513207844187253 168993006160459
-0.1548260183107164 -0.2537549425617591 -0.5819475599027522 168993026302218
0.13428127519517696 -0.20164897358065836 -0.8598329502659516 168993046443610
0.28284005921864175 -0.22355062417702598 -0.5833985867752616 168993066585212
0.2198389419061635 -0.2534742884041208 -0.15590343973270926 168993086726917
0.05741412227493092 -0.21475452837954556 -0.08714950959866741 168993106868415
-0.05408090921130526 -0.11665225551613645 -0.21990271314768384 168993127009860
-0.014858965650294209 0.045374484649590485 -0.25956474864314716 168993147151671
