0.5661030324305736 0.0758060360349031 -0.9161008143842881 169016612111005
0.3288467814132088 0.26009551242167284 -0.6951609249449306 169016632252554
0.19216678059931702 0.4734450622810886 -0.4563484665184445 169016652394260
-0.019911595051796294 0.7038170849811216 0.32538753537899434 169016672535705
-0.45417390494768717 0.6556317929848969 0.9460888368969456 169016692677308
-0.30292652630189987 0.5982725242316675 0.8367172609238065 169016712818857
0.010368739895980195 0.8330979998540844 0.3260876759265452 169016732959885
-0.06420256667696567 0.7592030092582682 0.06476418370998616 169016753101434
-0.12193090099782244 0.6135513722503649 0.2352952336867391 169016773243088
0.045729204982992044 0.40196170326904124 0.49130015179314124 169016793384586
0.26559947726764355 0.41079055402148335 0.2910992034657629 169016813526395
0.34867342947036484 0.5607979705609374 0.10114108152261014 169016833668049
0.19315993498254191 0.4904718725424999 0.3123947988118383 169016853809494
0.015245721423533531 0.38095171678400064 0.15744757733072046 169016873950992
0.22964042479507696 0.2768438929584516 -0.05689105922917381 169016894092593
-0.27986187891393843 -0.0952118973519891 0.528034515897911 169016914234351
-1.4597659679749009 -0.9020850452253413 1.701321655687079 169016934375796
-1.1981350400049209 -1.7432500674302727 2.214975781580913 169016954517607
0.6048830812773134 -1.8054032766004688 1.11101871120223 169016974658999
1.5793410353343507 -1.1330189103428747 -0.7288608122882159 169016994800601
0.8135094493612307 -0.33302645639929906 -1.9453445092055732 169017014942255
-0.5131694912922655 -0.004507102619438541 -1.5923107636144587 169017035083909
-0.5131694912922655 -0.004507102619438541 -1.5923107636144587 169017035083909
-1.0810800266275624 -0.11227267428304977 -0.482906228079067 169017055225459
-0.6304646072395501 -0.2983630613014405 0.3445588065992462 169017075367319
-0.048036236572890134 -0.4440249216974017 0.6531006585606471 169017095508713
0.20815304199168794 -0.45796651938917243 0.4239575776297677 169017115651199
0.21414206249960044 -0.3582311256675883 -0.013287551177435741 169017135792854
0.29439714609343026 -0.20333294740906993 -0.5519386346919486 169017155934404
0.48122084187474434 -0.018122900896006655 -0.6585186811910586 169017176075640
0.35182237662479543 -0.03689822306055568 -0.034285648077847064 169017196217398
0.17679481536233643 -0.1683857659484449 0.6863532198189723 169017216358895
-0.05517059302263072 -0.041886347133756274 0.7379985914801779 169017236500445
