.1656313487417873 0.16972495307459567 0.1776196727255006 169016088429313
0.3162941414934297 0.35904656402217583 0.01461771083665031 169016108571121
0.15293765694474382 0.5030941848114914 -0.12868669070567984 169016128712515
-0.10063571428795504 0.5921237853491927 0.08848131149795613 169016148854064
-0.31625075893036403 0.6441580126543549 0.09606581091711508 169016168995875
-0.2804664274567912 0.5853581484047332 0.14856895732744224 169016189137373
-0.22454404040293285 0.5664432570050373 0.7072462791432041 169016209279025
-0.14579734169734637 0.6163259923227802 1.2815929217520634 169016229420575
-0.21766326398287728 0.7703435087019752 0.36224943505790064 169016249562177
-0.742331294780052 1.1558744163365802 -1.4550734988286798 169016269703778
-1.2322439420740419 1.0085252166630134 -1.2967492287504436 169016289845432
-1.4511638060029837 -0.31202748291958926 -0.14650582831285508 169016309987190
-0.9620907127711371 -1.208557533210671 0.463874438912216 169016330128739
-0.17562960146690987 -1.6224978820372868 -0.22506744105772736 169016350270601
0.9107170219514718 -1.6753176415673305 -0.6172976051899317 169016370411682
1.4544036956861777 -1.1749098749726148 -1.2885036114956954 169016390553283
1.5590795971739422 -0.11768668904059254 -2.0391402915403063 169016410694938
0.8262187558641538 0.2567051409550256 -2.1183727801072454 169016430836642
0.09648525859757306 0.30269077292027013 -0.8705893373670461 169016450978245
-0.8338225353094415 -0.18470285041378354 0.7919196433876132 169016471119950
-1.5305956259038034 -0.4959068115810279 1.7723540740850907 169016491261343
-0.7119032585355427 -0.5482513281710713 1.3486327709868227 169016511403206
0.30486704160906575 -0.25592283988060593 0.6102782871019581 169016531544494
0.5078096489122528 -0.4254658109669851 0.24975827421281638 169016551686304
0.5656959613173023 -0.4192422776798388 -0.228721212660997 169016571828062
0.7127862612413418 -0.15011550183137068 -0.7030941576287975 169016591969351
0.5661030324305736 0.0758060360349031 -0.9161008143842881 169016612111005
